outline_id,1976,1977,1978,1979,1980,1981,1982,1983,1984,1985,1986,1987,1988,1989,1990,1991,1992,1993,1994,1995,1996,1997,1998,1999,2000,2001,2002,2003,2004,2005,2006,2007,2008,2009,2010,2011,2012,2013,2014,2015,2016,2017,2018,2019,2020,2021,2022,2023,2024,2025
RGI60-19.00001,0.921,0.921,0.921,0.921,0.921,0.921,0.921,0.921,0.921,0.921,0.921,0.921,0.921,0.921,0.921,0.921,0.921,0.921,0.921,0.921,0.921,0.921,0.921,0.921,0.281,0.281,0.354,0.354,0.354,0.354,0.354,0.354,0.354,0.354,0.354,0.354,0.354,0.354,0.354,0.354,0.354,0.354,0.354,0.354,0.354,0.354,0.354,0.354,0.354,0.354
RGI60-19.00002,0.921,0.921,0.921,0.921,0.921,0.921,0.921,0.921,0.921,0.921,0.921,0.921,0.921,0.921,0.921,0.921,0.921,0.921,0.921,0.921,0.921,0.921,0.921,0.921,0.279,0.279,0.354,0.354,0.354,0.354,0.354,0.354,0.354,0.354,0.354,0.354,0.354,0.354,0.354,0.354,0.354,0.354,0.354,0.354,0.354,0.354,0.354,0.354,0.354,0.354
RGI60-19.00003,0.921,0.921,0.921,0.921,0.921,0.921,0.921,0.921,0.921,0.921,0.921,0.921,0.921,0.921,0.921,0.921,0.921,0.921,0.921,0.921,0.921,0.921,0.921,0.921,0.279,0.279,0.354,0.354,0.354,0.354,0.354,0.354,0.354,0.354,0.354,0.354,0.354,0.354,0.354,0.354,0.354,0.354,0.354,0.354,0.354,0.354,0.354,0.354,0.354,0.354
RGI60-19.00004,0.921,0.921,0.921,0.921,0.921,0.921,0.921,0.921,0.921,0.921,0.921,0.921,0.921,0.921,0.921,0.921,0.921,0.921,0.921,0.921,0.921,0.921,0.921,0.921,0.279,0.279,0.354,0.354,0.354,0.354,0.354,0.354,0.354,0.354,0.354,0.354,0.354,0.354,0.354,0.354,0.354,0.354,0.354,0.354,0.354,0.354,0.354,0.354,0.354,0.354
RGI60-19.00005,0.921,0.921,0.921,0.921,0.921,0.921,0.921,0.921,0.921,0.921,0.921,0.921,0.921,0.921,0.921,0.921,0.921,0.921,0.921,0.921,0.921,0.921,0.921,0.921,0.279,0.279,0.354,0.354,0.354,0.354,0.354,0.354,0.354,0.354,0.354,0.354,0.354,0.354,0.354,0.354,0.354,0.354,0.354,0.354,0.354,0.354,0.354,0.354,0.354,0.354
RGI60-19.00006,0.923,0.923,0.923,0.923,0.923,0.923,0.923,0.923,0.923,0.923,0.923,0.923,0.923,0.923,0.923,0.923,0.923,0.923,0.923,0.923,0.923,0.923,0.923,0.923,0.282,0.282,0.357,0.357,0.357,0.357,0.357,0.357,0.357,0.357,0.357,0.357,0.357,0.357,0.357,0.357,0.357,0.357,0.357,0.357,0.357,0.357,0.357,0.357,0.357,0.357
RGI60-19.00007,0.924,0.924,0.924,0.924,0.924,0.924,0.924,0.924,0.924,0.924,0.924,0.924,0.924,0.924,0.924,0.924,0.924,0.924,0.924,0.924,0.924,0.924,0.924,0.924,0.284,0.284,0.361,0.361,0.361,0.361,0.361,0.361,0.361,0.361,0.361,0.361,0.361,0.361,0.361,0.361,0.361,0.361,0.361,0.361,0.361,0.361,0.361,0.361,0.361,0.361
RGI60-19.00008,0.924,0.924,0.924,0.924,0.924,0.924,0.924,0.924,0.924,0.924,0.924,0.924,0.924,0.924,0.924,0.924,0.924,0.924,0.924,0.924,0.924,0.924,0.924,0.924,0.284,0.284,0.361,0.361,0.361,0.361,0.361,0.361,0.361,0.361,0.361,0.361,0.361,0.361,0.361,0.361,0.361,0.361,0.361,0.361,0.361,0.361,0.361,0.361,0.361,0.361
RGI60-19.00009,0.924,0.924,0.924,0.924,0.924,0.924,0.924,0.924,0.924,0.924,0.924,0.924,0.924,0.924,0.924,0.924,0.924,0.924,0.924,0.924,0.924,0.924,0.924,0.924,0.284,0.284,0.361,0.361,0.361,0.361,0.361,0.361,0.361,0.361,0.361,0.361,0.361,0.361,0.361,0.361,0.361,0.361,0.361,0.361,0.361,0.361,0.361,0.361,0.361,0.361
RGI60-19.00010,0.924,0.924,0.924,0.924,0.924,0.924,0.924,0.924,0.924,0.924,0.924,0.924,0.924,0.924,0.924,0.924,0.924,0.924,0.924,0.924,0.924,0.924,0.924,0.924,0.284,0.284,0.361,0.361,0.361,0.361,0.361,0.361,0.361,0.361,0.361,0.361,0.361,0.361,0.361,0.361,0.361,0.361,0.361,0.361,0.361,0.361,0.361,0.361,0.361,0.361
RGI60-19.00011,0.923,0.923,0.923,0.923,0.923,0.923,0.923,0.923,0.923,0.923,0.923,0.923,0.923,0.923,0.923,0.923,0.923,0.923,0.923,0.923,0.923,0.923,0.923,0.923,0.283,0.283,0.358,0.358,0.358,0.358,0.358,0.358,0.358,0.358,0.358,0.358,0.358,0.358,0.358,0.358,0.358,0.358,0.358,0.358,0.358,0.358,0.358,0.358,0.358,0.358
RGI60-19.00012,0.923,0.923,0.923,0.923,0.923,0.923,0.923,0.923,0.923,0.923,0.923,0.923,0.923,0.923,0.923,0.923,0.923,0.923,0.923,0.923,0.923,0.923,0.923,0.923,0.283,0.283,0.358,0.358,0.358,0.358,0.358,0.358,0.358,0.358,0.358,0.358,0.358,0.358,0.358,0.358,0.358,0.358,0.358,0.358,0.358,0.358,0.358,0.358,0.358,0.358
RGI60-19.00013,0.923,0.923,0.923,0.923,0.923,0.923,0.923,0.923,0.923,0.923,0.923,0.923,0.923,0.923,0.923,0.923,0.923,0.923,0.923,0.923,0.923,0.923,0.923,0.923,0.283,0.283,0.36,0.36,0.36,0.36,0.36,0.36,0.36,0.36,0.36,0.36,0.36,0.36,0.36,0.36,0.36,0.36,0.36,0.36,0.36,0.36,0.36,0.36,0.36,0.36
RGI60-19.00014,0.922,0.922,0.922,0.922,0.922,0.922,0.922,0.922,0.922,0.922,0.922,0.922,0.922,0.922,0.922,0.922,0.922,0.922,0.922,0.922,0.922,0.922,0.922,0.922,0.282,0.282,0.356,0.356,0.356,0.356,0.356,0.356,0.356,0.356,0.356,0.356,0.356,0.356,0.356,0.356,0.356,0.356,0.356,0.356,0.356,0.356,0.356,0.356,0.356,0.356
RGI60-19.00015,0.924,0.924,0.924,0.924,0.924,0.924,0.924,0.924,0.924,0.924,0.924,0.924,0.924,0.924,0.924,0.924,0.924,0.924,0.924,0.924,0.924,0.924,0.924,0.924,0.284,0.284,0.36,0.36,0.36,0.36,0.36,0.36,0.36,0.36,0.36,0.36,0.36,0.36,0.36,0.36,0.36,0.36,0.36,0.36,0.36,0.36,0.36,0.36,0.36,0.36
RGI60-19.00016,0.924,0.924,0.924,0.924,0.924,0.924,0.924,0.924,0.924,0.924,0.924,0.924,0.924,0.924,0.924,0.924,0.924,0.924,0.924,0.924,0.924,0.924,0.924,0.924,0.284,0.284,0.361,0.361,0.361,0.361,0.361,0.361,0.361,0.361,0.361,0.361,0.361,0.361,0.361,0.361,0.361,0.361,0.361,0.361,0.361,0.361,0.361,0.361,0.361,0.361
RGI60-19.00017,0.924,0.924,0.924,0.924,0.924,0.924,0.924,0.924,0.924,0.924,0.924,0.924,0.924,0.924,0.924,0.924,0.924,0.924,0.924,0.924,0.924,0.924,0.924,0.924,0.284,0.284,0.361,0.361,0.361,0.361,0.361,0.361,0.361,0.361,0.361,0.361,0.361,0.361,0.361,0.361,0.361,0.361,0.361,0.361,0.361,0.361,0.361,0.361,0.361,0.361
RGI60-19.00018,0.924,0.924,0.924,0.924,0.924,0.924,0.924,0.924,0.924,0.924,0.924,0.924,0.924,0.924,0.924,0.924,0.924,0.924,0.924,0.924,0.924,0.924,0.924,0.924,0.284,0.284,0.361,0.361,0.361,0.361,0.361,0.361,0.361,0.361,0.361,0.361,0.361,0.361,0.361,0.361,0.361,0.361,0.361,0.361,0.361,0.361,0.361,0.361,0.361,0.361
RGI60-19.00019,0.924,0.924,0.924,0.924,0.924,0.924,0.924,0.924,0.924,0.924,0.924,0.924,0.924,0.924,0.924,0.924,0.924,0.924,0.924,0.924,0.924,0.924,0.924,0.924,0.284,0.284,0.361,0.361,0.361,0.361,0.361,0.361,0.361,0.361,0.361,0.361,0.361,0.361,0.361,0.361,0.361,0.361,0.361,0.361,0.361,0.361,0.361,0.361,0.361,0.361
RGI60-19.00020,0.924,0.924,0.924,0.924,0.924,0.924,0.924,0.924,0.924,0.924,0.924,0.924,0.924,0.924,0.924,0.924,0.924,0.924,0.924,0.924,0.924,0.924,0.924,0.924,0.284,0.284,0.36,0.36,0.36,0.36,0.36,0.36,0.36,0.36,0.36,0.36,0.36,0.36,0.36,0.36,0.36,0.36,0.36,0.36,0.36,0.36,0.36,0.36,0.36,0.36
RGI60-19.00021,0.945,0.945,0.945,0.945,0.945,0.945,0.945,0.945,0.945,0.945,0.945,0.945,0.945,0.945,0.945,0.945,0.945,0.945,0.945,0.945,0.945,0.945,0.945,0.945,0.315,0.315,0.409,0.409,0.409,0.409,0.409,0.409,0.409,0.409,0.409,0.409,0.409,0.409,0.409,0.409,0.409,0.409,0.409,0.409,0.409,0.409,0.409,0.409,0.409,0.409
RGI60-19.00022,0.945,0.945,0.945,0.945,0.945,0.945,0.945,0.945,0.945,0.945,0.945,0.945,0.945,0.945,0.945,0.945,0.945,0.945,0.945,0.945,0.945,0.945,0.945,0.945,0.315,0.315,0.409,0.409,0.409,0.409,0.409,0.409,0.409,0.409,0.409,0.409,0.409,0.409,0.409,0.409,0.409,0.409,0.409,0.409,0.409,0.409,0.409,0.409,0.409,0.409
RGI60-19.00023,0.924,0.924,0.924,0.924,0.924,0.924,0.924,0.924,0.924,0.924,0.924,0.924,0.924,0.924,0.924,0.924,0.924,0.924,0.924,0.924,0.924,0.924,0.924,0.924,0.284,0.284,0.361,0.361,0.361,0.361,0.361,0.361,0.361,0.361,0.361,0.361,0.361,0.361,0.361,0.361,0.361,0.361,0.361,0.361,0.361,0.361,0.361,0.361,0.361,0.361
RGI60-19.00024,0.924,0.924,0.924,0.924,0.924,0.924,0.924,0.924,0.924,0.924,0.924,0.924,0.924,0.924,0.924,0.924,0.924,0.924,0.924,0.924,0.924,0.924,0.924,0.924,0.284,0.284,0.361,0.361,0.361,0.361,0.361,0.361,0.361,0.361,0.361,0.361,0.361,0.361,0.361,0.361,0.361,0.361,0.361,0.361,0.361,0.361,0.361,0.361,0.361,0.361
RGI60-19.00025,0.924,0.924,0.924,0.924,0.924,0.924,0.924,0.924,0.924,0.924,0.924,0.924,0.924,0.924,0.924,0.924,0.924,0.924,0.924,0.924,0.924,0.924,0.924,0.924,0.284,0.284,0.361,0.361,0.361,0.361,0.361,0.361,0.361,0.361,0.361,0.361,0.361,0.361,0.361,0.361,0.361,0.361,0.361,0.361,0.361,0.361,0.361,0.361,0.361,0.361
RGI60-19.00026,0.924,0.924,0.924,0.924,0.924,0.924,0.924,0.924,0.924,0.924,0.924,0.924,0.924,0.924,0.924,0.924,0.924,0.924,0.924,0.924,0.924,0.924,0.924,0.924,0.284,0.284,0.361,0.361,0.361,0.361,0.361,0.361,0.361,0.361,0.361,0.361,0.361,0.361,0.361,0.361,0.361,0.361,0.361,0.361,0.361,0.361,0.361,0.361,0.361,0.361
RGI60-19.00027,0.922,0.922,0.922,0.922,0.922,0.922,0.922,0.922,0.922,0.922,0.922,0.922,0.922,0.922,0.922,0.922,0.922,0.922,0.922,0.922,0.922,0.922,0.922,0.922,0.282,0.282,0.356,0.356,0.356,0.356,0.356,0.356,0.356,0.356,0.356,0.356,0.356,0.356,0.356,0.356,0.356,0.356,0.356,0.356,0.356,0.356,0.356,0.356,0.356,0.356
RGI60-19.00028,0.922,0.922,0.922,0.922,0.922,0.922,0.922,0.922,0.922,0.922,0.922,0.922,0.922,0.922,0.922,0.922,0.922,0.922,0.922,0.922,0.922,0.922,0.922,0.922,0.282,0.282,0.356,0.356,0.356,0.356,0.356,0.356,0.356,0.356,0.356,0.356,0.356,0.356,0.356,0.356,0.356,0.356,0.356,0.356,0.356,0.356,0.356,0.356,0.356,0.356
RGI60-19.00029,0.923,0.923,0.923,0.923,0.923,0.923,0.923,0.923,0.923,0.923,0.923,0.923,0.923,0.923,0.923,0.923,0.923,0.923,0.923,0.923,0.923,0.923,0.923,0.923,0.284,0.284,0.36,0.36,0.36,0.36,0.36,0.36,0.36,0.36,0.36,0.36,0.36,0.36,0.36,0.36,0.36,0.36,0.36,0.36,0.36,0.36,0.36,0.36,0.36,0.36
RGI60-19.00030,0.923,0.923,0.923,0.923,0.923,0.923,0.923,0.923,0.923,0.923,0.923,0.923,0.923,0.923,0.923,0.923,0.923,0.923,0.923,0.923,0.923,0.923,0.923,0.923,0.282,0.282,0.358,0.358,0.358,0.358,0.358,0.358,0.358,0.358,0.358,0.358,0.358,0.358,0.358,0.358,0.358,0.358,0.358,0.358,0.358,0.358,0.358,0.358,0.358,0.358
RGI60-19.00031,0.923,0.923,0.923,0.923,0.923,0.923,0.923,0.923,0.923,0.923,0.923,0.923,0.923,0.923,0.923,0.923,0.923,0.923,0.923,0.923,0.923,0.923,0.923,0.923,0.282,0.282,0.358,0.358,0.358,0.358,0.358,0.358,0.358,0.358,0.358,0.358,0.358,0.358,0.358,0.358,0.358,0.358,0.358,0.358,0.358,0.358,0.358,0.358,0.358,0.358
RGI60-19.00032,0.921,0.921,0.921,0.921,0.921,0.921,0.921,0.921,0.921,0.921,0.921,0.921,0.921,0.921,0.921,0.921,0.921,0.921,0.921,0.921,0.921,0.921,0.921,0.921,0.28,0.28,0.353,0.353,0.353,0.353,0.353,0.353,0.353,0.353,0.353,0.353,0.353,0.353,0.353,0.353,0.353,0.353,0.353,0.353,0.353,0.353,0.353,0.353,0.353,0.353
RGI60-19.00033,0.923,0.923,0.923,0.923,0.923,0.923,0.923,0.923,0.923,0.923,0.923,0.923,0.923,0.923,0.923,0.923,0.923,0.923,0.923,0.923,0.923,0.923,0.923,0.923,0.282,0.282,0.358,0.358,0.358,0.358,0.358,0.358,0.358,0.358,0.358,0.358,0.358,0.358,0.358,0.358,0.358,0.358,0.358,0.358,0.358,0.358,0.358,0.358,0.358,0.358
RGI60-19.00034,0.923,0.923,0.923,0.923,0.923,0.923,0.923,0.923,0.923,0.923,0.923,0.923,0.923,0.923,0.923,0.923,0.923,0.923,0.923,0.923,0.923,0.923,0.923,0.923,0.282,0.282,0.358,0.358,0.358,0.358,0.358,0.358,0.358,0.358,0.358,0.358,0.358,0.358,0.358,0.358,0.358,0.358,0.358,0.358,0.358,0.358,0.358,0.358,0.358,0.358
RGI60-19.00035,0.921,0.921,0.921,0.921,0.921,0.921,0.921,0.921,0.921,0.921,0.921,0.921,0.921,0.921,0.921,0.921,0.921,0.921,0.921,0.921,0.921,0.921,0.921,0.921,0.278,0.278,0.353,0.353,0.353,0.353,0.353,0.353,0.353,0.353,0.353,0.353,0.353,0.353,0.353,0.353,0.353,0.353,0.353,0.353,0.353,0.353,0.353,0.353,0.353,0.353
RGI60-19.00036,0.922,0.922,0.922,0.922,0.922,0.922,0.922,0.922,0.922,0.922,0.922,0.922,0.922,0.922,0.922,0.922,0.922,0.922,0.922,0.922,0.922,0.922,0.922,0.922,0.282,0.282,0.357,0.357,0.357,0.357,0.357,0.357,0.357,0.357,0.357,0.357,0.357,0.357,0.357,0.357,0.357,0.357,0.357,0.357,0.357,0.357,0.357,0.357,0.357,0.357
RGI60-19.00037,0.923,0.923,0.923,0.923,0.923,0.923,0.923,0.923,0.923,0.923,0.923,0.923,0.923,0.923,0.923,0.923,0.923,0.923,0.923,0.923,0.923,0.923,0.923,0.923,0.283,0.283,0.358,0.358,0.358,0.358,0.358,0.358,0.358,0.358,0.358,0.358,0.358,0.358,0.358,0.358,0.358,0.358,0.358,0.358,0.358,0.358,0.358,0.358,0.358,0.358
RGI60-19.00038,0.922,0.922,0.922,0.922,0.922,0.922,0.922,0.922,0.922,0.922,0.922,0.922,0.922,0.922,0.922,0.922,0.922,0.922,0.922,0.922,0.922,0.922,0.922,0.922,0.282,0.282,0.357,0.357,0.357,0.357,0.357,0.357,0.357,0.357,0.357,0.357,0.357,0.357,0.357,0.357,0.357,0.357,0.357,0.357,0.357,0.357,0.357,0.357,0.357,0.357
RGI60-19.00039,0.923,0.923,0.923,0.923,0.923,0.923,0.923,0.923,0.923,0.923,0.923,0.923,0.923,0.923,0.923,0.923,0.923,0.923,0.923,0.923,0.923,0.923,0.923,0.923,0.283,0.283,0.357,0.357,0.357,0.357,0.357,0.357,0.357,0.357,0.357,0.357,0.357,0.357,0.357,0.357,0.357,0.357,0.357,0.357,0.357,0.357,0.357,0.357,0.357,0.357
RGI60-19.00040,0.924,0.924,0.924,0.924,0.924,0.924,0.924,0.924,0.924,0.924,0.924,0.924,0.924,0.924,0.924,0.924,0.924,0.924,0.924,0.924,0.924,0.924,0.924,0.924,0.284,0.284,0.36,0.36,0.36,0.36,0.36,0.36,0.36,0.36,0.36,0.36,0.36,0.36,0.36,0.36,0.36,0.36,0.36,0.36,0.36,0.36,0.36,0.36,0.36,0.36
RGI60-19.00041,0.924,0.924,0.924,0.924,0.924,0.924,0.924,0.924,0.924,0.924,0.924,0.924,0.924,0.924,0.924,0.924,0.924,0.924,0.924,0.924,0.924,0.924,0.924,0.924,0.284,0.284,0.36,0.36,0.36,0.36,0.36,0.36,0.36,0.36,0.36,0.36,0.36,0.36,0.36,0.36,0.36,0.36,0.36,0.36,0.36,0.36,0.36,0.36,0.36,0.36
RGI60-19.00042,0.924,0.924,0.924,0.924,0.924,0.924,0.924,0.924,0.924,0.924,0.924,0.924,0.924,0.924,0.924,0.924,0.924,0.924,0.924,0.924,0.924,0.924,0.924,0.924,0.284,0.284,0.361,0.361,0.361,0.361,0.361,0.361,0.361,0.361,0.361,0.361,0.361,0.361,0.361,0.361,0.361,0.361,0.361,0.361,0.361,0.361,0.361,0.361,0.361,0.361
RGI60-19.00043,0.925,0.925,0.925,0.925,0.925,0.925,0.925,0.925,0.925,0.925,0.925,0.925,0.925,0.925,0.925,0.925,0.925,0.925,0.925,0.925,0.925,0.925,0.925,0.925,0.286,0.286,0.363,0.363,0.363,0.363,0.363,0.363,0.363,0.363,0.363,0.363,0.363,0.363,0.363,0.363,0.363,0.363,0.363,0.363,0.363,0.363,0.363,0.363,0.363,0.363
RGI60-19.00044,0.925,0.925,0.925,0.925,0.925,0.925,0.925,0.925,0.925,0.925,0.925,0.925,0.925,0.925,0.925,0.925,0.925,0.925,0.925,0.925,0.925,0.925,0.925,0.925,0.286,0.286,0.363,0.363,0.363,0.363,0.363,0.363,0.363,0.363,0.363,0.363,0.363,0.363,0.363,0.363,0.363,0.363,0.363,0.363,0.363,0.363,0.363,0.363,0.363,0.363
RGI60-19.00045,0.925,0.925,0.925,0.925,0.925,0.925,0.925,0.925,0.925,0.925,0.925,0.925,0.925,0.925,0.925,0.925,0.925,0.925,0.925,0.925,0.925,0.925,0.925,0.925,0.286,0.286,0.363,0.363,0.363,0.363,0.363,0.363,0.363,0.363,0.363,0.363,0.363,0.363,0.363,0.363,0.363,0.363,0.363,0.363,0.363,0.363,0.363,0.363,0.363,0.363
RGI60-19.00046,0.925,0.925,0.925,0.925,0.925,0.925,0.925,0.925,0.925,0.925,0.925,0.925,0.925,0.925,0.925,0.925,0.925,0.925,0.925,0.925,0.925,0.925,0.925,0.925,0.286,0.286,0.363,0.363,0.363,0.363,0.363,0.363,0.363,0.363,0.363,0.363,0.363,0.363,0.363,0.363,0.363,0.363,0.363,0.363,0.363,0.363,0.363,0.363,0.363,0.363
RGI60-19.00047,0.925,0.925,0.925,0.925,0.925,0.925,0.925,0.925,0.925,0.925,0.925,0.925,0.925,0.925,0.925,0.925,0.925,0.925,0.925,0.925,0.925,0.925,0.925,0.925,0.286,0.286,0.363,0.363,0.363,0.363,0.363,0.363,0.363,0.363,0.363,0.363,0.363,0.363,0.363,0.363,0.363,0.363,0.363,0.363,0.363,0.363,0.363,0.363,0.363,0.363
RGI60-19.00048,0.924,0.924,0.924,0.924,0.924,0.924,0.924,0.924,0.924,0.924,0.924,0.924,0.924,0.924,0.924,0.924,0.924,0.924,0.924,0.924,0.924,0.924,0.924,0.924,0.284,0.284,0.361,0.361,0.361,0.361,0.361,0.361,0.361,0.361,0.361,0.361,0.361,0.361,0.361,0.361,0.361,0.361,0.361,0.361,0.361,0.361,0.361,0.361,0.361,0.361
RGI60-19.00049,0.921,0.921,0.921,0.921,0.921,0.921,0.921,0.921,0.921,0.921,0.921,0.921,0.921,0.921,0.921,0.921,0.921,0.921,0.921,0.921,0.921,0.921,0.921,0.921,0.28,0.28,0.353,0.353,0.353,0.353,0.353,0.353,0.353,0.353,0.353,0.353,0.353,0.353,0.353,0.353,0.353,0.353,0.353,0.353,0.353,0.353,0.353,0.353,0.353,0.353
RGI60-19.00050,0.921,0.921,0.921,0.921,0.921,0.921,0.921,0.921,0.921,0.921,0.921,0.921,0.921,0.921,0.921,0.921,0.921,0.921,0.921,0.921,0.921,0.921,0.921,0.921,0.28,0.28,0.353,0.353,0.353,0.353,0.353,0.353,0.353,0.353,0.353,0.353,0.353,0.353,0.353,0.353,0.353,0.353,0.353,0.353,0.353,0.353,0.353,0.353,0.353,0.353
RGI60-19.00051,0.921,0.921,0.921,0.921,0.921,0.921,0.921,0.921,0.921,0.921,0.921,0.921,0.921,0.921,0.921,0.921,0.921,0.921,0.921,0.921,0.921,0.921,0.921,0.921,0.28,0.28,0.354,0.354,0.354,0.354,0.354,0.354,0.354,0.354,0.354,0.354,0.354,0.354,0.354,0.354,0.354,0.354,0.354,0.354,0.354,0.354,0.354,0.354,0.354,0.354
RGI60-19.00052,0.921,0.921,0.921,0.921,0.921,0.921,0.921,0.921,0.921,0.921,0.921,0.921,0.921,0.921,0.921,0.921,0.921,0.921,0.921,0.921,0.921,0.921,0.921,0.921,0.28,0.28,0.353,0.353,0.353,0.353,0.353,0.353,0.353,0.353,0.353,0.353,0.353,0.353,0.353,0.353,0.353,0.353,0.353,0.353,0.353,0.353,0.353,0.353,0.353,0.353
RGI60-19.00053,0.921,0.921,0.921,0.921,0.921,0.921,0.921,0.921,0.921,0.921,0.921,0.921,0.921,0.921,0.921,0.921,0.921,0.921,0.921,0.921,0.921,0.921,0.921,0.921,0.281,0.281,0.354,0.354,0.354,0.354,0.354,0.354,0.354,0.354,0.354,0.354,0.354,0.354,0.354,0.354,0.354,0.354,0.354,0.354,0.354,0.354,0.354,0.354,0.354,0.354
RGI60-19.00054,0.921,0.921,0.921,0.921,0.921,0.921,0.921,0.921,0.921,0.921,0.921,0.921,0.921,0.921,0.921,0.921,0.921,0.921,0.921,0.921,0.921,0.921,0.921,0.921,0.278,0.278,0.353,0.353,0.353,0.353,0.353,0.353,0.353,0.353,0.353,0.353,0.353,0.353,0.353,0.353,0.353,0.353,0.353,0.353,0.353,0.353,0.353,0.353,0.353,0.353
RGI60-19.00055,0.923,0.923,0.923,0.923,0.923,0.923,0.923,0.923,0.923,0.923,0.923,0.923,0.923,0.923,0.923,0.923,0.923,0.923,0.923,0.923,0.923,0.923,0.923,0.923,0.283,0.283,0.359,0.359,0.359,0.359,0.359,0.359,0.359,0.359,0.359,0.359,0.359,0.359,0.359,0.359,0.359,0.359,0.359,0.359,0.359,0.359,0.359,0.359,0.359,0.359
RGI60-19.00056,0.924,0.924,0.924,0.924,0.924,0.924,0.924,0.924,0.924,0.924,0.924,0.924,0.924,0.924,0.924,0.924,0.924,0.924,0.924,0.924,0.924,0.924,0.924,0.924,0.284,0.284,0.361,0.361,0.361,0.361,0.361,0.361,0.361,0.361,0.361,0.361,0.361,0.361,0.361,0.361,0.361,0.361,0.361,0.361,0.361,0.361,0.361,0.361,0.361,0.361
RGI60-19.00057,0.923,0.923,0.923,0.923,0.923,0.923,0.923,0.923,0.923,0.923,0.923,0.923,0.923,0.923,0.923,0.923,0.923,0.923,0.923,0.923,0.923,0.923,0.923,0.923,0.283,0.283,0.359,0.359,0.359,0.359,0.359,0.359,0.359,0.359,0.359,0.359,0.359,0.359,0.359,0.359,0.359,0.359,0.359,0.359,0.359,0.359,0.359,0.359,0.359,0.359
RGI60-19.00058,0.945,0.945,0.945,0.945,0.945,0.945,0.945,0.945,0.945,0.945,0.945,0.945,0.945,0.945,0.945,0.945,0.945,0.945,0.945,0.945,0.945,0.945,0.945,0.945,0.315,0.315,0.409,0.409,0.409,0.409,0.409,0.409,0.409,0.409,0.409,0.409,0.409,0.409,0.409,0.409,0.409,0.409,0.409,0.409,0.409,0.409,0.409,0.409,0.409,0.409
RGI60-19.00059,0.923,0.923,0.923,0.923,0.923,0.923,0.923,0.923,0.923,0.923,0.923,0.923,0.923,0.923,0.923,0.923,0.923,0.923,0.923,0.923,0.923,0.923,0.923,0.923,0.283,0.283,0.36,0.36,0.36,0.36,0.36,0.36,0.36,0.36,0.36,0.36,0.36,0.36,0.36,0.36,0.36,0.36,0.36,0.36,0.36,0.36,0.36,0.36,0.36,0.36
RGI60-19.00060,0.923,0.923,0.923,0.923,0.923,0.923,0.923,0.923,0.923,0.923,0.923,0.923,0.923,0.923,0.923,0.923,0.923,0.923,0.923,0.923,0.923,0.923,0.923,0.923,0.283,0.283,0.36,0.36,0.36,0.36,0.36,0.36,0.36,0.36,0.36,0.36,0.36,0.36,0.36,0.36,0.36,0.36,0.36,0.36,0.36,0.36,0.36,0.36,0.36,0.36
RGI60-19.00061,0.923,0.923,0.923,0.923,0.923,0.923,0.923,0.923,0.923,0.923,0.923,0.923,0.923,0.923,0.923,0.923,0.923,0.923,0.923,0.923,0.923,0.923,0.923,0.923,0.283,0.283,0.359,0.359,0.359,0.359,0.359,0.359,0.359,0.359,0.359,0.359,0.359,0.359,0.359,0.359,0.359,0.359,0.359,0.359,0.359,0.359,0.359,0.359,0.359,0.359
RGI60-19.00062,0.923,0.923,0.923,0.923,0.923,0.923,0.923,0.923,0.923,0.923,0.923,0.923,0.923,0.923,0.923,0.923,0.923,0.923,0.923,0.923,0.923,0.923,0.923,0.923,0.283,0.283,0.358,0.358,0.358,0.358,0.358,0.358,0.358,0.358,0.358,0.358,0.358,0.358,0.358,0.358,0.358,0.358,0.358,0.358,0.358,0.358,0.358,0.358,0.358,0.358
RGI60-19.00063,0.924,0.924,0.924,0.924,0.924,0.924,0.924,0.924,0.924,0.924,0.924,0.924,0.924,0.924,0.924,0.924,0.924,0.924,0.924,0.924,0.924,0.924,0.924,0.924,0.284,0.284,0.36,0.36,0.36,0.36,0.36,0.36,0.36,0.36,0.36,0.36,0.36,0.36,0.36,0.36,0.36,0.36,0.36,0.36,0.36,0.36,0.36,0.36,0.36,0.36
RGI60-19.00064,0.923,0.923,0.923,0.923,0.923,0.923,0.923,0.923,0.923,0.923,0.923,0.923,0.923,0.923,0.923,0.923,0.923,0.923,0.923,0.923,0.923,0.923,0.923,0.923,0.282,0.282,0.358,0.358,0.358,0.358,0.358,0.358,0.358,0.358,0.358,0.358,0.358,0.358,0.358,0.358,0.358,0.358,0.358,0.358,0.358,0.358,0.358,0.358,0.358,0.358
RGI60-19.00065,0.923,0.923,0.923,0.923,0.923,0.923,0.923,0.923,0.923,0.923,0.923,0.923,0.923,0.923,0.923,0.923,0.923,0.923,0.923,0.923,0.923,0.923,0.923,0.923,0.282,0.282,0.357,0.357,0.357,0.357,0.357,0.357,0.357,0.357,0.357,0.357,0.357,0.357,0.357,0.357,0.357,0.357,0.357,0.357,0.357,0.357,0.357,0.357,0.357,0.357
RGI60-19.00066,0.923,0.923,0.923,0.923,0.923,0.923,0.923,0.923,0.923,0.923,0.923,0.923,0.923,0.923,0.923,0.923,0.923,0.923,0.923,0.923,0.923,0.923,0.923,0.923,0.282,0.282,0.358,0.358,0.358,0.358,0.358,0.358,0.358,0.358,0.358,0.358,0.358,0.358,0.358,0.358,0.358,0.358,0.358,0.358,0.358,0.358,0.358,0.358,0.358,0.358
RGI60-19.00067,0.923,0.923,0.923,0.923,0.923,0.923,0.923,0.923,0.923,0.923,0.923,0.923,0.923,0.923,0.923,0.923,0.923,0.923,0.923,0.923,0.923,0.923,0.923,0.923,0.282,0.282,0.358,0.358,0.358,0.358,0.358,0.358,0.358,0.358,0.358,0.358,0.358,0.358,0.358,0.358,0.358,0.358,0.358,0.358,0.358,0.358,0.358,0.358,0.358,0.358
RGI60-19.00068,0.922,0.922,0.922,0.922,0.922,0.922,0.922,0.922,0.922,0.922,0.922,0.922,0.922,0.922,0.922,0.922,0.922,0.922,0.922,0.922,0.922,0.922,0.922,0.922,0.282,0.282,0.357,0.357,0.357,0.357,0.357,0.357,0.357,0.357,0.357,0.357,0.357,0.357,0.357,0.357,0.357,0.357,0.357,0.357,0.357,0.357,0.357,0.357,0.357,0.357
RGI60-19.00069,0.923,0.923,0.923,0.923,0.923,0.923,0.923,0.923,0.923,0.923,0.923,0.923,0.923,0.923,0.923,0.923,0.923,0.923,0.923,0.923,0.923,0.923,0.923,0.923,0.284,0.284,0.36,0.36,0.36,0.36,0.36,0.36,0.36,0.36,0.36,0.36,0.36,0.36,0.36,0.36,0.36,0.36,0.36,0.36,0.36,0.36,0.36,0.36,0.36,0.36
RGI60-19.00070,0.924,0.924,0.924,0.924,0.924,0.924,0.924,0.924,0.924,0.924,0.924,0.924,0.924,0.924,0.924,0.924,0.924,0.924,0.924,0.924,0.924,0.924,0.924,0.924,0.285,0.285,0.362,0.362,0.362,0.362,0.362,0.362,0.362,0.362,0.362,0.362,0.362,0.362,0.362,0.362,0.362,0.362,0.362,0.362,0.362,0.362,0.362,0.362,0.362,0.362
RGI60-19.00071,0.921,0.921,0.921,0.921,0.921,0.921,0.921,0.921,0.921,0.921,0.921,0.921,0.921,0.921,0.921,0.921,0.921,0.921,0.921,0.921,0.921,0.921,0.921,0.921,0.28,0.28,0.354,0.354,0.354,0.354,0.354,0.354,0.354,0.354,0.354,0.354,0.354,0.354,0.354,0.354,0.354,0.354,0.354,0.354,0.354,0.354,0.354,0.354,0.354,0.354
RGI60-19.00072,0.922,0.922,0.922,0.922,0.922,0.922,0.922,0.922,0.922,0.922,0.922,0.922,0.922,0.922,0.922,0.922,0.922,0.922,0.922,0.922,0.922,0.922,0.922,0.922,0.282,0.282,0.357,0.357,0.357,0.357,0.357,0.357,0.357,0.357,0.357,0.357,0.357,0.357,0.357,0.357,0.357,0.357,0.357,0.357,0.357,0.357,0.357,0.357,0.357,0.357
RGI60-19.00073,0.922,0.922,0.922,0.922,0.922,0.922,0.922,0.922,0.922,0.922,0.922,0.922,0.922,0.922,0.922,0.922,0.922,0.922,0.922,0.922,0.922,0.922,0.922,0.922,0.282,0.282,0.357,0.357,0.357,0.357,0.357,0.357,0.357,0.357,0.357,0.357,0.357,0.357,0.357,0.357,0.357,0.357,0.357,0.357,0.357,0.357,0.357,0.357,0.357,0.357
RGI60-19.00074,0.922,0.922,0.922,0.922,0.922,0.922,0.922,0.922,0.922,0.922,0.922,0.922,0.922,0.922,0.922,0.922,0.922,0.922,0.922,0.922,0.922,0.922,0.922,0.922,0.282,0.282,0.357,0.357,0.357,0.357,0.357,0.357,0.357,0.357,0.357,0.357,0.357,0.357,0.357,0.357,0.357,0.357,0.357,0.357,0.357,0.357,0.357,0.357,0.357,0.357
RGI60-19.00075,0.924,0.924,0.924,0.924,0.924,0.924,0.924,0.924,0.924,0.924,0.924,0.924,0.924,0.924,0.924,0.924,0.924,0.924,0.924,0.924,0.924,0.924,0.924,0.924,0.284,0.284,0.361,0.361,0.361,0.361,0.361,0.361,0.361,0.361,0.361,0.361,0.361,0.361,0.361,0.361,0.361,0.361,0.361,0.361,0.361,0.361,0.361,0.361,0.361,0.361
RGI60-19.00076,0.923,0.923,0.923,0.923,0.923,0.923,0.923,0.923,0.923,0.923,0.923,0.923,0.923,0.923,0.923,0.923,0.923,0.923,0.923,0.923,0.923,0.923,0.923,0.923,0.282,0.282,0.358,0.358,0.358,0.358,0.358,0.358,0.358,0.358,0.358,0.358,0.358,0.358,0.358,0.358,0.358,0.358,0.358,0.358,0.358,0.358,0.358,0.358,0.358,0.358
RGI60-19.00077,0.923,0.923,0.923,0.923,0.923,0.923,0.923,0.923,0.923,0.923,0.923,0.923,0.923,0.923,0.923,0.923,0.923,0.923,0.923,0.923,0.923,0.923,0.923,0.923,0.282,0.282,0.358,0.358,0.358,0.358,0.358,0.358,0.358,0.358,0.358,0.358,0.358,0.358,0.358,0.358,0.358,0.358,0.358,0.358,0.358,0.358,0.358,0.358,0.358,0.358
RGI60-19.00078,0.924,0.924,0.924,0.924,0.924,0.924,0.924,0.924,0.924,0.924,0.924,0.924,0.924,0.924,0.924,0.924,0.924,0.924,0.924,0.924,0.924,0.924,0.924,0.924,0.284,0.284,0.36,0.36,0.36,0.36,0.36,0.36,0.36,0.36,0.36,0.36,0.36,0.36,0.36,0.36,0.36,0.36,0.36,0.36,0.36,0.36,0.36,0.36,0.36,0.36
RGI60-19.00079,0.924,0.924,0.924,0.924,0.924,0.924,0.924,0.924,0.924,0.924,0.924,0.924,0.924,0.924,0.924,0.924,0.924,0.924,0.924,0.924,0.924,0.924,0.924,0.924,0.284,0.284,0.36,0.36,0.36,0.36,0.36,0.36,0.36,0.36,0.36,0.36,0.36,0.36,0.36,0.36,0.36,0.36,0.36,0.36,0.36,0.36,0.36,0.36,0.36,0.36
RGI60-19.00080,0.922,0.922,0.922,0.922,0.922,0.922,0.922,0.922,0.922,0.922,0.922,0.922,0.922,0.922,0.922,0.922,0.922,0.922,0.922,0.922,0.922,0.922,0.922,0.922,0.282,0.282,0.356,0.356,0.356,0.356,0.356,0.356,0.356,0.356,0.356,0.356,0.356,0.356,0.356,0.356,0.356,0.356,0.356,0.356,0.356,0.356,0.356,0.356,0.356,0.356
RGI60-19.00081,0.922,0.922,0.922,0.922,0.922,0.922,0.922,0.922,0.922,0.922,0.922,0.922,0.922,0.922,0.922,0.922,0.922,0.922,0.922,0.922,0.922,0.922,0.922,0.922,0.282,0.282,0.356,0.356,0.356,0.356,0.356,0.356,0.356,0.356,0.356,0.356,0.356,0.356,0.356,0.356,0.356,0.356,0.356,0.356,0.356,0.356,0.356,0.356,0.356,0.356
RGI60-19.00082,0.922,0.922,0.922,0.922,0.922,0.922,0.922,0.922,0.922,0.922,0.922,0.922,0.922,0.922,0.922,0.922,0.922,0.922,0.922,0.922,0.922,0.922,0.922,0.922,0.282,0.282,0.357,0.357,0.357,0.357,0.357,0.357,0.357,0.357,0.357,0.357,0.357,0.357,0.357,0.357,0.357,0.357,0.357,0.357,0.357,0.357,0.357,0.357,0.357,0.357
RGI60-19.00083,0.924,0.924,0.924,0.924,0.924,0.924,0.924,0.924,0.924,0.924,0.924,0.924,0.924,0.924,0.924,0.924,0.924,0.924,0.924,0.924,0.924,0.924,0.924,0.924,0.284,0.284,0.36,0.36,0.36,0.36,0.36,0.36,0.36,0.36,0.36,0.36,0.36,0.36,0.36,0.36,0.36,0.36,0.36,0.36,0.36,0.36,0.36,0.36,0.36,0.36
RGI60-19.00084,0.924,0.924,0.924,0.924,0.924,0.924,0.924,0.924,0.924,0.924,0.924,0.924,0.924,0.924,0.924,0.924,0.924,0.924,0.924,0.924,0.924,0.924,0.924,0.924,0.284,0.284,0.36,0.36,0.36,0.36,0.36,0.36,0.36,0.36,0.36,0.36,0.36,0.36,0.36,0.36,0.36,0.36,0.36,0.36,0.36,0.36,0.36,0.36,0.36,0.36
RGI60-19.00085,0.924,0.924,0.924,0.924,0.924,0.924,0.924,0.924,0.924,0.924,0.924,0.924,0.924,0.924,0.924,0.924,0.924,0.924,0.924,0.924,0.924,0.924,0.924,0.924,0.284,0.284,0.36,0.36,0.36,0.36,0.36,0.36,0.36,0.36,0.36,0.36,0.36,0.36,0.36,0.36,0.36,0.36,0.36,0.36,0.36,0.36,0.36,0.36,0.36,0.36
RGI60-19.00086,0.924,0.924,0.924,0.924,0.924,0.924,0.924,0.924,0.924,0.924,0.924,0.924,0.924,0.924,0.924,0.924,0.924,0.924,0.924,0.924,0.924,0.924,0.924,0.924,0.284,0.284,0.36,0.36,0.36,0.36,0.36,0.36,0.36,0.36,0.36,0.36,0.36,0.36,0.36,0.36,0.36,0.36,0.36,0.36,0.36,0.36,0.36,0.36,0.36,0.36
RGI60-19.00087,0.924,0.924,0.924,0.924,0.924,0.924,0.924,0.924,0.924,0.924,0.924,0.924,0.924,0.924,0.924,0.924,0.924,0.924,0.924,0.924,0.924,0.924,0.924,0.924,0.284,0.284,0.36,0.36,0.36,0.36,0.36,0.36,0.36,0.36,0.36,0.36,0.36,0.36,0.36,0.36,0.36,0.36,0.36,0.36,0.36,0.36,0.36,0.36,0.36,0.36
RGI60-19.00088,0.924,0.924,0.924,0.924,0.924,0.924,0.924,0.924,0.924,0.924,0.924,0.924,0.924,0.924,0.924,0.924,0.924,0.924,0.924,0.924,0.924,0.924,0.924,0.924,0.284,0.284,0.36,0.36,0.36,0.36,0.36,0.36,0.36,0.36,0.36,0.36,0.36,0.36,0.36,0.36,0.36,0.36,0.36,0.36,0.36,0.36,0.36,0.36,0.36,0.36
RGI60-19.00089,0.923,0.923,0.923,0.923,0.923,0.923,0.923,0.923,0.923,0.923,0.923,0.923,0.923,0.923,0.923,0.923,0.923,0.923,0.923,0.923,0.923,0.923,0.923,0.923,0.283,0.283,0.36,0.36,0.36,0.36,0.36,0.36,0.36,0.36,0.36,0.36,0.36,0.36,0.36,0.36,0.36,0.36,0.36,0.36,0.36,0.36,0.36,0.36,0.36,0.36
RGI60-19.00090,0.923,0.923,0.923,0.923,0.923,0.923,0.923,0.923,0.923,0.923,0.923,0.923,0.923,0.923,0.923,0.923,0.923,0.923,0.923,0.923,0.923,0.923,0.923,0.923,0.283,0.283,0.359,0.359,0.359,0.359,0.359,0.359,0.359,0.359,0.359,0.359,0.359,0.359,0.359,0.359,0.359,0.359,0.359,0.359,0.359,0.359,0.359,0.359,0.359,0.359
RGI60-19.00091,0.931,0.931,0.931,0.931,0.931,0.931,0.931,0.931,0.931,0.931,0.931,0.931,0.931,0.931,0.931,0.931,0.931,0.931,0.931,0.931,0.931,0.931,0.931,0.931,0.294,0.294,0.378,0.378,0.378,0.378,0.378,0.378,0.378,0.378,0.378,0.378,0.378,0.378,0.378,0.378,0.378,0.378,0.378,0.378,0.378,0.378,0.378,0.378,0.378,0.378
RGI60-19.00092,0.933,0.933,0.933,0.933,0.933,0.933,0.933,0.933,0.933,0.933,0.933,0.933,0.933,0.933,0.933,0.933,0.933,0.933,0.933,0.933,0.933,0.933,0.933,0.933,0.298,0.298,0.384,0.384,0.384,0.384,0.384,0.384,0.384,0.384,0.384,0.384,0.384,0.384,0.384,0.384,0.384,0.384,0.384,0.384,0.384,0.384,0.384,0.384,0.384,0.384
RGI60-19.00093,0.933,0.933,0.933,0.933,0.933,0.933,0.933,0.933,0.933,0.933,0.933,0.933,0.933,0.933,0.933,0.933,0.933,0.933,0.933,0.933,0.933,0.933,0.933,0.933,0.298,0.298,0.385,0.385,0.385,0.385,0.385,0.385,0.385,0.385,0.385,0.385,0.385,0.385,0.385,0.385,0.385,0.385,0.385,0.385,0.385,0.385,0.385,0.385,0.385,0.385
RGI60-19.00094,0.933,0.933,0.933,0.933,0.933,0.933,0.933,0.933,0.933,0.933,0.933,0.933,0.933,0.933,0.933,0.933,0.933,0.933,0.933,0.933,0.933,0.933,0.933,0.933,0.298,0.298,0.384,0.384,0.384,0.384,0.384,0.384,0.384,0.384,0.384,0.384,0.384,0.384,0.384,0.384,0.384,0.384,0.384,0.384,0.384,0.384,0.384,0.384,0.384,0.384
RGI60-19.00095,0.933,0.933,0.933,0.933,0.933,0.933,0.933,0.933,0.933,0.933,0.933,0.933,0.933,0.933,0.933,0.933,0.933,0.933,0.933,0.933,0.933,0.933,0.933,0.933,0.298,0.298,0.384,0.384,0.384,0.384,0.384,0.384,0.384,0.384,0.384,0.384,0.384,0.384,0.384,0.384,0.384,0.384,0.384,0.384,0.384,0.384,0.384,0.384,0.384,0.384
RGI60-19.00096,0.933,0.933,0.933,0.933,0.933,0.933,0.933,0.933,0.933,0.933,0.933,0.933,0.933,0.933,0.933,0.933,0.933,0.933,0.933,0.933,0.933,0.933,0.933,0.933,0.298,0.298,0.384,0.384,0.384,0.384,0.384,0.384,0.384,0.384,0.384,0.384,0.384,0.384,0.384,0.384,0.384,0.384,0.384,0.384,0.384,0.384,0.384,0.384,0.384,0.384
RGI60-19.00097,0.93,0.93,0.93,0.93,0.93,0.93,0.93,0.93,0.93,0.93,0.93,0.93,0.93,0.93,0.93,0.93,0.93,0.93,0.93,0.93,0.93,0.93,0.93,0.93,0.294,0.294,0.377,0.377,0.377,0.377,0.377,0.377,0.377,0.377,0.377,0.377,0.377,0.377,0.377,0.377,0.377,0.377,0.377,0.377,0.377,0.377,0.377,0.377,0.377,0.377
RGI60-19.00098,0.934,0.934,0.934,0.934,0.934,0.934,0.934,0.934,0.934,0.934,0.934,0.934,0.934,0.934,0.934,0.934,0.934,0.934,0.934,0.934,0.934,0.934,0.934,0.934,0.3,0.3,0.387,0.387,0.387,0.387,0.387,0.387,0.387,0.387,0.387,0.387,0.387,0.387,0.387,0.387,0.387,0.387,0.387,0.387,0.387,0.387,0.387,0.387,0.387,0.387
RGI60-19.00099,0.93,0.93,0.93,0.93,0.93,0.93,0.93,0.93,0.93,0.93,0.93,0.93,0.93,0.93,0.93,0.93,0.93,0.93,0.93,0.93,0.93,0.93,0.93,0.93,0.294,0.294,0.377,0.377,0.377,0.377,0.377,0.377,0.377,0.377,0.377,0.377,0.377,0.377,0.377,0.377,0.377,0.377,0.377,0.377,0.377,0.377,0.377,0.377,0.377,0.377
RGI60-19.00100,0.93,0.93,0.93,0.93,0.93,0.93,0.93,0.93,0.93,0.93,0.93,0.93,0.93,0.93,0.93,0.93,0.93,0.93,0.93,0.93,0.93,0.93,0.93,0.93,0.295,0.295,0.377,0.377,0.377,0.377,0.377,0.377,0.377,0.377,0.377,0.377,0.377,0.377,0.377,0.377,0.377,0.377,0.377,0.377,0.377,0.377,0.377,0.377,0.377,0.377
RGI60-19.00101,0.93,0.93,0.93,0.93,0.93,0.93,0.93,0.93,0.93,0.93,0.93,0.93,0.93,0.93,0.93,0.93,0.93,0.93,0.93,0.93,0.93,0.93,0.93,0.93,0.294,0.294,0.376,0.376,0.376,0.376,0.376,0.376,0.376,0.376,0.376,0.376,0.376,0.376,0.376,0.376,0.376,0.376,0.376,0.376,0.376,0.376,0.376,0.376,0.376,0.376
RGI60-19.00102,0.935,0.935,0.935,0.935,0.935,0.935,0.935,0.935,0.935,0.935,0.935,0.935,0.935,0.935,0.935,0.935,0.935,0.935,0.935,0.935,0.935,0.935,0.935,0.935,0.301,0.301,0.388,0.388,0.388,0.388,0.388,0.388,0.388,0.388,0.388,0.388,0.388,0.388,0.388,0.388,0.388,0.388,0.388,0.388,0.388,0.388,0.388,0.388,0.388,0.388
RGI60-19.00103,0.931,0.931,0.931,0.931,0.931,0.931,0.931,0.931,0.931,0.931,0.931,0.931,0.931,0.931,0.931,0.931,0.931,0.931,0.931,0.931,0.931,0.931,0.931,0.931,0.295,0.295,0.378,0.378,0.378,0.378,0.378,0.378,0.378,0.378,0.378,0.378,0.378,0.378,0.378,0.378,0.378,0.378,0.378,0.378,0.378,0.378,0.378,0.378,0.378,0.378
RGI60-19.00104,0.935,0.935,0.935,0.935,0.935,0.935,0.935,0.935,0.935,0.935,0.935,0.935,0.935,0.935,0.935,0.935,0.935,0.935,0.935,0.935,0.935,0.935,0.935,0.935,0.301,0.301,0.389,0.389,0.389,0.389,0.389,0.389,0.389,0.389,0.389,0.389,0.389,0.389,0.389,0.389,0.389,0.389,0.389,0.389,0.389,0.389,0.389,0.389,0.389,0.389
RGI60-19.00105,0.935,0.935,0.935,0.935,0.935,0.935,0.935,0.935,0.935,0.935,0.935,0.935,0.935,0.935,0.935,0.935,0.935,0.935,0.935,0.935,0.935,0.935,0.935,0.935,0.301,0.301,0.388,0.388,0.388,0.388,0.388,0.388,0.388,0.388,0.388,0.388,0.388,0.388,0.388,0.388,0.388,0.388,0.388,0.388,0.388,0.388,0.388,0.388,0.388,0.388
RGI60-19.00106,0.935,0.935,0.935,0.935,0.935,0.935,0.935,0.935,0.935,0.935,0.935,0.935,0.935,0.935,0.935,0.935,0.935,0.935,0.935,0.935,0.935,0.935,0.935,0.935,0.301,0.301,0.388,0.388,0.388,0.388,0.388,0.388,0.388,0.388,0.388,0.388,0.388,0.388,0.388,0.388,0.388,0.388,0.388,0.388,0.388,0.388,0.388,0.388,0.388,0.388
RGI60-19.00107,0.935,0.935,0.935,0.935,0.935,0.935,0.935,0.935,0.935,0.935,0.935,0.935,0.935,0.935,0.935,0.935,0.935,0.935,0.935,0.935,0.935,0.935,0.935,0.935,0.301,0.301,0.389,0.389,0.389,0.389,0.389,0.389,0.389,0.389,0.389,0.389,0.389,0.389,0.389,0.389,0.389,0.389,0.389,0.389,0.389,0.389,0.389,0.389,0.389,0.389
RGI60-19.00108,0.935,0.935,0.935,0.935,0.935,0.935,0.935,0.935,0.935,0.935,0.935,0.935,0.935,0.935,0.935,0.935,0.935,0.935,0.935,0.935,0.935,0.935,0.935,0.935,0.301,0.301,0.389,0.389,0.389,0.389,0.389,0.389,0.389,0.389,0.389,0.389,0.389,0.389,0.389,0.389,0.389,0.389,0.389,0.389,0.389,0.389,0.389,0.389,0.389,0.389
RGI60-19.00109,0.936,0.936,0.936,0.936,0.936,0.936,0.936,0.936,0.936,0.936,0.936,0.936,0.936,0.936,0.936,0.936,0.936,0.936,0.936,0.936,0.936,0.936,0.936,0.936,0.302,0.302,0.39,0.39,0.39,0.39,0.39,0.39,0.39,0.39,0.39,0.39,0.39,0.39,0.39,0.39,0.39,0.39,0.39,0.39,0.39,0.39,0.39,0.39,0.39,0.39
RGI60-19.00110,0.93,0.93,0.93,0.93,0.93,0.93,0.93,0.93,0.93,0.93,0.93,0.93,0.93,0.93,0.93,0.93,0.93,0.93,0.93,0.93,0.93,0.93,0.93,0.93,0.294,0.294,0.376,0.376,0.376,0.376,0.376,0.376,0.376,0.376,0.376,0.376,0.376,0.376,0.376,0.376,0.376,0.376,0.376,0.376,0.376,0.376,0.376,0.376,0.376,0.376
RGI60-19.00111,0.935,0.935,0.935,0.935,0.935,0.935,0.935,0.935,0.935,0.935,0.935,0.935,0.935,0.935,0.935,0.935,0.935,0.935,0.935,0.935,0.935,0.935,0.935,0.935,0.301,0.301,0.389,0.389,0.389,0.389,0.389,0.389,0.389,0.389,0.389,0.389,0.389,0.389,0.389,0.389,0.389,0.389,0.389,0.389,0.389,0.389,0.389,0.389,0.389,0.389
RGI60-19.00112,0.933,0.933,0.933,0.933,0.933,0.933,0.933,0.933,0.933,0.933,0.933,0.933,0.933,0.933,0.933,0.933,0.933,0.933,0.933,0.933,0.933,0.933,0.933,0.933,0.298,0.298,0.383,0.383,0.383,0.383,0.383,0.383,0.383,0.383,0.383,0.383,0.383,0.383,0.383,0.383,0.383,0.383,0.383,0.383,0.383,0.383,0.383,0.383,0.383,0.383
RGI60-19.00113,0.931,0.931,0.931,0.931,0.931,0.931,0.931,0.931,0.931,0.931,0.931,0.931,0.931,0.931,0.931,0.931,0.931,0.931,0.931,0.931,0.931,0.931,0.931,0.931,0.295,0.295,0.378,0.378,0.378,0.378,0.378,0.378,0.378,0.378,0.378,0.378,0.378,0.378,0.378,0.378,0.378,0.378,0.378,0.378,0.378,0.378,0.378,0.378,0.378,0.378
RGI60-19.00114,0.932,0.932,0.932,0.932,0.932,0.932,0.932,0.932,0.932,0.932,0.932,0.932,0.932,0.932,0.932,0.932,0.932,0.932,0.932,0.932,0.932,0.932,0.932,0.932,0.297,0.297,0.381,0.381,0.381,0.381,0.381,0.381,0.381,0.381,0.381,0.381,0.381,0.381,0.381,0.381,0.381,0.381,0.381,0.381,0.381,0.381,0.381,0.381,0.381,0.381
RGI60-19.00115,0.932,0.932,0.932,0.932,0.932,0.932,0.932,0.932,0.932,0.932,0.932,0.932,0.932,0.932,0.932,0.932,0.932,0.932,0.932,0.932,0.932,0.932,0.932,0.932,0.297,0.297,0.381,0.381,0.381,0.381,0.381,0.381,0.381,0.381,0.381,0.381,0.381,0.381,0.381,0.381,0.381,0.381,0.381,0.381,0.381,0.381,0.381,0.381,0.381,0.381
RGI60-19.00116,0.936,0.936,0.936,0.936,0.936,0.936,0.936,0.936,0.936,0.936,0.936,0.936,0.936,0.936,0.936,0.936,0.936,0.936,0.936,0.936,0.936,0.936,0.936,0.936,0.302,0.302,0.39,0.39,0.39,0.39,0.39,0.39,0.39,0.39,0.39,0.39,0.39,0.39,0.39,0.39,0.39,0.39,0.39,0.39,0.39,0.39,0.39,0.39,0.39,0.39
RGI60-19.00117,0.932,0.932,0.932,0.932,0.932,0.932,0.932,0.932,0.932,0.932,0.932,0.932,0.932,0.932,0.932,0.932,0.932,0.932,0.932,0.932,0.932,0.932,0.932,0.932,0.296,0.296,0.381,0.381,0.381,0.381,0.381,0.381,0.381,0.381,0.381,0.381,0.381,0.381,0.381,0.381,0.381,0.381,0.381,0.381,0.381,0.381,0.381,0.381,0.381,0.381
RGI60-19.00118,0.934,0.934,0.934,0.934,0.934,0.934,0.934,0.934,0.934,0.934,0.934,0.934,0.934,0.934,0.934,0.934,0.934,0.934,0.934,0.934,0.934,0.934,0.934,0.934,0.3,0.3,0.386,0.386,0.386,0.386,0.386,0.386,0.386,0.386,0.386,0.386,0.386,0.386,0.386,0.386,0.386,0.386,0.386,0.386,0.386,0.386,0.386,0.386,0.386,0.386
RGI60-19.00119,0.932,0.932,0.932,0.932,0.932,0.932,0.932,0.932,0.932,0.932,0.932,0.932,0.932,0.932,0.932,0.932,0.932,0.932,0.932,0.932,0.932,0.932,0.932,0.932,0.297,0.297,0.382,0.382,0.382,0.382,0.382,0.382,0.382,0.382,0.382,0.382,0.382,0.382,0.382,0.382,0.382,0.382,0.382,0.382,0.382,0.382,0.382,0.382,0.382,0.382
RGI60-19.00120,0.93,0.93,0.93,0.93,0.93,0.93,0.93,0.93,0.93,0.93,0.93,0.93,0.93,0.93,0.93,0.93,0.93,0.93,0.93,0.93,0.93,0.93,0.93,0.93,0.294,0.294,0.376,0.376,0.376,0.376,0.376,0.376,0.376,0.376,0.376,0.376,0.376,0.376,0.376,0.376,0.376,0.376,0.376,0.376,0.376,0.376,0.376,0.376,0.376,0.376
RGI60-19.00121,0.932,0.932,0.932,0.932,0.932,0.932,0.932,0.932,0.932,0.932,0.932,0.932,0.932,0.932,0.932,0.932,0.932,0.932,0.932,0.932,0.932,0.932,0.932,0.932,0.296,0.296,0.38,0.38,0.38,0.38,0.38,0.38,0.38,0.38,0.38,0.38,0.38,0.38,0.38,0.38,0.38,0.38,0.38,0.38,0.38,0.38,0.38,0.38,0.38,0.38
RGI60-19.00122,0.932,0.932,0.932,0.932,0.932,0.932,0.932,0.932,0.932,0.932,0.932,0.932,0.932,0.932,0.932,0.932,0.932,0.932,0.932,0.932,0.932,0.932,0.932,0.932,0.297,0.297,0.381,0.381,0.381,0.381,0.381,0.381,0.381,0.381,0.381,0.381,0.381,0.381,0.381,0.381,0.381,0.381,0.381,0.381,0.381,0.381,0.381,0.381,0.381,0.381
RGI60-19.00123,0.932,0.932,0.932,0.932,0.932,0.932,0.932,0.932,0.932,0.932,0.932,0.932,0.932,0.932,0.932,0.932,0.932,0.932,0.932,0.932,0.932,0.932,0.932,0.932,0.297,0.297,0.381,0.381,0.381,0.381,0.381,0.381,0.381,0.381,0.381,0.381,0.381,0.381,0.381,0.381,0.381,0.381,0.381,0.381,0.381,0.381,0.381,0.381,0.381,0.381
RGI60-19.00124,0.939,0.939,0.939,0.939,0.939,0.939,0.939,0.939,0.939,0.939,0.939,0.939,0.939,0.939,0.939,0.939,0.939,0.939,0.939,0.939,0.939,0.939,0.939,0.939,0.306,0.306,0.397,0.397,0.397,0.397,0.397,0.397,0.397,0.397,0.397,0.397,0.397,0.397,0.397,0.397,0.397,0.397,0.397,0.397,0.397,0.397,0.397,0.397,0.397,0.397
RGI60-19.00125,0.932,0.932,0.932,0.932,0.932,0.932,0.932,0.932,0.932,0.932,0.932,0.932,0.932,0.932,0.932,0.932,0.932,0.932,0.932,0.932,0.932,0.932,0.932,0.932,0.297,0.297,0.381,0.381,0.381,0.381,0.381,0.381,0.381,0.381,0.381,0.381,0.381,0.381,0.381,0.381,0.381,0.381,0.381,0.381,0.381,0.381,0.381,0.381,0.381,0.381
RGI60-19.00126,0.932,0.932,0.932,0.932,0.932,0.932,0.932,0.932,0.932,0.932,0.932,0.932,0.932,0.932,0.932,0.932,0.932,0.932,0.932,0.932,0.932,0.932,0.932,0.932,0.297,0.297,0.381,0.381,0.381,0.381,0.381,0.381,0.381,0.381,0.381,0.381,0.381,0.381,0.381,0.381,0.381,0.381,0.381,0.381,0.381,0.381,0.381,0.381,0.381,0.381
RGI60-19.00127,0.932,0.932,0.932,0.932,0.932,0.932,0.932,0.932,0.932,0.932,0.932,0.932,0.932,0.932,0.932,0.932,0.932,0.932,0.932,0.932,0.932,0.932,0.932,0.932,0.296,0.296,0.38,0.38,0.38,0.38,0.38,0.38,0.38,0.38,0.38,0.38,0.38,0.38,0.38,0.38,0.38,0.38,0.38,0.38,0.38,0.38,0.38,0.38,0.38,0.38
RGI60-19.00128,0.932,0.932,0.932,0.932,0.932,0.932,0.932,0.932,0.932,0.932,0.932,0.932,0.932,0.932,0.932,0.932,0.932,0.932,0.932,0.932,0.932,0.932,0.932,0.932,0.298,0.298,0.382,0.382,0.382,0.382,0.382,0.382,0.382,0.382,0.382,0.382,0.382,0.382,0.382,0.382,0.382,0.382,0.382,0.382,0.382,0.382,0.382,0.382,0.382,0.382
RGI60-19.00129,0.932,0.932,0.932,0.932,0.932,0.932,0.932,0.932,0.932,0.932,0.932,0.932,0.932,0.932,0.932,0.932,0.932,0.932,0.932,0.932,0.932,0.932,0.932,0.932,0.297,0.297,0.381,0.381,0.381,0.381,0.381,0.381,0.381,0.381,0.381,0.381,0.381,0.381,0.381,0.381,0.381,0.381,0.381,0.381,0.381,0.381,0.381,0.381,0.381,0.381
RGI60-19.00130,0.932,0.932,0.932,0.932,0.932,0.932,0.932,0.932,0.932,0.932,0.932,0.932,0.932,0.932,0.932,0.932,0.932,0.932,0.932,0.932,0.932,0.932,0.932,0.932,0.298,0.298,0.382,0.382,0.382,0.382,0.382,0.382,0.382,0.382,0.382,0.382,0.382,0.382,0.382,0.382,0.382,0.382,0.382,0.382,0.382,0.382,0.382,0.382,0.382,0.382
RGI60-19.00131,0.932,0.932,0.932,0.932,0.932,0.932,0.932,0.932,0.932,0.932,0.932,0.932,0.932,0.932,0.932,0.932,0.932,0.932,0.932,0.932,0.932,0.932,0.932,0.932,0.297,0.297,0.38,0.38,0.38,0.38,0.38,0.38,0.38,0.38,0.38,0.38,0.38,0.38,0.38,0.38,0.38,0.38,0.38,0.38,0.38,0.38,0.38,0.38,0.38,0.38
RGI60-19.00132,0.932,0.932,0.932,0.932,0.932,0.932,0.932,0.932,0.932,0.932,0.932,0.932,0.932,0.932,0.932,0.932,0.932,0.932,0.932,0.932,0.932,0.932,0.932,0.932,0.298,0.298,0.382,0.382,0.382,0.382,0.382,0.382,0.382,0.382,0.382,0.382,0.382,0.382,0.382,0.382,0.382,0.382,0.382,0.382,0.382,0.382,0.382,0.382,0.382,0.382
RGI60-19.00133,0.933,0.933,0.933,0.933,0.933,0.933,0.933,0.933,0.933,0.933,0.933,0.933,0.933,0.933,0.933,0.933,0.933,0.933,0.933,0.933,0.933,0.933,0.933,0.933,0.298,0.298,0.384,0.384,0.384,0.384,0.384,0.384,0.384,0.384,0.384,0.384,0.384,0.384,0.384,0.384,0.384,0.384,0.384,0.384,0.384,0.384,0.384,0.384,0.384,0.384
RGI60-19.00134,0.936,0.936,0.936,0.936,0.936,0.936,0.936,0.936,0.936,0.936,0.936,0.936,0.936,0.936,0.936,0.936,0.936,0.936,0.936,0.936,0.936,0.936,0.936,0.936,0.303,0.303,0.391,0.391,0.391,0.391,0.391,0.391,0.391,0.391,0.391,0.391,0.391,0.391,0.391,0.391,0.391,0.391,0.391,0.391,0.391,0.391,0.391,0.391,0.391,0.391
RGI60-19.00135,0.938,0.938,0.938,0.938,0.938,0.938,0.938,0.938,0.938,0.938,0.938,0.938,0.938,0.938,0.938,0.938,0.938,0.938,0.938,0.938,0.938,0.938,0.938,0.938,0.306,0.306,0.396,0.396,0.396,0.396,0.396,0.396,0.396,0.396,0.396,0.396,0.396,0.396,0.396,0.396,0.396,0.396,0.396,0.396,0.396,0.396,0.396,0.396,0.396,0.396
RGI60-19.00136,0.937,0.937,0.937,0.937,0.937,0.937,0.937,0.937,0.937,0.937,0.937,0.937,0.937,0.937,0.937,0.937,0.937,0.937,0.937,0.937,0.937,0.937,0.937,0.937,0.304,0.304,0.393,0.393,0.393,0.393,0.393,0.393,0.393,0.393,0.393,0.393,0.393,0.393,0.393,0.393,0.393,0.393,0.393,0.393,0.393,0.393,0.393,0.393,0.393,0.393
RGI60-19.00137,0.937,0.937,0.937,0.937,0.937,0.937,0.937,0.937,0.937,0.937,0.937,0.937,0.937,0.937,0.937,0.937,0.937,0.937,0.937,0.937,0.937,0.937,0.937,0.937,0.305,0.305,0.394,0.394,0.394,0.394,0.394,0.394,0.394,0.394,0.394,0.394,0.394,0.394,0.394,0.394,0.394,0.394,0.394,0.394,0.394,0.394,0.394,0.394,0.394,0.394
RGI60-19.00138,0.938,0.938,0.938,0.938,0.938,0.938,0.938,0.938,0.938,0.938,0.938,0.938,0.938,0.938,0.938,0.938,0.938,0.938,0.938,0.938,0.938,0.938,0.938,0.938,0.306,0.306,0.396,0.396,0.396,0.396,0.396,0.396,0.396,0.396,0.396,0.396,0.396,0.396,0.396,0.396,0.396,0.396,0.396,0.396,0.396,0.396,0.396,0.396,0.396,0.396
RGI60-19.00139,0.938,0.938,0.938,0.938,0.938,0.938,0.938,0.938,0.938,0.938,0.938,0.938,0.938,0.938,0.938,0.938,0.938,0.938,0.938,0.938,0.938,0.938,0.938,0.938,0.306,0.306,0.396,0.396,0.396,0.396,0.396,0.396,0.396,0.396,0.396,0.396,0.396,0.396,0.396,0.396,0.396,0.396,0.396,0.396,0.396,0.396,0.396,0.396,0.396,0.396
RGI60-19.00140,0.939,0.939,0.939,0.939,0.939,0.939,0.939,0.939,0.939,0.939,0.939,0.939,0.939,0.939,0.939,0.939,0.939,0.939,0.939,0.939,0.939,0.939,0.939,0.939,0.308,0.308,0.398,0.398,0.398,0.398,0.398,0.398,0.398,0.398,0.398,0.398,0.398,0.398,0.398,0.398,0.398,0.398,0.398,0.398,0.398,0.398,0.398,0.398,0.398,0.398
RGI60-19.00141,0.931,0.931,0.931,0.931,0.931,0.931,0.931,0.931,0.931,0.931,0.931,0.931,0.931,0.931,0.931,0.931,0.931,0.931,0.931,0.931,0.931,0.931,0.931,0.931,0.295,0.295,0.379,0.379,0.379,0.379,0.379,0.379,0.379,0.379,0.379,0.379,0.379,0.379,0.379,0.379,0.379,0.379,0.379,0.379,0.379,0.379,0.379,0.379,0.379,0.379
RGI60-19.00142,0.931,0.931,0.931,0.931,0.931,0.931,0.931,0.931,0.931,0.931,0.931,0.931,0.931,0.931,0.931,0.931,0.931,0.931,0.931,0.931,0.931,0.931,0.931,0.931,0.295,0.295,0.378,0.378,0.378,0.378,0.378,0.378,0.378,0.378,0.378,0.378,0.378,0.378,0.378,0.378,0.378,0.378,0.378,0.378,0.378,0.378,0.378,0.378,0.378,0.378
RGI60-19.00143,0.932,0.932,0.932,0.932,0.932,0.932,0.932,0.932,0.932,0.932,0.932,0.932,0.932,0.932,0.932,0.932,0.932,0.932,0.932,0.932,0.932,0.932,0.932,0.932,0.296,0.296,0.38,0.38,0.38,0.38,0.38,0.38,0.38,0.38,0.38,0.38,0.38,0.38,0.38,0.38,0.38,0.38,0.38,0.38,0.38,0.38,0.38,0.38,0.38,0.38
RGI60-19.00144,0.931,0.931,0.931,0.931,0.931,0.931,0.931,0.931,0.931,0.931,0.931,0.931,0.931,0.931,0.931,0.931,0.931,0.931,0.931,0.931,0.931,0.931,0.931,0.931,0.295,0.295,0.379,0.379,0.379,0.379,0.379,0.379,0.379,0.379,0.379,0.379,0.379,0.379,0.379,0.379,0.379,0.379,0.379,0.379,0.379,0.379,0.379,0.379,0.379,0.379
RGI60-19.00145,0.93,0.93,0.93,0.93,0.93,0.93,0.93,0.93,0.93,0.93,0.93,0.93,0.93,0.93,0.93,0.93,0.93,0.93,0.93,0.93,0.93,0.93,0.93,0.93,0.294,0.294,0.376,0.376,0.376,0.376,0.376,0.376,0.376,0.376,0.376,0.376,0.376,0.376,0.376,0.376,0.376,0.376,0.376,0.376,0.376,0.376,0.376,0.376,0.376,0.376
RGI60-19.00146,0.931,0.931,0.931,0.931,0.931,0.931,0.931,0.931,0.931,0.931,0.931,0.931,0.931,0.931,0.931,0.931,0.931,0.931,0.931,0.931,0.931,0.931,0.931,0.931,0.295,0.295,0.379,0.379,0.379,0.379,0.379,0.379,0.379,0.379,0.379,0.379,0.379,0.379,0.379,0.379,0.379,0.379,0.379,0.379,0.379,0.379,0.379,0.379,0.379,0.379
RGI60-19.00147,0.933,0.933,0.933,0.933,0.933,0.933,0.933,0.933,0.933,0.933,0.933,0.933,0.933,0.933,0.933,0.933,0.933,0.933,0.933,0.933,0.933,0.933,0.933,0.933,0.298,0.298,0.383,0.383,0.383,0.383,0.383,0.383,0.383,0.383,0.383,0.383,0.383,0.383,0.383,0.383,0.383,0.383,0.383,0.383,0.383,0.383,0.383,0.383,0.383,0.383
RGI60-19.00148,0.933,0.933,0.933,0.933,0.933,0.933,0.933,0.933,0.933,0.933,0.933,0.933,0.933,0.933,0.933,0.933,0.933,0.933,0.933,0.933,0.933,0.933,0.933,0.933,0.298,0.298,0.384,0.384,0.384,0.384,0.384,0.384,0.384,0.384,0.384,0.384,0.384,0.384,0.384,0.384,0.384,0.384,0.384,0.384,0.384,0.384,0.384,0.384,0.384,0.384
RGI60-19.00149,0.931,0.931,0.931,0.931,0.931,0.931,0.931,0.931,0.931,0.931,0.931,0.931,0.931,0.931,0.931,0.931,0.931,0.931,0.931,0.931,0.931,0.931,0.931,0.931,0.295,0.295,0.378,0.378,0.378,0.378,0.378,0.378,0.378,0.378,0.378,0.378,0.378,0.378,0.378,0.378,0.378,0.378,0.378,0.378,0.378,0.378,0.378,0.378,0.378,0.378
RGI60-19.00150,0.931,0.931,0.931,0.931,0.931,0.931,0.931,0.931,0.931,0.931,0.931,0.931,0.931,0.931,0.931,0.931,0.931,0.931,0.931,0.931,0.931,0.931,0.931,0.931,0.294,0.294,0.378,0.378,0.378,0.378,0.378,0.378,0.378,0.378,0.378,0.378,0.378,0.378,0.378,0.378,0.378,0.378,0.378,0.378,0.378,0.378,0.378,0.378,0.378,0.378
RGI60-19.00151,0.934,0.934,0.934,0.934,0.934,0.934,0.934,0.934,0.934,0.934,0.934,0.934,0.934,0.934,0.934,0.934,0.934,0.934,0.934,0.934,0.934,0.934,0.934,0.934,0.299,0.299,0.385,0.385,0.385,0.385,0.385,0.385,0.385,0.385,0.385,0.385,0.385,0.385,0.385,0.385,0.385,0.385,0.385,0.385,0.385,0.385,0.385,0.385,0.385,0.385
RGI60-19.00152,0.934,0.934,0.934,0.934,0.934,0.934,0.934,0.934,0.934,0.934,0.934,0.934,0.934,0.934,0.934,0.934,0.934,0.934,0.934,0.934,0.934,0.934,0.934,0.934,0.299,0.299,0.385,0.385,0.385,0.385,0.385,0.385,0.385,0.385,0.385,0.385,0.385,0.385,0.385,0.385,0.385,0.385,0.385,0.385,0.385,0.385,0.385,0.385,0.385,0.385
RGI60-19.00153,0.934,0.934,0.934,0.934,0.934,0.934,0.934,0.934,0.934,0.934,0.934,0.934,0.934,0.934,0.934,0.934,0.934,0.934,0.934,0.934,0.934,0.934,0.934,0.934,0.3,0.3,0.386,0.386,0.386,0.386,0.386,0.386,0.386,0.386,0.386,0.386,0.386,0.386,0.386,0.386,0.386,0.386,0.386,0.386,0.386,0.386,0.386,0.386,0.386,0.386
RGI60-19.00154,0.936,0.936,0.936,0.936,0.936,0.936,0.936,0.936,0.936,0.936,0.936,0.936,0.936,0.936,0.936,0.936,0.936,0.936,0.936,0.936,0.936,0.936,0.936,0.936,0.302,0.302,0.39,0.39,0.39,0.39,0.39,0.39,0.39,0.39,0.39,0.39,0.39,0.39,0.39,0.39,0.39,0.39,0.39,0.39,0.39,0.39,0.39,0.39,0.39,0.39
RGI60-19.00155,0.931,0.931,0.931,0.931,0.931,0.931,0.931,0.931,0.931,0.931,0.931,0.931,0.931,0.931,0.931,0.931,0.931,0.931,0.931,0.931,0.931,0.931,0.931,0.931,0.295,0.295,0.378,0.378,0.378,0.378,0.378,0.378,0.378,0.378,0.378,0.378,0.378,0.378,0.378,0.378,0.378,0.378,0.378,0.378,0.378,0.378,0.378,0.378,0.378,0.378
RGI60-19.00156,0.937,0.937,0.937,0.937,0.937,0.937,0.937,0.937,0.937,0.937,0.937,0.937,0.937,0.937,0.937,0.937,0.937,0.937,0.937,0.937,0.937,0.937,0.937,0.937,0.303,0.303,0.392,0.392,0.392,0.392,0.392,0.392,0.392,0.392,0.392,0.392,0.392,0.392,0.392,0.392,0.392,0.392,0.392,0.392,0.392,0.392,0.392,0.392,0.392,0.392
RGI60-19.00157,0.935,0.935,0.935,0.935,0.935,0.935,0.935,0.935,0.935,0.935,0.935,0.935,0.935,0.935,0.935,0.935,0.935,0.935,0.935,0.935,0.935,0.935,0.935,0.935,0.301,0.301,0.388,0.388,0.388,0.388,0.388,0.388,0.388,0.388,0.388,0.388,0.388,0.388,0.388,0.388,0.388,0.388,0.388,0.388,0.388,0.388,0.388,0.388,0.388,0.388
RGI60-19.00158,0.931,0.931,0.931,0.931,0.931,0.931,0.931,0.931,0.931,0.931,0.931,0.931,0.931,0.931,0.931,0.931,0.931,0.931,0.931,0.931,0.931,0.931,0.931,0.931,0.295,0.295,0.378,0.378,0.378,0.378,0.378,0.378,0.378,0.378,0.378,0.378,0.378,0.378,0.378,0.378,0.378,0.378,0.378,0.378,0.378,0.378,0.378,0.378,0.378,0.378
RGI60-19.00159,0.931,0.931,0.931,0.931,0.931,0.931,0.931,0.931,0.931,0.931,0.931,0.931,0.931,0.931,0.931,0.931,0.931,0.931,0.931,0.931,0.931,0.931,0.931,0.931,0.295,0.295,0.379,0.379,0.379,0.379,0.379,0.379,0.379,0.379,0.379,0.379,0.379,0.379,0.379,0.379,0.379,0.379,0.379,0.379,0.379,0.379,0.379,0.379,0.379,0.379
RGI60-19.00160,0.937,0.937,0.937,0.937,0.937,0.937,0.937,0.937,0.937,0.937,0.937,0.937,0.937,0.937,0.937,0.937,0.937,0.937,0.937,0.937,0.937,0.937,0.937,0.937,0.304,0.304,0.393,0.393,0.393,0.393,0.393,0.393,0.393,0.393,0.393,0.393,0.393,0.393,0.393,0.393,0.393,0.393,0.393,0.393,0.393,0.393,0.393,0.393,0.393,0.393
RGI60-19.00161,0.933,0.933,0.933,0.933,0.933,0.933,0.933,0.933,0.933,0.933,0.933,0.933,0.933,0.933,0.933,0.933,0.933,0.933,0.933,0.933,0.933,0.933,0.933,0.933,0.297,0.297,0.383,0.383,0.383,0.383,0.383,0.383,0.383,0.383,0.383,0.383,0.383,0.383,0.383,0.383,0.383,0.383,0.383,0.383,0.383,0.383,0.383,0.383,0.383,0.383
RGI60-19.00162,0.939,0.939,0.939,0.939,0.939,0.939,0.939,0.939,0.939,0.939,0.939,0.939,0.939,0.939,0.939,0.939,0.939,0.939,0.939,0.939,0.939,0.939,0.939,0.939,0.307,0.307,0.397,0.397,0.397,0.397,0.397,0.397,0.397,0.397,0.397,0.397,0.397,0.397,0.397,0.397,0.397,0.397,0.397,0.397,0.397,0.397,0.397,0.397,0.397,0.397
RGI60-19.00163,0.938,0.938,0.938,0.938,0.938,0.938,0.938,0.938,0.938,0.938,0.938,0.938,0.938,0.938,0.938,0.938,0.938,0.938,0.938,0.938,0.938,0.938,0.938,0.938,0.305,0.305,0.395,0.395,0.395,0.395,0.395,0.395,0.395,0.395,0.395,0.395,0.395,0.395,0.395,0.395,0.395,0.395,0.395,0.395,0.395,0.395,0.395,0.395,0.395,0.395
RGI60-19.00164,0.938,0.938,0.938,0.938,0.938,0.938,0.938,0.938,0.938,0.938,0.938,0.938,0.938,0.938,0.938,0.938,0.938,0.938,0.938,0.938,0.938,0.938,0.938,0.938,0.306,0.306,0.395,0.395,0.395,0.395,0.395,0.395,0.395,0.395,0.395,0.395,0.395,0.395,0.395,0.395,0.395,0.395,0.395,0.395,0.395,0.395,0.395,0.395,0.395,0.395
RGI60-19.00165,0.936,0.936,0.936,0.936,0.936,0.936,0.936,0.936,0.936,0.936,0.936,0.936,0.936,0.936,0.936,0.936,0.936,0.936,0.936,0.936,0.936,0.936,0.936,0.936,0.302,0.302,0.391,0.391,0.391,0.391,0.391,0.391,0.391,0.391,0.391,0.391,0.391,0.391,0.391,0.391,0.391,0.391,0.391,0.391,0.391,0.391,0.391,0.391,0.391,0.391
RGI60-19.00166,0.932,0.932,0.932,0.932,0.932,0.932,0.932,0.932,0.932,0.932,0.932,0.932,0.932,0.932,0.932,0.932,0.932,0.932,0.932,0.932,0.932,0.932,0.932,0.932,0.297,0.297,0.382,0.382,0.382,0.382,0.382,0.382,0.382,0.382,0.382,0.382,0.382,0.382,0.382,0.382,0.382,0.382,0.382,0.382,0.382,0.382,0.382,0.382,0.382,0.382
RGI60-19.00167,0.934,0.934,0.934,0.934,0.934,0.934,0.934,0.934,0.934,0.934,0.934,0.934,0.934,0.934,0.934,0.934,0.934,0.934,0.934,0.934,0.934,0.934,0.934,0.934,0.299,0.299,0.386,0.386,0.386,0.386,0.386,0.386,0.386,0.386,0.386,0.386,0.386,0.386,0.386,0.386,0.386,0.386,0.386,0.386,0.386,0.386,0.386,0.386,0.386,0.386
RGI60-19.00168,0.934,0.934,0.934,0.934,0.934,0.934,0.934,0.934,0.934,0.934,0.934,0.934,0.934,0.934,0.934,0.934,0.934,0.934,0.934,0.934,0.934,0.934,0.934,0.934,0.299,0.299,0.385,0.385,0.385,0.385,0.385,0.385,0.385,0.385,0.385,0.385,0.385,0.385,0.385,0.385,0.385,0.385,0.385,0.385,0.385,0.385,0.385,0.385,0.385,0.385
RGI60-19.00169,0.935,0.935,0.935,0.935,0.935,0.935,0.935,0.935,0.935,0.935,0.935,0.935,0.935,0.935,0.935,0.935,0.935,0.935,0.935,0.935,0.935,0.935,0.935,0.935,0.301,0.301,0.388,0.388,0.388,0.388,0.388,0.388,0.388,0.388,0.388,0.388,0.388,0.388,0.388,0.388,0.388,0.388,0.388,0.388,0.388,0.388,0.388,0.388,0.388,0.388
RGI60-19.00170,0.934,0.934,0.934,0.934,0.934,0.934,0.934,0.934,0.934,0.934,0.934,0.934,0.934,0.934,0.934,0.934,0.934,0.934,0.934,0.934,0.934,0.934,0.934,0.934,0.3,0.3,0.387,0.387,0.387,0.387,0.387,0.387,0.387,0.387,0.387,0.387,0.387,0.387,0.387,0.387,0.387,0.387,0.387,0.387,0.387,0.387,0.387,0.387,0.387,0.387
RGI60-19.00171,0.936,0.936,0.936,0.936,0.936,0.936,0.936,0.936,0.936,0.936,0.936,0.936,0.936,0.936,0.936,0.936,0.936,0.936,0.936,0.936,0.936,0.936,0.936,0.936,0.303,0.303,0.391,0.391,0.391,0.391,0.391,0.391,0.391,0.391,0.391,0.391,0.391,0.391,0.391,0.391,0.391,0.391,0.391,0.391,0.391,0.391,0.391,0.391,0.391,0.391
RGI60-19.00172,0.936,0.936,0.936,0.936,0.936,0.936,0.936,0.936,0.936,0.936,0.936,0.936,0.936,0.936,0.936,0.936,0.936,0.936,0.936,0.936,0.936,0.936,0.936,0.936,0.303,0.303,0.391,0.391,0.391,0.391,0.391,0.391,0.391,0.391,0.391,0.391,0.391,0.391,0.391,0.391,0.391,0.391,0.391,0.391,0.391,0.391,0.391,0.391,0.391,0.391
RGI60-19.00173,0.937,0.937,0.937,0.937,0.937,0.937,0.937,0.937,0.937,0.937,0.937,0.937,0.937,0.937,0.937,0.937,0.937,0.937,0.937,0.937,0.937,0.937,0.937,0.937,0.304,0.304,0.393,0.393,0.393,0.393,0.393,0.393,0.393,0.393,0.393,0.393,0.393,0.393,0.393,0.393,0.393,0.393,0.393,0.393,0.393,0.393,0.393,0.393,0.393,0.393
RGI60-19.00174,0.934,0.934,0.934,0.934,0.934,0.934,0.934,0.934,0.934,0.934,0.934,0.934,0.934,0.934,0.934,0.934,0.934,0.934,0.934,0.934,0.934,0.934,0.934,0.934,0.3,0.3,0.387,0.387,0.387,0.387,0.387,0.387,0.387,0.387,0.387,0.387,0.387,0.387,0.387,0.387,0.387,0.387,0.387,0.387,0.387,0.387,0.387,0.387,0.387,0.387
RGI60-19.00175,0.911,0.911,0.911,0.911,0.911,0.911,0.911,0.911,0.911,0.911,0.911,0.911,0.911,0.911,0.911,0.911,0.911,0.911,0.911,0.911,0.911,0.911,0.911,0.911,0.265,0.265,0.326,0.326,0.326,0.326,0.326,0.326,0.326,0.326,0.326,0.326,0.326,0.326,0.326,0.326,0.326,0.326,0.326,0.326,0.326,0.326,0.326,0.326,0.326,0.326
RGI60-19.00176,0.911,0.911,0.911,0.911,0.911,0.911,0.911,0.911,0.911,0.911,0.911,0.911,0.911,0.911,0.911,0.911,0.911,0.911,0.911,0.911,0.911,0.911,0.911,0.911,0.265,0.265,0.326,0.326,0.326,0.326,0.326,0.326,0.326,0.326,0.326,0.326,0.326,0.326,0.326,0.326,0.326,0.326,0.326,0.326,0.326,0.326,0.326,0.326,0.326,0.326
RGI60-19.00177,0.911,0.911,0.911,0.911,0.911,0.911,0.911,0.911,0.911,0.911,0.911,0.911,0.911,0.911,0.911,0.911,0.911,0.911,0.911,0.911,0.911,0.911,0.911,0.911,0.265,0.265,0.326,0.326,0.326,0.326,0.326,0.326,0.326,0.326,0.326,0.326,0.326,0.326,0.326,0.326,0.326,0.326,0.326,0.326,0.326,0.326,0.326,0.326,0.326,0.326
RGI60-19.00178,0.911,0.911,0.911,0.911,0.911,0.911,0.911,0.911,0.911,0.911,0.911,0.911,0.911,0.911,0.911,0.911,0.911,0.911,0.911,0.911,0.911,0.911,0.911,0.911,0.265,0.265,0.326,0.326,0.326,0.326,0.326,0.326,0.326,0.326,0.326,0.326,0.326,0.326,0.326,0.326,0.326,0.326,0.326,0.326,0.326,0.326,0.326,0.326,0.326,0.326
RGI60-19.00179,0.911,0.911,0.911,0.911,0.911,0.911,0.911,0.911,0.911,0.911,0.911,0.911,0.911,0.911,0.911,0.911,0.911,0.911,0.911,0.911,0.911,0.911,0.911,0.911,0.265,0.265,0.326,0.326,0.326,0.326,0.326,0.326,0.326,0.326,0.326,0.326,0.326,0.326,0.326,0.326,0.326,0.326,0.326,0.326,0.326,0.326,0.326,0.326,0.326,0.326
RGI60-19.00180,0.902,0.902,0.902,0.902,0.902,0.902,0.902,0.902,0.902,0.902,0.902,0.902,0.902,0.902,0.902,0.902,0.902,0.902,0.902,0.902,0.902,0.902,0.902,0.902,0.252,0.252,0.301,0.301,0.301,0.301,0.301,0.301,0.301,0.301,0.301,0.301,0.301,0.301,0.301,0.301,0.301,0.301,0.301,0.301,0.301,0.301,0.301,0.301,0.301,0.301
RGI60-19.00181,0.902,0.902,0.902,0.902,0.902,0.902,0.902,0.902,0.902,0.902,0.902,0.902,0.902,0.902,0.902,0.902,0.902,0.902,0.902,0.902,0.902,0.902,0.902,0.902,0.252,0.252,0.302,0.302,0.302,0.302,0.302,0.302,0.302,0.302,0.302,0.302,0.302,0.302,0.302,0.302,0.302,0.302,0.302,0.302,0.302,0.302,0.302,0.302,0.302,0.302
RGI60-19.00182,0.902,0.902,0.902,0.902,0.902,0.902,0.902,0.902,0.902,0.902,0.902,0.902,0.902,0.902,0.902,0.902,0.902,0.902,0.902,0.902,0.902,0.902,0.902,0.902,0.253,0.253,0.301,0.301,0.301,0.301,0.301,0.301,0.301,0.301,0.301,0.301,0.301,0.301,0.301,0.301,0.301,0.301,0.301,0.301,0.301,0.301,0.301,0.301,0.301,0.301
RGI60-19.00183,0.903,0.903,0.903,0.903,0.903,0.903,0.903,0.903,0.903,0.903,0.903,0.903,0.903,0.903,0.903,0.903,0.903,0.903,0.903,0.903,0.903,0.903,0.903,0.903,0.253,0.253,0.302,0.302,0.302,0.302,0.302,0.302,0.302,0.302,0.302,0.302,0.302,0.302,0.302,0.302,0.302,0.302,0.302,0.302,0.302,0.302,0.302,0.302,0.302,0.302
RGI60-19.00184,0.909,0.909,0.909,0.909,0.909,0.909,0.909,0.909,0.909,0.909,0.909,0.909,0.909,0.909,0.909,0.909,0.909,0.909,0.909,0.909,0.909,0.909,0.909,0.909,0.262,0.262,0.322,0.322,0.322,0.322,0.322,0.322,0.322,0.322,0.322,0.322,0.322,0.322,0.322,0.322,0.322,0.322,0.322,0.322,0.322,0.322,0.322,0.322,0.322,0.322
RGI60-19.00185,0.906,0.906,0.906,0.906,0.906,0.906,0.906,0.906,0.906,0.906,0.906,0.906,0.906,0.906,0.906,0.906,0.906,0.906,0.906,0.906,0.906,0.906,0.906,0.906,0.255,0.255,0.312,0.312,0.312,0.312,0.312,0.312,0.312,0.312,0.312,0.312,0.312,0.312,0.312,0.312,0.312,0.312,0.312,0.312,0.312,0.312,0.312,0.312,0.312,0.312
RGI60-19.00186,0.909,0.909,0.909,0.909,0.909,0.909,0.909,0.909,0.909,0.909,0.909,0.909,0.909,0.909,0.909,0.909,0.909,0.909,0.909,0.909,0.909,0.909,0.909,0.909,0.261,0.261,0.321,0.321,0.321,0.321,0.321,0.321,0.321,0.321,0.321,0.321,0.321,0.321,0.321,0.321,0.321,0.321,0.321,0.321,0.321,0.321,0.321,0.321,0.321,0.321
RGI60-19.00187,0.945,0.945,0.945,0.945,0.945,0.945,0.945,0.945,0.945,0.945,0.945,0.945,0.945,0.945,0.945,0.945,0.945,0.945,0.945,0.945,0.945,0.945,0.945,0.945,0.315,0.315,0.409,0.409,0.409,0.409,0.409,0.409,0.409,0.409,0.409,0.409,0.409,0.409,0.409,0.409,0.409,0.409,0.409,0.409,0.409,0.409,0.409,0.409,0.409,0.409
RGI60-19.00188,0.945,0.945,0.945,0.945,0.945,0.945,0.945,0.945,0.945,0.945,0.945,0.945,0.945,0.945,0.945,0.945,0.945,0.945,0.945,0.945,0.945,0.945,0.945,0.945,0.315,0.315,0.409,0.409,0.409,0.409,0.409,0.409,0.409,0.409,0.409,0.409,0.409,0.409,0.409,0.409,0.409,0.409,0.409,0.409,0.409,0.409,0.409,0.409,0.409,0.409
RGI60-19.00189,0.906,0.906,0.906,0.906,0.906,0.906,0.906,0.906,0.906,0.906,0.906,0.906,0.906,0.906,0.906,0.906,0.906,0.906,0.906,0.906,0.906,0.906,0.906,0.906,0.254,0.254,0.311,0.311,0.311,0.311,0.311,0.311,0.311,0.311,0.311,0.311,0.311,0.311,0.311,0.311,0.311,0.311,0.311,0.311,0.311,0.311,0.311,0.311,0.311,0.311
RGI60-19.00190,0.903,0.903,0.903,0.903,0.903,0.903,0.903,0.903,0.903,0.903,0.903,0.903,0.903,0.903,0.903,0.903,0.903,0.903,0.903,0.903,0.903,0.903,0.903,0.903,0.253,0.253,0.304,0.304,0.304,0.304,0.304,0.304,0.304,0.304,0.304,0.304,0.304,0.304,0.304,0.304,0.304,0.304,0.304,0.304,0.304,0.304,0.304,0.304,0.304,0.304
RGI60-19.00191,0.901,0.901,0.901,0.901,0.901,0.901,0.901,0.901,0.901,0.901,0.901,0.901,0.901,0.901,0.901,0.901,0.901,0.901,0.901,0.901,0.901,0.901,0.901,0.901,0.251,0.251,0.298,0.298,0.298,0.298,0.298,0.298,0.298,0.298,0.298,0.298,0.298,0.298,0.298,0.298,0.298,0.298,0.298,0.298,0.298,0.298,0.298,0.298,0.298,0.298
RGI60-19.00192,0.945,0.945,0.945,0.945,0.945,0.945,0.945,0.945,0.945,0.945,0.945,0.945,0.945,0.945,0.945,0.945,0.945,0.945,0.945,0.945,0.945,0.945,0.945,0.945,0.315,0.315,0.409,0.409,0.409,0.409,0.409,0.409,0.409,0.409,0.409,0.409,0.409,0.409,0.409,0.409,0.409,0.409,0.409,0.409,0.409,0.409,0.409,0.409,0.409,0.409
RGI60-19.00193,0.91,0.91,0.91,0.91,0.91,0.91,0.91,0.91,0.91,0.91,0.91,0.91,0.91,0.91,0.91,0.91,0.91,0.91,0.91,0.91,0.91,0.91,0.91,0.91,0.262,0.262,0.322,0.322,0.322,0.322,0.322,0.322,0.322,0.322,0.322,0.322,0.322,0.322,0.322,0.322,0.322,0.322,0.322,0.322,0.322,0.322,0.322,0.322,0.322,0.322
RGI60-19.00194,0.906,0.906,0.906,0.906,0.906,0.906,0.906,0.906,0.906,0.906,0.906,0.906,0.906,0.906,0.906,0.906,0.906,0.906,0.906,0.906,0.906,0.906,0.906,0.906,0.255,0.255,0.312,0.312,0.312,0.312,0.312,0.312,0.312,0.312,0.312,0.312,0.312,0.312,0.312,0.312,0.312,0.312,0.312,0.312,0.312,0.312,0.312,0.312,0.312,0.312
RGI60-19.00195,0.906,0.906,0.906,0.906,0.906,0.906,0.906,0.906,0.906,0.906,0.906,0.906,0.906,0.906,0.906,0.906,0.906,0.906,0.906,0.906,0.906,0.906,0.906,0.906,0.255,0.255,0.312,0.312,0.312,0.312,0.312,0.312,0.312,0.312,0.312,0.312,0.312,0.312,0.312,0.312,0.312,0.312,0.312,0.312,0.312,0.312,0.312,0.312,0.312,0.312
RGI60-19.00196,0.945,0.945,0.945,0.945,0.945,0.945,0.945,0.945,0.945,0.945,0.945,0.945,0.945,0.945,0.945,0.945,0.945,0.945,0.945,0.945,0.945,0.945,0.945,0.945,0.315,0.315,0.409,0.409,0.409,0.409,0.409,0.409,0.409,0.409,0.409,0.409,0.409,0.409,0.409,0.409,0.409,0.409,0.409,0.409,0.409,0.409,0.409,0.409,0.409,0.409
RGI60-19.00197,0.905,0.905,0.905,0.905,0.905,0.905,0.905,0.905,0.905,0.905,0.905,0.905,0.905,0.905,0.905,0.905,0.905,0.905,0.905,0.905,0.905,0.905,0.905,0.905,0.255,0.255,0.308,0.308,0.308,0.308,0.308,0.308,0.308,0.308,0.308,0.308,0.308,0.308,0.308,0.308,0.308,0.308,0.308,0.308,0.308,0.308,0.308,0.308,0.308,0.308
RGI60-19.00198,0.945,0.945,0.945,0.945,0.945,0.945,0.945,0.945,0.945,0.945,0.945,0.945,0.945,0.945,0.945,0.945,0.945,0.945,0.945,0.945,0.945,0.945,0.945,0.945,0.315,0.315,0.409,0.409,0.409,0.409,0.409,0.409,0.409,0.409,0.409,0.409,0.409,0.409,0.409,0.409,0.409,0.409,0.409,0.409,0.409,0.409,0.409,0.409,0.409,0.409
RGI60-19.00199,0.904,0.904,0.904,0.904,0.904,0.904,0.904,0.904,0.904,0.904,0.904,0.904,0.904,0.904,0.904,0.904,0.904,0.904,0.904,0.904,0.904,0.904,0.904,0.904,0.256,0.256,0.307,0.307,0.307,0.307,0.307,0.307,0.307,0.307,0.307,0.307,0.307,0.307,0.307,0.307,0.307,0.307,0.307,0.307,0.307,0.307,0.307,0.307,0.307,0.307
RGI60-19.00200,0.945,0.945,0.945,0.945,0.945,0.945,0.945,0.945,0.945,0.945,0.945,0.945,0.945,0.945,0.945,0.945,0.945,0.945,0.945,0.945,0.945,0.945,0.945,0.945,0.315,0.315,0.409,0.409,0.409,0.409,0.409,0.409,0.409,0.409,0.409,0.409,0.409,0.409,0.409,0.409,0.409,0.409,0.409,0.409,0.409,0.409,0.409,0.409,0.409,0.409
RGI60-19.00201,0.904,0.904,0.904,0.904,0.904,0.904,0.904,0.904,0.904,0.904,0.904,0.904,0.904,0.904,0.904,0.904,0.904,0.904,0.904,0.904,0.904,0.904,0.904,0.904,0.255,0.255,0.305,0.305,0.305,0.305,0.305,0.305,0.305,0.305,0.305,0.305,0.305,0.305,0.305,0.305,0.305,0.305,0.305,0.305,0.305,0.305,0.305,0.305,0.305,0.305
RGI60-19.00202,0.903,0.903,0.903,0.903,0.903,0.903,0.903,0.903,0.903,0.903,0.903,0.903,0.903,0.903,0.903,0.903,0.903,0.903,0.903,0.903,0.903,0.903,0.903,0.903,0.254,0.254,0.304,0.304,0.304,0.304,0.304,0.304,0.304,0.304,0.304,0.304,0.304,0.304,0.304,0.304,0.304,0.304,0.304,0.304,0.304,0.304,0.304,0.304,0.304,0.304
RGI60-19.00203,0.91,0.91,0.91,0.91,0.91,0.91,0.91,0.91,0.91,0.91,0.91,0.91,0.91,0.91,0.91,0.91,0.91,0.91,0.91,0.91,0.91,0.91,0.91,0.91,0.262,0.262,0.323,0.323,0.323,0.323,0.323,0.323,0.323,0.323,0.323,0.323,0.323,0.323,0.323,0.323,0.323,0.323,0.323,0.323,0.323,0.323,0.323,0.323,0.323,0.323
RGI60-19.00204,0.945,0.945,0.945,0.945,0.945,0.945,0.945,0.945,0.945,0.945,0.945,0.945,0.945,0.945,0.945,0.945,0.945,0.945,0.945,0.945,0.945,0.945,0.945,0.945,0.315,0.315,0.409,0.409,0.409,0.409,0.409,0.409,0.409,0.409,0.409,0.409,0.409,0.409,0.409,0.409,0.409,0.409,0.409,0.409,0.409,0.409,0.409,0.409,0.409,0.409
RGI60-19.00205,0.91,0.91,0.91,0.91,0.91,0.91,0.91,0.91,0.91,0.91,0.91,0.91,0.91,0.91,0.91,0.91,0.91,0.91,0.91,0.91,0.91,0.91,0.91,0.91,0.263,0.263,0.324,0.324,0.324,0.324,0.324,0.324,0.324,0.324,0.324,0.324,0.324,0.324,0.324,0.324,0.324,0.324,0.324,0.324,0.324,0.324,0.324,0.324,0.324,0.324
RGI60-19.00206,0.909,0.909,0.909,0.909,0.909,0.909,0.909,0.909,0.909,0.909,0.909,0.909,0.909,0.909,0.909,0.909,0.909,0.909,0.909,0.909,0.909,0.909,0.909,0.909,0.26,0.26,0.321,0.321,0.321,0.321,0.321,0.321,0.321,0.321,0.321,0.321,0.321,0.321,0.321,0.321,0.321,0.321,0.321,0.321,0.321,0.321,0.321,0.321,0.321,0.321
RGI60-19.00207,0.909,0.909,0.909,0.909,0.909,0.909,0.909,0.909,0.909,0.909,0.909,0.909,0.909,0.909,0.909,0.909,0.909,0.909,0.909,0.909,0.909,0.909,0.909,0.909,0.261,0.261,0.321,0.321,0.321,0.321,0.321,0.321,0.321,0.321,0.321,0.321,0.321,0.321,0.321,0.321,0.321,0.321,0.321,0.321,0.321,0.321,0.321,0.321,0.321,0.321
RGI60-19.00208,0.908,0.908,0.908,0.908,0.908,0.908,0.908,0.908,0.908,0.908,0.908,0.908,0.908,0.908,0.908,0.908,0.908,0.908,0.908,0.908,0.908,0.908,0.908,0.908,0.261,0.261,0.318,0.318,0.318,0.318,0.318,0.318,0.318,0.318,0.318,0.318,0.318,0.318,0.318,0.318,0.318,0.318,0.318,0.318,0.318,0.318,0.318,0.318,0.318,0.318
RGI60-19.00209,0.908,0.908,0.908,0.908,0.908,0.908,0.908,0.908,0.908,0.908,0.908,0.908,0.908,0.908,0.908,0.908,0.908,0.908,0.908,0.908,0.908,0.908,0.908,0.908,0.261,0.261,0.318,0.318,0.318,0.318,0.318,0.318,0.318,0.318,0.318,0.318,0.318,0.318,0.318,0.318,0.318,0.318,0.318,0.318,0.318,0.318,0.318,0.318,0.318,0.318
RGI60-19.00210,0.907,0.907,0.907,0.907,0.907,0.907,0.907,0.907,0.907,0.907,0.907,0.907,0.907,0.907,0.907,0.907,0.907,0.907,0.907,0.907,0.907,0.907,0.907,0.907,0.26,0.26,0.316,0.316,0.316,0.316,0.316,0.316,0.316,0.316,0.316,0.316,0.316,0.316,0.316,0.316,0.316,0.316,0.316,0.316,0.316,0.316,0.316,0.316,0.316,0.316
RGI60-19.00211,0.909,0.909,0.909,0.909,0.909,0.909,0.909,0.909,0.909,0.909,0.909,0.909,0.909,0.909,0.909,0.909,0.909,0.909,0.909,0.909,0.909,0.909,0.909,0.909,0.263,0.263,0.322,0.322,0.322,0.322,0.322,0.322,0.322,0.322,0.322,0.322,0.322,0.322,0.322,0.322,0.322,0.322,0.322,0.322,0.322,0.322,0.322,0.322,0.322,0.322
RGI60-19.00212,0.909,0.909,0.909,0.909,0.909,0.909,0.909,0.909,0.909,0.909,0.909,0.909,0.909,0.909,0.909,0.909,0.909,0.909,0.909,0.909,0.909,0.909,0.909,0.909,0.263,0.263,0.322,0.322,0.322,0.322,0.322,0.322,0.322,0.322,0.322,0.322,0.322,0.322,0.322,0.322,0.322,0.322,0.322,0.322,0.322,0.322,0.322,0.322,0.322,0.322
RGI60-19.00213,0.907,0.907,0.907,0.907,0.907,0.907,0.907,0.907,0.907,0.907,0.907,0.907,0.907,0.907,0.907,0.907,0.907,0.907,0.907,0.907,0.907,0.907,0.907,0.907,0.259,0.259,0.316,0.316,0.316,0.316,0.316,0.316,0.316,0.316,0.316,0.316,0.316,0.316,0.316,0.316,0.316,0.316,0.316,0.316,0.316,0.316,0.316,0.316,0.316,0.316
RGI60-19.00214,0.907,0.907,0.907,0.907,0.907,0.907,0.907,0.907,0.907,0.907,0.907,0.907,0.907,0.907,0.907,0.907,0.907,0.907,0.907,0.907,0.907,0.907,0.907,0.907,0.259,0.259,0.316,0.316,0.316,0.316,0.316,0.316,0.316,0.316,0.316,0.316,0.316,0.316,0.316,0.316,0.316,0.316,0.316,0.316,0.316,0.316,0.316,0.316,0.316,0.316
RGI60-19.00215,0.908,0.908,0.908,0.908,0.908,0.908,0.908,0.908,0.908,0.908,0.908,0.908,0.908,0.908,0.908,0.908,0.908,0.908,0.908,0.908,0.908,0.908,0.908,0.908,0.26,0.26,0.317,0.317,0.317,0.317,0.317,0.317,0.317,0.317,0.317,0.317,0.317,0.317,0.317,0.317,0.317,0.317,0.317,0.317,0.317,0.317,0.317,0.317,0.317,0.317
RGI60-19.00216,0.908,0.908,0.908,0.908,0.908,0.908,0.908,0.908,0.908,0.908,0.908,0.908,0.908,0.908,0.908,0.908,0.908,0.908,0.908,0.908,0.908,0.908,0.908,0.908,0.259,0.259,0.317,0.317,0.317,0.317,0.317,0.317,0.317,0.317,0.317,0.317,0.317,0.317,0.317,0.317,0.317,0.317,0.317,0.317,0.317,0.317,0.317,0.317,0.317,0.317
RGI60-19.00217,0.908,0.908,0.908,0.908,0.908,0.908,0.908,0.908,0.908,0.908,0.908,0.908,0.908,0.908,0.908,0.908,0.908,0.908,0.908,0.908,0.908,0.908,0.908,0.908,0.26,0.26,0.317,0.317,0.317,0.317,0.317,0.317,0.317,0.317,0.317,0.317,0.317,0.317,0.317,0.317,0.317,0.317,0.317,0.317,0.317,0.317,0.317,0.317,0.317,0.317
RGI60-19.00218,0.908,0.908,0.908,0.908,0.908,0.908,0.908,0.908,0.908,0.908,0.908,0.908,0.908,0.908,0.908,0.908,0.908,0.908,0.908,0.908,0.908,0.908,0.908,0.908,0.26,0.26,0.317,0.317,0.317,0.317,0.317,0.317,0.317,0.317,0.317,0.317,0.317,0.317,0.317,0.317,0.317,0.317,0.317,0.317,0.317,0.317,0.317,0.317,0.317,0.317
RGI60-19.00219,0.945,0.945,0.945,0.945,0.945,0.945,0.945,0.945,0.945,0.945,0.945,0.945,0.945,0.945,0.945,0.945,0.945,0.945,0.945,0.945,0.945,0.945,0.945,0.945,0.315,0.315,0.409,0.409,0.409,0.409,0.409,0.409,0.409,0.409,0.409,0.409,0.409,0.409,0.409,0.409,0.409,0.409,0.409,0.409,0.409,0.409,0.409,0.409,0.409,0.409
RGI60-19.00220,0.908,0.908,0.908,0.908,0.908,0.908,0.908,0.908,0.908,0.908,0.908,0.908,0.908,0.908,0.908,0.908,0.908,0.908,0.908,0.908,0.908,0.908,0.908,0.908,0.26,0.26,0.318,0.318,0.318,0.318,0.318,0.318,0.318,0.318,0.318,0.318,0.318,0.318,0.318,0.318,0.318,0.318,0.318,0.318,0.318,0.318,0.318,0.318,0.318,0.318
RGI60-19.00221,0.908,0.908,0.908,0.908,0.908,0.908,0.908,0.908,0.908,0.908,0.908,0.908,0.908,0.908,0.908,0.908,0.908,0.908,0.908,0.908,0.908,0.908,0.908,0.908,0.26,0.26,0.318,0.318,0.318,0.318,0.318,0.318,0.318,0.318,0.318,0.318,0.318,0.318,0.318,0.318,0.318,0.318,0.318,0.318,0.318,0.318,0.318,0.318,0.318,0.318
RGI60-19.00222,0.945,0.945,0.945,0.945,0.945,0.945,0.945,0.945,0.945,0.945,0.945,0.945,0.945,0.945,0.945,0.945,0.945,0.945,0.945,0.945,0.945,0.945,0.945,0.945,0.315,0.315,0.409,0.409,0.409,0.409,0.409,0.409,0.409,0.409,0.409,0.409,0.409,0.409,0.409,0.409,0.409,0.409,0.409,0.409,0.409,0.409,0.409,0.409,0.409,0.409
RGI60-19.00223,0.908,0.908,0.908,0.908,0.908,0.908,0.908,0.908,0.908,0.908,0.908,0.908,0.908,0.908,0.908,0.908,0.908,0.908,0.908,0.908,0.908,0.908,0.908,0.908,0.26,0.26,0.318,0.318,0.318,0.318,0.318,0.318,0.318,0.318,0.318,0.318,0.318,0.318,0.318,0.318,0.318,0.318,0.318,0.318,0.318,0.318,0.318,0.318,0.318,0.318
RGI60-19.00224,0.908,0.908,0.908,0.908,0.908,0.908,0.908,0.908,0.908,0.908,0.908,0.908,0.908,0.908,0.908,0.908,0.908,0.908,0.908,0.908,0.908,0.908,0.908,0.908,0.26,0.26,0.319,0.319,0.319,0.319,0.319,0.319,0.319,0.319,0.319,0.319,0.319,0.319,0.319,0.319,0.319,0.319,0.319,0.319,0.319,0.319,0.319,0.319,0.319,0.319
RGI60-19.00225,0.908,0.908,0.908,0.908,0.908,0.908,0.908,0.908,0.908,0.908,0.908,0.908,0.908,0.908,0.908,0.908,0.908,0.908,0.908,0.908,0.908,0.908,0.908,0.908,0.261,0.261,0.319,0.319,0.319,0.319,0.319,0.319,0.319,0.319,0.319,0.319,0.319,0.319,0.319,0.319,0.319,0.319,0.319,0.319,0.319,0.319,0.319,0.319,0.319,0.319
RGI60-19.00226,0.945,0.945,0.945,0.945,0.945,0.945,0.945,0.945,0.945,0.945,0.945,0.945,0.945,0.945,0.945,0.945,0.945,0.945,0.945,0.945,0.945,0.945,0.945,0.945,0.315,0.315,0.409,0.409,0.409,0.409,0.409,0.409,0.409,0.409,0.409,0.409,0.409,0.409,0.409,0.409,0.409,0.409,0.409,0.409,0.409,0.409,0.409,0.409,0.409,0.409
RGI60-19.00227,0.945,0.945,0.945,0.945,0.945,0.945,0.945,0.945,0.945,0.945,0.945,0.945,0.945,0.945,0.945,0.945,0.945,0.945,0.945,0.945,0.945,0.945,0.945,0.945,0.315,0.315,0.409,0.409,0.409,0.409,0.409,0.409,0.409,0.409,0.409,0.409,0.409,0.409,0.409,0.409,0.409,0.409,0.409,0.409,0.409,0.409,0.409,0.409,0.409,0.409
RGI60-19.00228,0.945,0.945,0.945,0.945,0.945,0.945,0.945,0.945,0.945,0.945,0.945,0.945,0.945,0.945,0.945,0.945,0.945,0.945,0.945,0.945,0.945,0.945,0.945,0.945,0.315,0.315,0.409,0.409,0.409,0.409,0.409,0.409,0.409,0.409,0.409,0.409,0.409,0.409,0.409,0.409,0.409,0.409,0.409,0.409,0.409,0.409,0.409,0.409,0.409,0.409
RGI60-19.00229,0.945,0.945,0.945,0.945,0.945,0.945,0.945,0.945,0.945,0.945,0.945,0.945,0.945,0.945,0.945,0.945,0.945,0.945,0.945,0.945,0.945,0.945,0.945,0.945,0.315,0.315,0.409,0.409,0.409,0.409,0.409,0.409,0.409,0.409,0.409,0.409,0.409,0.409,0.409,0.409,0.409,0.409,0.409,0.409,0.409,0.409,0.409,0.409,0.409,0.409
RGI60-19.00230,0.945,0.945,0.945,0.945,0.945,0.945,0.945,0.945,0.945,0.945,0.945,0.945,0.945,0.945,0.945,0.945,0.945,0.945,0.945,0.945,0.945,0.945,0.945,0.945,0.315,0.315,0.409,0.409,0.409,0.409,0.409,0.409,0.409,0.409,0.409,0.409,0.409,0.409,0.409,0.409,0.409,0.409,0.409,0.409,0.409,0.409,0.409,0.409,0.409,0.409
RGI60-19.00231,0.904,0.904,0.904,0.904,0.904,0.904,0.904,0.904,0.904,0.904,0.904,0.904,0.904,0.904,0.904,0.904,0.904,0.904,0.904,0.904,0.904,0.904,0.904,0.904,0.255,0.255,0.306,0.306,0.306,0.306,0.306,0.306,0.306,0.306,0.306,0.306,0.306,0.306,0.306,0.306,0.306,0.306,0.306,0.306,0.306,0.306,0.306,0.306,0.306,0.306
RGI60-19.00232,0.945,0.945,0.945,0.945,0.945,0.945,0.945,0.945,0.945,0.945,0.945,0.945,0.945,0.945,0.945,0.945,0.945,0.945,0.945,0.945,0.945,0.945,0.945,0.945,0.315,0.315,0.409,0.409,0.409,0.409,0.409,0.409,0.409,0.409,0.409,0.409,0.409,0.409,0.409,0.409,0.409,0.409,0.409,0.409,0.409,0.409,0.409,0.409,0.409,0.409
RGI60-19.00233,0.945,0.945,0.945,0.945,0.945,0.945,0.945,0.945,0.945,0.945,0.945,0.945,0.945,0.945,0.945,0.945,0.945,0.945,0.945,0.945,0.945,0.945,0.945,0.945,0.315,0.315,0.409,0.409,0.409,0.409,0.409,0.409,0.409,0.409,0.409,0.409,0.409,0.409,0.409,0.409,0.409,0.409,0.409,0.409,0.409,0.409,0.409,0.409,0.409,0.409
RGI60-19.00234,0.945,0.945,0.945,0.945,0.945,0.945,0.945,0.945,0.945,0.945,0.945,0.945,0.945,0.945,0.945,0.945,0.945,0.945,0.945,0.945,0.945,0.945,0.945,0.945,0.315,0.315,0.409,0.409,0.409,0.409,0.409,0.409,0.409,0.409,0.409,0.409,0.409,0.409,0.409,0.409,0.409,0.409,0.409,0.409,0.409,0.409,0.409,0.409,0.409,0.409
RGI60-19.00235,0.903,0.903,0.903,0.903,0.903,0.903,0.903,0.903,0.903,0.903,0.903,0.903,0.903,0.903,0.903,0.903,0.903,0.903,0.903,0.903,0.903,0.903,0.903,0.903,0.254,0.254,0.304,0.304,0.304,0.304,0.304,0.304,0.304,0.304,0.304,0.304,0.304,0.304,0.304,0.304,0.304,0.304,0.304,0.304,0.304,0.304,0.304,0.304,0.304,0.304
RGI60-19.00236,0.903,0.903,0.903,0.903,0.903,0.903,0.903,0.903,0.903,0.903,0.903,0.903,0.903,0.903,0.903,0.903,0.903,0.903,0.903,0.903,0.903,0.903,0.903,0.903,0.254,0.254,0.305,0.305,0.305,0.305,0.305,0.305,0.305,0.305,0.305,0.305,0.305,0.305,0.305,0.305,0.305,0.305,0.305,0.305,0.305,0.305,0.305,0.305,0.305,0.305
RGI60-19.00237,0.909,0.909,0.909,0.909,0.909,0.909,0.909,0.909,0.909,0.909,0.909,0.909,0.909,0.909,0.909,0.909,0.909,0.909,0.909,0.909,0.909,0.909,0.909,0.909,0.261,0.261,0.321,0.321,0.321,0.321,0.321,0.321,0.321,0.321,0.321,0.321,0.321,0.321,0.321,0.321,0.321,0.321,0.321,0.321,0.321,0.321,0.321,0.321,0.321,0.321
RGI60-19.00238,0.909,0.909,0.909,0.909,0.909,0.909,0.909,0.909,0.909,0.909,0.909,0.909,0.909,0.909,0.909,0.909,0.909,0.909,0.909,0.909,0.909,0.909,0.909,0.909,0.261,0.261,0.321,0.321,0.321,0.321,0.321,0.321,0.321,0.321,0.321,0.321,0.321,0.321,0.321,0.321,0.321,0.321,0.321,0.321,0.321,0.321,0.321,0.321,0.321,0.321
RGI60-19.00239,0.903,0.903,0.903,0.903,0.903,0.903,0.903,0.903,0.903,0.903,0.903,0.903,0.903,0.903,0.903,0.903,0.903,0.903,0.903,0.903,0.903,0.903,0.903,0.903,0.253,0.253,0.304,0.304,0.304,0.304,0.304,0.304,0.304,0.304,0.304,0.304,0.304,0.304,0.304,0.304,0.304,0.304,0.304,0.304,0.304,0.304,0.304,0.304,0.304,0.304
RGI60-19.00240,0.945,0.945,0.945,0.945,0.945,0.945,0.945,0.945,0.945,0.945,0.945,0.945,0.945,0.945,0.945,0.945,0.945,0.945,0.945,0.945,0.945,0.945,0.945,0.945,0.315,0.315,0.409,0.409,0.409,0.409,0.409,0.409,0.409,0.409,0.409,0.409,0.409,0.409,0.409,0.409,0.409,0.409,0.409,0.409,0.409,0.409,0.409,0.409,0.409,0.409
RGI60-19.00241,0.903,0.903,0.903,0.903,0.903,0.903,0.903,0.903,0.903,0.903,0.903,0.903,0.903,0.903,0.903,0.903,0.903,0.903,0.903,0.903,0.903,0.903,0.903,0.903,0.253,0.253,0.305,0.305,0.305,0.305,0.305,0.305,0.305,0.305,0.305,0.305,0.305,0.305,0.305,0.305,0.305,0.305,0.305,0.305,0.305,0.305,0.305,0.305,0.305,0.305
RGI60-19.00242,0.945,0.945,0.945,0.945,0.945,0.945,0.945,0.945,0.945,0.945,0.945,0.945,0.945,0.945,0.945,0.945,0.945,0.945,0.945,0.945,0.945,0.945,0.945,0.945,0.315,0.315,0.409,0.409,0.409,0.409,0.409,0.409,0.409,0.409,0.409,0.409,0.409,0.409,0.409,0.409,0.409,0.409,0.409,0.409,0.409,0.409,0.409,0.409,0.409,0.409
RGI60-19.00243,0.945,0.945,0.945,0.945,0.945,0.945,0.945,0.945,0.945,0.945,0.945,0.945,0.945,0.945,0.945,0.945,0.945,0.945,0.945,0.945,0.945,0.945,0.945,0.945,0.315,0.315,0.409,0.409,0.409,0.409,0.409,0.409,0.409,0.409,0.409,0.409,0.409,0.409,0.409,0.409,0.409,0.409,0.409,0.409,0.409,0.409,0.409,0.409,0.409,0.409
RGI60-19.00244,0.904,0.904,0.904,0.904,0.904,0.904,0.904,0.904,0.904,0.904,0.904,0.904,0.904,0.904,0.904,0.904,0.904,0.904,0.904,0.904,0.904,0.904,0.904,0.904,0.253,0.253,0.306,0.306,0.306,0.306,0.306,0.306,0.306,0.306,0.306,0.306,0.306,0.306,0.306,0.306,0.306,0.306,0.306,0.306,0.306,0.306,0.306,0.306,0.306,0.306
RGI60-19.00245,0.904,0.904,0.904,0.904,0.904,0.904,0.904,0.904,0.904,0.904,0.904,0.904,0.904,0.904,0.904,0.904,0.904,0.904,0.904,0.904,0.904,0.904,0.904,0.904,0.254,0.254,0.306,0.306,0.306,0.306,0.306,0.306,0.306,0.306,0.306,0.306,0.306,0.306,0.306,0.306,0.306,0.306,0.306,0.306,0.306,0.306,0.306,0.306,0.306,0.306
RGI60-19.00246,0.904,0.904,0.904,0.904,0.904,0.904,0.904,0.904,0.904,0.904,0.904,0.904,0.904,0.904,0.904,0.904,0.904,0.904,0.904,0.904,0.904,0.904,0.904,0.904,0.254,0.254,0.306,0.306,0.306,0.306,0.306,0.306,0.306,0.306,0.306,0.306,0.306,0.306,0.306,0.306,0.306,0.306,0.306,0.306,0.306,0.306,0.306,0.306,0.306,0.306
RGI60-19.00247,0.904,0.904,0.904,0.904,0.904,0.904,0.904,0.904,0.904,0.904,0.904,0.904,0.904,0.904,0.904,0.904,0.904,0.904,0.904,0.904,0.904,0.904,0.904,0.904,0.254,0.254,0.305,0.305,0.305,0.305,0.305,0.305,0.305,0.305,0.305,0.305,0.305,0.305,0.305,0.305,0.305,0.305,0.305,0.305,0.305,0.305,0.305,0.305,0.305,0.305
RGI60-19.00248,0.904,0.904,0.904,0.904,0.904,0.904,0.904,0.904,0.904,0.904,0.904,0.904,0.904,0.904,0.904,0.904,0.904,0.904,0.904,0.904,0.904,0.904,0.904,0.904,0.254,0.254,0.306,0.306,0.306,0.306,0.306,0.306,0.306,0.306,0.306,0.306,0.306,0.306,0.306,0.306,0.306,0.306,0.306,0.306,0.306,0.306,0.306,0.306,0.306,0.306
RGI60-19.00249,0.945,0.945,0.945,0.945,0.945,0.945,0.945,0.945,0.945,0.945,0.945,0.945,0.945,0.945,0.945,0.945,0.945,0.945,0.945,0.945,0.945,0.945,0.945,0.945,0.315,0.315,0.409,0.409,0.409,0.409,0.409,0.409,0.409,0.409,0.409,0.409,0.409,0.409,0.409,0.409,0.409,0.409,0.409,0.409,0.409,0.409,0.409,0.409,0.409,0.409
RGI60-19.00250,0.904,0.904,0.904,0.904,0.904,0.904,0.904,0.904,0.904,0.904,0.904,0.904,0.904,0.904,0.904,0.904,0.904,0.904,0.904,0.904,0.904,0.904,0.904,0.904,0.254,0.254,0.307,0.307,0.307,0.307,0.307,0.307,0.307,0.307,0.307,0.307,0.307,0.307,0.307,0.307,0.307,0.307,0.307,0.307,0.307,0.307,0.307,0.307,0.307,0.307
RGI60-19.00251,0.905,0.905,0.905,0.905,0.905,0.905,0.905,0.905,0.905,0.905,0.905,0.905,0.905,0.905,0.905,0.905,0.905,0.905,0.905,0.905,0.905,0.905,0.905,0.905,0.255,0.255,0.309,0.309,0.309,0.309,0.309,0.309,0.309,0.309,0.309,0.309,0.309,0.309,0.309,0.309,0.309,0.309,0.309,0.309,0.309,0.309,0.309,0.309,0.309,0.309
RGI60-19.00252,0.905,0.905,0.905,0.905,0.905,0.905,0.905,0.905,0.905,0.905,0.905,0.905,0.905,0.905,0.905,0.905,0.905,0.905,0.905,0.905,0.905,0.905,0.905,0.905,0.256,0.256,0.308,0.308,0.308,0.308,0.308,0.308,0.308,0.308,0.308,0.308,0.308,0.308,0.308,0.308,0.308,0.308,0.308,0.308,0.308,0.308,0.308,0.308,0.308,0.308
RGI60-19.00253,0.945,0.945,0.945,0.945,0.945,0.945,0.945,0.945,0.945,0.945,0.945,0.945,0.945,0.945,0.945,0.945,0.945,0.945,0.945,0.945,0.945,0.945,0.945,0.945,0.315,0.315,0.409,0.409,0.409,0.409,0.409,0.409,0.409,0.409,0.409,0.409,0.409,0.409,0.409,0.409,0.409,0.409,0.409,0.409,0.409,0.409,0.409,0.409,0.409,0.409
RGI60-19.00254,0.945,0.945,0.945,0.945,0.945,0.945,0.945,0.945,0.945,0.945,0.945,0.945,0.945,0.945,0.945,0.945,0.945,0.945,0.945,0.945,0.945,0.945,0.945,0.945,0.315,0.315,0.409,0.409,0.409,0.409,0.409,0.409,0.409,0.409,0.409,0.409,0.409,0.409,0.409,0.409,0.409,0.409,0.409,0.409,0.409,0.409,0.409,0.409,0.409,0.409
RGI60-19.00255,0.945,0.945,0.945,0.945,0.945,0.945,0.945,0.945,0.945,0.945,0.945,0.945,0.945,0.945,0.945,0.945,0.945,0.945,0.945,0.945,0.945,0.945,0.945,0.945,0.315,0.315,0.409,0.409,0.409,0.409,0.409,0.409,0.409,0.409,0.409,0.409,0.409,0.409,0.409,0.409,0.409,0.409,0.409,0.409,0.409,0.409,0.409,0.409,0.409,0.409
RGI60-19.00256,0.945,0.945,0.945,0.945,0.945,0.945,0.945,0.945,0.945,0.945,0.945,0.945,0.945,0.945,0.945,0.945,0.945,0.945,0.945,0.945,0.945,0.945,0.945,0.945,0.315,0.315,0.409,0.409,0.409,0.409,0.409,0.409,0.409,0.409,0.409,0.409,0.409,0.409,0.409,0.409,0.409,0.409,0.409,0.409,0.409,0.409,0.409,0.409,0.409,0.409
RGI60-19.00257,0.905,0.905,0.905,0.905,0.905,0.905,0.905,0.905,0.905,0.905,0.905,0.905,0.905,0.905,0.905,0.905,0.905,0.905,0.905,0.905,0.905,0.905,0.905,0.905,0.256,0.256,0.308,0.308,0.308,0.308,0.308,0.308,0.308,0.308,0.308,0.308,0.308,0.308,0.308,0.308,0.308,0.308,0.308,0.308,0.308,0.308,0.308,0.308,0.308,0.308
RGI60-19.00258,0.905,0.905,0.905,0.905,0.905,0.905,0.905,0.905,0.905,0.905,0.905,0.905,0.905,0.905,0.905,0.905,0.905,0.905,0.905,0.905,0.905,0.905,0.905,0.905,0.256,0.256,0.31,0.31,0.31,0.31,0.31,0.31,0.31,0.31,0.31,0.31,0.31,0.31,0.31,0.31,0.31,0.31,0.31,0.31,0.31,0.31,0.31,0.31,0.31,0.31
RGI60-19.00259,0.945,0.945,0.945,0.945,0.945,0.945,0.945,0.945,0.945,0.945,0.945,0.945,0.945,0.945,0.945,0.945,0.945,0.945,0.945,0.945,0.945,0.945,0.945,0.945,0.315,0.315,0.409,0.409,0.409,0.409,0.409,0.409,0.409,0.409,0.409,0.409,0.409,0.409,0.409,0.409,0.409,0.409,0.409,0.409,0.409,0.409,0.409,0.409,0.409,0.409
RGI60-19.00260,0.945,0.945,0.945,0.945,0.945,0.945,0.945,0.945,0.945,0.945,0.945,0.945,0.945,0.945,0.945,0.945,0.945,0.945,0.945,0.945,0.945,0.945,0.945,0.945,0.315,0.315,0.409,0.409,0.409,0.409,0.409,0.409,0.409,0.409,0.409,0.409,0.409,0.409,0.409,0.409,0.409,0.409,0.409,0.409,0.409,0.409,0.409,0.409,0.409,0.409
RGI60-19.00261,0.905,0.905,0.905,0.905,0.905,0.905,0.905,0.905,0.905,0.905,0.905,0.905,0.905,0.905,0.905,0.905,0.905,0.905,0.905,0.905,0.905,0.905,0.905,0.905,0.256,0.256,0.311,0.311,0.311,0.311,0.311,0.311,0.311,0.311,0.311,0.311,0.311,0.311,0.311,0.311,0.311,0.311,0.311,0.311,0.311,0.311,0.311,0.311,0.311,0.311
RGI60-19.00262,0.945,0.945,0.945,0.945,0.945,0.945,0.945,0.945,0.945,0.945,0.945,0.945,0.945,0.945,0.945,0.945,0.945,0.945,0.945,0.945,0.945,0.945,0.945,0.945,0.315,0.315,0.409,0.409,0.409,0.409,0.409,0.409,0.409,0.409,0.409,0.409,0.409,0.409,0.409,0.409,0.409,0.409,0.409,0.409,0.409,0.409,0.409,0.409,0.409,0.409
RGI60-19.00263,0.945,0.945,0.945,0.945,0.945,0.945,0.945,0.945,0.945,0.945,0.945,0.945,0.945,0.945,0.945,0.945,0.945,0.945,0.945,0.945,0.945,0.945,0.945,0.945,0.315,0.315,0.409,0.409,0.409,0.409,0.409,0.409,0.409,0.409,0.409,0.409,0.409,0.409,0.409,0.409,0.409,0.409,0.409,0.409,0.409,0.409,0.409,0.409,0.409,0.409
RGI60-19.00264,0.945,0.945,0.945,0.945,0.945,0.945,0.945,0.945,0.945,0.945,0.945,0.945,0.945,0.945,0.945,0.945,0.945,0.945,0.945,0.945,0.945,0.945,0.945,0.945,0.315,0.315,0.409,0.409,0.409,0.409,0.409,0.409,0.409,0.409,0.409,0.409,0.409,0.409,0.409,0.409,0.409,0.409,0.409,0.409,0.409,0.409,0.409,0.409,0.409,0.409
RGI60-19.00265,0.945,0.945,0.945,0.945,0.945,0.945,0.945,0.945,0.945,0.945,0.945,0.945,0.945,0.945,0.945,0.945,0.945,0.945,0.945,0.945,0.945,0.945,0.945,0.945,0.315,0.315,0.409,0.409,0.409,0.409,0.409,0.409,0.409,0.409,0.409,0.409,0.409,0.409,0.409,0.409,0.409,0.409,0.409,0.409,0.409,0.409,0.409,0.409,0.409,0.409
RGI60-19.00266,0.945,0.945,0.945,0.945,0.945,0.945,0.945,0.945,0.945,0.945,0.945,0.945,0.945,0.945,0.945,0.945,0.945,0.945,0.945,0.945,0.945,0.945,0.945,0.945,0.315,0.315,0.409,0.409,0.409,0.409,0.409,0.409,0.409,0.409,0.409,0.409,0.409,0.409,0.409,0.409,0.409,0.409,0.409,0.409,0.409,0.409,0.409,0.409,0.409,0.409
RGI60-19.00267,0.945,0.945,0.945,0.945,0.945,0.945,0.945,0.945,0.945,0.945,0.945,0.945,0.945,0.945,0.945,0.945,0.945,0.945,0.945,0.945,0.945,0.945,0.945,0.945,0.315,0.315,0.409,0.409,0.409,0.409,0.409,0.409,0.409,0.409,0.409,0.409,0.409,0.409,0.409,0.409,0.409,0.409,0.409,0.409,0.409,0.409,0.409,0.409,0.409,0.409
RGI60-19.00268,0.945,0.945,0.945,0.945,0.945,0.945,0.945,0.945,0.945,0.945,0.945,0.945,0.945,0.945,0.945,0.945,0.945,0.945,0.945,0.945,0.945,0.945,0.945,0.945,0.315,0.315,0.409,0.409,0.409,0.409,0.409,0.409,0.409,0.409,0.409,0.409,0.409,0.409,0.409,0.409,0.409,0.409,0.409,0.409,0.409,0.409,0.409,0.409,0.409,0.409
RGI60-19.00269,0.945,0.945,0.945,0.945,0.945,0.945,0.945,0.945,0.945,0.945,0.945,0.945,0.945,0.945,0.945,0.945,0.945,0.945,0.945,0.945,0.945,0.945,0.945,0.945,0.315,0.315,0.409,0.409,0.409,0.409,0.409,0.409,0.409,0.409,0.409,0.409,0.409,0.409,0.409,0.409,0.409,0.409,0.409,0.409,0.409,0.409,0.409,0.409,0.409,0.409
RGI60-19.00270,0.905,0.905,0.905,0.905,0.905,0.905,0.905,0.905,0.905,0.905,0.905,0.905,0.905,0.905,0.905,0.905,0.905,0.905,0.905,0.905,0.905,0.905,0.905,0.905,0.256,0.256,0.311,0.311,0.311,0.311,0.311,0.311,0.311,0.311,0.311,0.311,0.311,0.311,0.311,0.311,0.311,0.311,0.311,0.311,0.311,0.311,0.311,0.311,0.311,0.311
RGI60-19.00271,0.906,0.906,0.906,0.906,0.906,0.906,0.906,0.906,0.906,0.906,0.906,0.906,0.906,0.906,0.906,0.906,0.906,0.906,0.906,0.906,0.906,0.906,0.906,0.906,0.256,0.256,0.312,0.312,0.312,0.312,0.312,0.312,0.312,0.312,0.312,0.312,0.312,0.312,0.312,0.312,0.312,0.312,0.312,0.312,0.312,0.312,0.312,0.312,0.312,0.312
RGI60-19.00272,0.945,0.945,0.945,0.945,0.945,0.945,0.945,0.945,0.945,0.945,0.945,0.945,0.945,0.945,0.945,0.945,0.945,0.945,0.945,0.945,0.945,0.945,0.945,0.945,0.315,0.315,0.409,0.409,0.409,0.409,0.409,0.409,0.409,0.409,0.409,0.409,0.409,0.409,0.409,0.409,0.409,0.409,0.409,0.409,0.409,0.409,0.409,0.409,0.409,0.409
RGI60-19.00273,0.945,0.945,0.945,0.945,0.945,0.945,0.945,0.945,0.945,0.945,0.945,0.945,0.945,0.945,0.945,0.945,0.945,0.945,0.945,0.945,0.945,0.945,0.945,0.945,0.315,0.315,0.409,0.409,0.409,0.409,0.409,0.409,0.409,0.409,0.409,0.409,0.409,0.409,0.409,0.409,0.409,0.409,0.409,0.409,0.409,0.409,0.409,0.409,0.409,0.409
RGI60-19.00274,0.945,0.945,0.945,0.945,0.945,0.945,0.945,0.945,0.945,0.945,0.945,0.945,0.945,0.945,0.945,0.945,0.945,0.945,0.945,0.945,0.945,0.945,0.945,0.945,0.315,0.315,0.409,0.409,0.409,0.409,0.409,0.409,0.409,0.409,0.409,0.409,0.409,0.409,0.409,0.409,0.409,0.409,0.409,0.409,0.409,0.409,0.409,0.409,0.409,0.409
RGI60-19.00275,0.909,0.909,0.909,0.909,0.909,0.909,0.909,0.909,0.909,0.909,0.909,0.909,0.909,0.909,0.909,0.909,0.909,0.909,0.909,0.909,0.909,0.909,0.909,0.909,0.262,0.262,0.322,0.322,0.322,0.322,0.322,0.322,0.322,0.322,0.322,0.322,0.322,0.322,0.322,0.322,0.322,0.322,0.322,0.322,0.322,0.322,0.322,0.322,0.322,0.322
RGI60-19.00276,0.906,0.906,0.906,0.906,0.906,0.906,0.906,0.906,0.906,0.906,0.906,0.906,0.906,0.906,0.906,0.906,0.906,0.906,0.906,0.906,0.906,0.906,0.906,0.906,0.256,0.256,0.312,0.312,0.312,0.312,0.312,0.312,0.312,0.312,0.312,0.312,0.312,0.312,0.312,0.312,0.312,0.312,0.312,0.312,0.312,0.312,0.312,0.312,0.312,0.312
RGI60-19.00277,0.906,0.906,0.906,0.906,0.906,0.906,0.906,0.906,0.906,0.906,0.906,0.906,0.906,0.906,0.906,0.906,0.906,0.906,0.906,0.906,0.906,0.906,0.906,0.906,0.256,0.256,0.311,0.311,0.311,0.311,0.311,0.311,0.311,0.311,0.311,0.311,0.311,0.311,0.311,0.311,0.311,0.311,0.311,0.311,0.311,0.311,0.311,0.311,0.311,0.311
RGI60-19.00278,0.906,0.906,0.906,0.906,0.906,0.906,0.906,0.906,0.906,0.906,0.906,0.906,0.906,0.906,0.906,0.906,0.906,0.906,0.906,0.906,0.906,0.906,0.906,0.906,0.257,0.257,0.313,0.313,0.313,0.313,0.313,0.313,0.313,0.313,0.313,0.313,0.313,0.313,0.313,0.313,0.313,0.313,0.313,0.313,0.313,0.313,0.313,0.313,0.313,0.313
RGI60-19.00279,0.945,0.945,0.945,0.945,0.945,0.945,0.945,0.945,0.945,0.945,0.945,0.945,0.945,0.945,0.945,0.945,0.945,0.945,0.945,0.945,0.945,0.945,0.945,0.945,0.315,0.315,0.409,0.409,0.409,0.409,0.409,0.409,0.409,0.409,0.409,0.409,0.409,0.409,0.409,0.409,0.409,0.409,0.409,0.409,0.409,0.409,0.409,0.409,0.409,0.409
RGI60-19.00280,0.906,0.906,0.906,0.906,0.906,0.906,0.906,0.906,0.906,0.906,0.906,0.906,0.906,0.906,0.906,0.906,0.906,0.906,0.906,0.906,0.906,0.906,0.906,0.906,0.257,0.257,0.313,0.313,0.313,0.313,0.313,0.313,0.313,0.313,0.313,0.313,0.313,0.313,0.313,0.313,0.313,0.313,0.313,0.313,0.313,0.313,0.313,0.313,0.313,0.313
RGI60-19.00281,0.907,0.907,0.907,0.907,0.907,0.907,0.907,0.907,0.907,0.907,0.907,0.907,0.907,0.907,0.907,0.907,0.907,0.907,0.907,0.907,0.907,0.907,0.907,0.907,0.258,0.258,0.314,0.314,0.314,0.314,0.314,0.314,0.314,0.314,0.314,0.314,0.314,0.314,0.314,0.314,0.314,0.314,0.314,0.314,0.314,0.314,0.314,0.314,0.314,0.314
RGI60-19.00282,0.902,0.902,0.902,0.902,0.902,0.902,0.902,0.902,0.902,0.902,0.902,0.902,0.902,0.902,0.902,0.902,0.902,0.902,0.902,0.902,0.902,0.902,0.902,0.902,0.252,0.252,0.299,0.299,0.299,0.299,0.299,0.299,0.299,0.299,0.299,0.299,0.299,0.299,0.299,0.299,0.299,0.299,0.299,0.299,0.299,0.299,0.299,0.299,0.299,0.299
RGI60-19.00283,0.902,0.902,0.902,0.902,0.902,0.902,0.902,0.902,0.902,0.902,0.902,0.902,0.902,0.902,0.902,0.902,0.902,0.902,0.902,0.902,0.902,0.902,0.902,0.902,0.252,0.252,0.3,0.3,0.3,0.3,0.3,0.3,0.3,0.3,0.3,0.3,0.3,0.3,0.3,0.3,0.3,0.3,0.3,0.3,0.3,0.3,0.3,0.3,0.3,0.3
RGI60-19.00284,0.902,0.902,0.902,0.902,0.902,0.902,0.902,0.902,0.902,0.902,0.902,0.902,0.902,0.902,0.902,0.902,0.902,0.902,0.902,0.902,0.902,0.902,0.902,0.902,0.252,0.252,0.3,0.3,0.3,0.3,0.3,0.3,0.3,0.3,0.3,0.3,0.3,0.3,0.3,0.3,0.3,0.3,0.3,0.3,0.3,0.3,0.3,0.3,0.3,0.3
RGI60-19.00285,0.902,0.902,0.902,0.902,0.902,0.902,0.902,0.902,0.902,0.902,0.902,0.902,0.902,0.902,0.902,0.902,0.902,0.902,0.902,0.902,0.902,0.902,0.902,0.902,0.252,0.252,0.301,0.301,0.301,0.301,0.301,0.301,0.301,0.301,0.301,0.301,0.301,0.301,0.301,0.301,0.301,0.301,0.301,0.301,0.301,0.301,0.301,0.301,0.301,0.301
RGI60-19.00286,0.906,0.906,0.906,0.906,0.906,0.906,0.906,0.906,0.906,0.906,0.906,0.906,0.906,0.906,0.906,0.906,0.906,0.906,0.906,0.906,0.906,0.906,0.906,0.906,0.254,0.254,0.311,0.311,0.311,0.311,0.311,0.311,0.311,0.311,0.311,0.311,0.311,0.311,0.311,0.311,0.311,0.311,0.311,0.311,0.311,0.311,0.311,0.311,0.311,0.311
RGI60-19.00287,0.903,0.903,0.903,0.903,0.903,0.903,0.903,0.903,0.903,0.903,0.903,0.903,0.903,0.903,0.903,0.903,0.903,0.903,0.903,0.903,0.903,0.903,0.903,0.903,0.253,0.253,0.302,0.302,0.302,0.302,0.302,0.302,0.302,0.302,0.302,0.302,0.302,0.302,0.302,0.302,0.302,0.302,0.302,0.302,0.302,0.302,0.302,0.302,0.302,0.302
RGI60-19.00288,0.945,0.945,0.945,0.945,0.945,0.945,0.945,0.945,0.945,0.945,0.945,0.945,0.945,0.945,0.945,0.945,0.945,0.945,0.945,0.945,0.945,0.945,0.945,0.945,0.315,0.315,0.409,0.409,0.409,0.409,0.409,0.409,0.409,0.409,0.409,0.409,0.409,0.409,0.409,0.409,0.409,0.409,0.409,0.409,0.409,0.409,0.409,0.409,0.409,0.409
RGI60-19.00289,0.91,0.91,0.91,0.91,0.91,0.91,0.91,0.91,0.91,0.91,0.91,0.91,0.91,0.91,0.91,0.91,0.91,0.91,0.91,0.91,0.91,0.91,0.91,0.91,0.262,0.262,0.323,0.323,0.323,0.323,0.323,0.323,0.323,0.323,0.323,0.323,0.323,0.323,0.323,0.323,0.323,0.323,0.323,0.323,0.323,0.323,0.323,0.323,0.323,0.323
RGI60-19.00290,0.945,0.945,0.945,0.945,0.945,0.945,0.945,0.945,0.945,0.945,0.945,0.945,0.945,0.945,0.945,0.945,0.945,0.945,0.945,0.945,0.945,0.945,0.945,0.945,0.315,0.315,0.409,0.409,0.409,0.409,0.409,0.409,0.409,0.409,0.409,0.409,0.409,0.409,0.409,0.409,0.409,0.409,0.409,0.409,0.409,0.409,0.409,0.409,0.409,0.409
RGI60-19.00291,0.945,0.945,0.945,0.945,0.945,0.945,0.945,0.945,0.945,0.945,0.945,0.945,0.945,0.945,0.945,0.945,0.945,0.945,0.945,0.945,0.945,0.945,0.945,0.945,0.315,0.315,0.409,0.409,0.409,0.409,0.409,0.409,0.409,0.409,0.409,0.409,0.409,0.409,0.409,0.409,0.409,0.409,0.409,0.409,0.409,0.409,0.409,0.409,0.409,0.409
RGI60-19.00292,0.945,0.945,0.945,0.945,0.945,0.945,0.945,0.945,0.945,0.945,0.945,0.945,0.945,0.945,0.945,0.945,0.945,0.945,0.945,0.945,0.945,0.945,0.945,0.945,0.315,0.315,0.409,0.409,0.409,0.409,0.409,0.409,0.409,0.409,0.409,0.409,0.409,0.409,0.409,0.409,0.409,0.409,0.409,0.409,0.409,0.409,0.409,0.409,0.409,0.409
RGI60-19.00293,0.945,0.945,0.945,0.945,0.945,0.945,0.945,0.945,0.945,0.945,0.945,0.945,0.945,0.945,0.945,0.945,0.945,0.945,0.945,0.945,0.945,0.945,0.945,0.945,0.315,0.315,0.409,0.409,0.409,0.409,0.409,0.409,0.409,0.409,0.409,0.409,0.409,0.409,0.409,0.409,0.409,0.409,0.409,0.409,0.409,0.409,0.409,0.409,0.409,0.409
RGI60-19.00294,0.945,0.945,0.945,0.945,0.945,0.945,0.945,0.945,0.945,0.945,0.945,0.945,0.945,0.945,0.945,0.945,0.945,0.945,0.945,0.945,0.945,0.945,0.945,0.945,0.315,0.315,0.409,0.409,0.409,0.409,0.409,0.409,0.409,0.409,0.409,0.409,0.409,0.409,0.409,0.409,0.409,0.409,0.409,0.409,0.409,0.409,0.409,0.409,0.409,0.409
RGI60-19.00295,0.945,0.945,0.945,0.945,0.945,0.945,0.945,0.945,0.945,0.945,0.945,0.945,0.945,0.945,0.945,0.945,0.945,0.945,0.945,0.945,0.945,0.945,0.945,0.945,0.315,0.315,0.409,0.409,0.409,0.409,0.409,0.409,0.409,0.409,0.409,0.409,0.409,0.409,0.409,0.409,0.409,0.409,0.409,0.409,0.409,0.409,0.409,0.409,0.409,0.409
RGI60-19.00296,0.908,0.908,0.908,0.908,0.908,0.908,0.908,0.908,0.908,0.908,0.908,0.908,0.908,0.908,0.908,0.908,0.908,0.908,0.908,0.908,0.908,0.908,0.908,0.908,0.26,0.26,0.318,0.318,0.318,0.318,0.318,0.318,0.318,0.318,0.318,0.318,0.318,0.318,0.318,0.318,0.318,0.318,0.318,0.318,0.318,0.318,0.318,0.318,0.318,0.318
RGI60-19.00297,0.945,0.945,0.945,0.945,0.945,0.945,0.945,0.945,0.945,0.945,0.945,0.945,0.945,0.945,0.945,0.945,0.945,0.945,0.945,0.945,0.945,0.945,0.945,0.945,0.315,0.315,0.409,0.409,0.409,0.409,0.409,0.409,0.409,0.409,0.409,0.409,0.409,0.409,0.409,0.409,0.409,0.409,0.409,0.409,0.409,0.409,0.409,0.409,0.409,0.409
RGI60-19.00298,0.945,0.945,0.945,0.945,0.945,0.945,0.945,0.945,0.945,0.945,0.945,0.945,0.945,0.945,0.945,0.945,0.945,0.945,0.945,0.945,0.945,0.945,0.945,0.945,0.315,0.315,0.409,0.409,0.409,0.409,0.409,0.409,0.409,0.409,0.409,0.409,0.409,0.409,0.409,0.409,0.409,0.409,0.409,0.409,0.409,0.409,0.409,0.409,0.409,0.409
RGI60-19.00299,0.91,0.91,0.91,0.91,0.91,0.91,0.91,0.91,0.91,0.91,0.91,0.91,0.91,0.91,0.91,0.91,0.91,0.91,0.91,0.91,0.91,0.91,0.91,0.91,0.262,0.262,0.323,0.323,0.323,0.323,0.323,0.323,0.323,0.323,0.323,0.323,0.323,0.323,0.323,0.323,0.323,0.323,0.323,0.323,0.323,0.323,0.323,0.323,0.323,0.323
RGI60-19.00300,0.945,0.945,0.945,0.945,0.945,0.945,0.945,0.945,0.945,0.945,0.945,0.945,0.945,0.945,0.945,0.945,0.945,0.945,0.945,0.945,0.945,0.945,0.945,0.945,0.315,0.315,0.409,0.409,0.409,0.409,0.409,0.409,0.409,0.409,0.409,0.409,0.409,0.409,0.409,0.409,0.409,0.409,0.409,0.409,0.409,0.409,0.409,0.409,0.409,0.409
RGI60-19.00301,0.909,0.909,0.909,0.909,0.909,0.909,0.909,0.909,0.909,0.909,0.909,0.909,0.909,0.909,0.909,0.909,0.909,0.909,0.909,0.909,0.909,0.909,0.909,0.909,0.26,0.26,0.32,0.32,0.32,0.32,0.32,0.32,0.32,0.32,0.32,0.32,0.32,0.32,0.32,0.32,0.32,0.32,0.32,0.32,0.32,0.32,0.32,0.32,0.32,0.32
RGI60-19.00302,0.908,0.908,0.908,0.908,0.908,0.908,0.908,0.908,0.908,0.908,0.908,0.908,0.908,0.908,0.908,0.908,0.908,0.908,0.908,0.908,0.908,0.908,0.908,0.908,0.26,0.26,0.317,0.317,0.317,0.317,0.317,0.317,0.317,0.317,0.317,0.317,0.317,0.317,0.317,0.317,0.317,0.317,0.317,0.317,0.317,0.317,0.317,0.317,0.317,0.317
RGI60-19.00303,0.945,0.945,0.945,0.945,0.945,0.945,0.945,0.945,0.945,0.945,0.945,0.945,0.945,0.945,0.945,0.945,0.945,0.945,0.945,0.945,0.945,0.945,0.945,0.945,0.315,0.315,0.409,0.409,0.409,0.409,0.409,0.409,0.409,0.409,0.409,0.409,0.409,0.409,0.409,0.409,0.409,0.409,0.409,0.409,0.409,0.409,0.409,0.409,0.409,0.409
RGI60-19.00304,0.945,0.945,0.945,0.945,0.945,0.945,0.945,0.945,0.945,0.945,0.945,0.945,0.945,0.945,0.945,0.945,0.945,0.945,0.945,0.945,0.945,0.945,0.945,0.945,0.315,0.315,0.409,0.409,0.409,0.409,0.409,0.409,0.409,0.409,0.409,0.409,0.409,0.409,0.409,0.409,0.409,0.409,0.409,0.409,0.409,0.409,0.409,0.409,0.409,0.409
RGI60-19.00305,0.908,0.908,0.908,0.908,0.908,0.908,0.908,0.908,0.908,0.908,0.908,0.908,0.908,0.908,0.908,0.908,0.908,0.908,0.908,0.908,0.908,0.908,0.908,0.908,0.26,0.26,0.317,0.317,0.317,0.317,0.317,0.317,0.317,0.317,0.317,0.317,0.317,0.317,0.317,0.317,0.317,0.317,0.317,0.317,0.317,0.317,0.317,0.317,0.317,0.317
RGI60-19.00306,0.908,0.908,0.908,0.908,0.908,0.908,0.908,0.908,0.908,0.908,0.908,0.908,0.908,0.908,0.908,0.908,0.908,0.908,0.908,0.908,0.908,0.908,0.908,0.908,0.26,0.26,0.318,0.318,0.318,0.318,0.318,0.318,0.318,0.318,0.318,0.318,0.318,0.318,0.318,0.318,0.318,0.318,0.318,0.318,0.318,0.318,0.318,0.318,0.318,0.318
RGI60-19.00307,0.909,0.909,0.909,0.909,0.909,0.909,0.909,0.909,0.909,0.909,0.909,0.909,0.909,0.909,0.909,0.909,0.909,0.909,0.909,0.909,0.909,0.909,0.909,0.909,0.261,0.261,0.32,0.32,0.32,0.32,0.32,0.32,0.32,0.32,0.32,0.32,0.32,0.32,0.32,0.32,0.32,0.32,0.32,0.32,0.32,0.32,0.32,0.32,0.32,0.32
RGI60-19.00308,0.91,0.91,0.91,0.91,0.91,0.91,0.91,0.91,0.91,0.91,0.91,0.91,0.91,0.91,0.91,0.91,0.91,0.91,0.91,0.91,0.91,0.91,0.91,0.91,0.263,0.263,0.323,0.323,0.323,0.323,0.323,0.323,0.323,0.323,0.323,0.323,0.323,0.323,0.323,0.323,0.323,0.323,0.323,0.323,0.323,0.323,0.323,0.323,0.323,0.323
RGI60-19.00309,0.945,0.945,0.945,0.945,0.945,0.945,0.945,0.945,0.945,0.945,0.945,0.945,0.945,0.945,0.945,0.945,0.945,0.945,0.945,0.945,0.945,0.945,0.945,0.945,0.315,0.315,0.409,0.409,0.409,0.409,0.409,0.409,0.409,0.409,0.409,0.409,0.409,0.409,0.409,0.409,0.409,0.409,0.409,0.409,0.409,0.409,0.409,0.409,0.409,0.409
RGI60-19.00310,0.945,0.945,0.945,0.945,0.945,0.945,0.945,0.945,0.945,0.945,0.945,0.945,0.945,0.945,0.945,0.945,0.945,0.945,0.945,0.945,0.945,0.945,0.945,0.945,0.315,0.315,0.409,0.409,0.409,0.409,0.409,0.409,0.409,0.409,0.409,0.409,0.409,0.409,0.409,0.409,0.409,0.409,0.409,0.409,0.409,0.409,0.409,0.409,0.409,0.409
RGI60-19.00311,0.905,0.905,0.905,0.905,0.905,0.905,0.905,0.905,0.905,0.905,0.905,0.905,0.905,0.905,0.905,0.905,0.905,0.905,0.905,0.905,0.905,0.905,0.905,0.905,0.255,0.255,0.309,0.309,0.309,0.309,0.309,0.309,0.309,0.309,0.309,0.309,0.309,0.309,0.309,0.309,0.309,0.309,0.309,0.309,0.309,0.309,0.309,0.309,0.309,0.309
RGI60-19.00312,0.905,0.905,0.905,0.905,0.905,0.905,0.905,0.905,0.905,0.905,0.905,0.905,0.905,0.905,0.905,0.905,0.905,0.905,0.905,0.905,0.905,0.905,0.905,0.905,0.255,0.255,0.31,0.31,0.31,0.31,0.31,0.31,0.31,0.31,0.31,0.31,0.31,0.31,0.31,0.31,0.31,0.31,0.31,0.31,0.31,0.31,0.31,0.31,0.31,0.31
RGI60-19.00313,0.906,0.906,0.906,0.906,0.906,0.906,0.906,0.906,0.906,0.906,0.906,0.906,0.906,0.906,0.906,0.906,0.906,0.906,0.906,0.906,0.906,0.906,0.906,0.906,0.256,0.256,0.311,0.311,0.311,0.311,0.311,0.311,0.311,0.311,0.311,0.311,0.311,0.311,0.311,0.311,0.311,0.311,0.311,0.311,0.311,0.311,0.311,0.311,0.311,0.311
RGI60-19.00314,0.945,0.945,0.945,0.945,0.945,0.945,0.945,0.945,0.945,0.945,0.945,0.945,0.945,0.945,0.945,0.945,0.945,0.945,0.945,0.945,0.945,0.945,0.945,0.945,0.315,0.315,0.409,0.409,0.409,0.409,0.409,0.409,0.409,0.409,0.409,0.409,0.409,0.409,0.409,0.409,0.409,0.409,0.409,0.409,0.409,0.409,0.409,0.409,0.409,0.409
RGI60-19.00315,0.91,0.91,0.91,0.91,0.91,0.91,0.91,0.91,0.91,0.91,0.91,0.91,0.91,0.91,0.91,0.91,0.91,0.91,0.91,0.91,0.91,0.91,0.91,0.91,0.262,0.262,0.322,0.322,0.322,0.322,0.322,0.322,0.322,0.322,0.322,0.322,0.322,0.322,0.322,0.322,0.322,0.322,0.322,0.322,0.322,0.322,0.322,0.322,0.322,0.322
RGI60-19.00316,0.909,0.909,0.909,0.909,0.909,0.909,0.909,0.909,0.909,0.909,0.909,0.909,0.909,0.909,0.909,0.909,0.909,0.909,0.909,0.909,0.909,0.909,0.909,0.909,0.262,0.262,0.322,0.322,0.322,0.322,0.322,0.322,0.322,0.322,0.322,0.322,0.322,0.322,0.322,0.322,0.322,0.322,0.322,0.322,0.322,0.322,0.322,0.322,0.322,0.322
RGI60-19.00317,0.945,0.945,0.945,0.945,0.945,0.945,0.945,0.945,0.945,0.945,0.945,0.945,0.945,0.945,0.945,0.945,0.945,0.945,0.945,0.945,0.945,0.945,0.945,0.945,0.315,0.315,0.409,0.409,0.409,0.409,0.409,0.409,0.409,0.409,0.409,0.409,0.409,0.409,0.409,0.409,0.409,0.409,0.409,0.409,0.409,0.409,0.409,0.409,0.409,0.409
RGI60-19.00318,0.908,0.908,0.908,0.908,0.908,0.908,0.908,0.908,0.908,0.908,0.908,0.908,0.908,0.908,0.908,0.908,0.908,0.908,0.908,0.908,0.908,0.908,0.908,0.908,0.259,0.259,0.317,0.317,0.317,0.317,0.317,0.317,0.317,0.317,0.317,0.317,0.317,0.317,0.317,0.317,0.317,0.317,0.317,0.317,0.317,0.317,0.317,0.317,0.317,0.317
RGI60-19.00319,0.909,0.909,0.909,0.909,0.909,0.909,0.909,0.909,0.909,0.909,0.909,0.909,0.909,0.909,0.909,0.909,0.909,0.909,0.909,0.909,0.909,0.909,0.909,0.909,0.26,0.26,0.32,0.32,0.32,0.32,0.32,0.32,0.32,0.32,0.32,0.32,0.32,0.32,0.32,0.32,0.32,0.32,0.32,0.32,0.32,0.32,0.32,0.32,0.32,0.32
RGI60-19.00320,0.945,0.945,0.945,0.945,0.945,0.945,0.945,0.945,0.945,0.945,0.945,0.945,0.945,0.945,0.945,0.945,0.945,0.945,0.945,0.945,0.945,0.945,0.945,0.945,0.315,0.315,0.409,0.409,0.409,0.409,0.409,0.409,0.409,0.409,0.409,0.409,0.409,0.409,0.409,0.409,0.409,0.409,0.409,0.409,0.409,0.409,0.409,0.409,0.409,0.409
RGI60-19.00321,0.909,0.909,0.909,0.909,0.909,0.909,0.909,0.909,0.909,0.909,0.909,0.909,0.909,0.909,0.909,0.909,0.909,0.909,0.909,0.909,0.909,0.909,0.909,0.909,0.26,0.26,0.321,0.321,0.321,0.321,0.321,0.321,0.321,0.321,0.321,0.321,0.321,0.321,0.321,0.321,0.321,0.321,0.321,0.321,0.321,0.321,0.321,0.321,0.321,0.321
RGI60-19.00322,0.909,0.909,0.909,0.909,0.909,0.909,0.909,0.909,0.909,0.909,0.909,0.909,0.909,0.909,0.909,0.909,0.909,0.909,0.909,0.909,0.909,0.909,0.909,0.909,0.261,0.261,0.321,0.321,0.321,0.321,0.321,0.321,0.321,0.321,0.321,0.321,0.321,0.321,0.321,0.321,0.321,0.321,0.321,0.321,0.321,0.321,0.321,0.321,0.321,0.321
RGI60-19.00323,0.91,0.91,0.91,0.91,0.91,0.91,0.91,0.91,0.91,0.91,0.91,0.91,0.91,0.91,0.91,0.91,0.91,0.91,0.91,0.91,0.91,0.91,0.91,0.91,0.262,0.262,0.322,0.322,0.322,0.322,0.322,0.322,0.322,0.322,0.322,0.322,0.322,0.322,0.322,0.322,0.322,0.322,0.322,0.322,0.322,0.322,0.322,0.322,0.322,0.322
RGI60-19.00324,0.945,0.945,0.945,0.945,0.945,0.945,0.945,0.945,0.945,0.945,0.945,0.945,0.945,0.945,0.945,0.945,0.945,0.945,0.945,0.945,0.945,0.945,0.945,0.945,0.315,0.315,0.409,0.409,0.409,0.409,0.409,0.409,0.409,0.409,0.409,0.409,0.409,0.409,0.409,0.409,0.409,0.409,0.409,0.409,0.409,0.409,0.409,0.409,0.409,0.409
RGI60-19.00325,0.945,0.945,0.945,0.945,0.945,0.945,0.945,0.945,0.945,0.945,0.945,0.945,0.945,0.945,0.945,0.945,0.945,0.945,0.945,0.945,0.945,0.945,0.945,0.945,0.315,0.315,0.409,0.409,0.409,0.409,0.409,0.409,0.409,0.409,0.409,0.409,0.409,0.409,0.409,0.409,0.409,0.409,0.409,0.409,0.409,0.409,0.409,0.409,0.409,0.409
RGI60-19.00326,0.945,0.945,0.945,0.945,0.945,0.945,0.945,0.945,0.945,0.945,0.945,0.945,0.945,0.945,0.945,0.945,0.945,0.945,0.945,0.945,0.945,0.945,0.945,0.945,0.315,0.315,0.409,0.409,0.409,0.409,0.409,0.409,0.409,0.409,0.409,0.409,0.409,0.409,0.409,0.409,0.409,0.409,0.409,0.409,0.409,0.409,0.409,0.409,0.409,0.409
RGI60-19.00327,0.907,0.907,0.907,0.907,0.907,0.907,0.907,0.907,0.907,0.907,0.907,0.907,0.907,0.907,0.907,0.907,0.907,0.907,0.907,0.907,0.907,0.907,0.907,0.907,0.259,0.259,0.316,0.316,0.316,0.316,0.316,0.316,0.316,0.316,0.316,0.316,0.316,0.316,0.316,0.316,0.316,0.316,0.316,0.316,0.316,0.316,0.316,0.316,0.316,0.316
RGI60-19.00328,0.907,0.907,0.907,0.907,0.907,0.907,0.907,0.907,0.907,0.907,0.907,0.907,0.907,0.907,0.907,0.907,0.907,0.907,0.907,0.907,0.907,0.907,0.907,0.907,0.257,0.257,0.314,0.314,0.314,0.314,0.314,0.314,0.314,0.314,0.314,0.314,0.314,0.314,0.314,0.314,0.314,0.314,0.314,0.314,0.314,0.314,0.314,0.314,0.314,0.314
RGI60-19.00329,0.945,0.945,0.945,0.945,0.945,0.945,0.945,0.945,0.945,0.945,0.945,0.945,0.945,0.945,0.945,0.945,0.945,0.945,0.945,0.945,0.945,0.945,0.945,0.945,0.315,0.315,0.409,0.409,0.409,0.409,0.409,0.409,0.409,0.409,0.409,0.409,0.409,0.409,0.409,0.409,0.409,0.409,0.409,0.409,0.409,0.409,0.409,0.409,0.409,0.409
RGI60-19.00330,0.906,0.906,0.906,0.906,0.906,0.906,0.906,0.906,0.906,0.906,0.906,0.906,0.906,0.906,0.906,0.906,0.906,0.906,0.906,0.906,0.906,0.906,0.906,0.906,0.257,0.257,0.313,0.313,0.313,0.313,0.313,0.313,0.313,0.313,0.313,0.313,0.313,0.313,0.313,0.313,0.313,0.313,0.313,0.313,0.313,0.313,0.313,0.313,0.313,0.313
RGI60-19.00331,0.945,0.945,0.945,0.945,0.945,0.945,0.945,0.945,0.945,0.945,0.945,0.945,0.945,0.945,0.945,0.945,0.945,0.945,0.945,0.945,0.945,0.945,0.945,0.945,0.315,0.315,0.409,0.409,0.409,0.409,0.409,0.409,0.409,0.409,0.409,0.409,0.409,0.409,0.409,0.409,0.409,0.409,0.409,0.409,0.409,0.409,0.409,0.409,0.409,0.409
RGI60-19.00332,0.909,0.909,0.909,0.909,0.909,0.909,0.909,0.909,0.909,0.909,0.909,0.909,0.909,0.909,0.909,0.909,0.909,0.909,0.909,0.909,0.909,0.909,0.909,0.909,0.261,0.261,0.321,0.321,0.321,0.321,0.321,0.321,0.321,0.321,0.321,0.321,0.321,0.321,0.321,0.321,0.321,0.321,0.321,0.321,0.321,0.321,0.321,0.321,0.321,0.321
RGI60-19.00333,0.909,0.909,0.909,0.909,0.909,0.909,0.909,0.909,0.909,0.909,0.909,0.909,0.909,0.909,0.909,0.909,0.909,0.909,0.909,0.909,0.909,0.909,0.909,0.909,0.262,0.262,0.322,0.322,0.322,0.322,0.322,0.322,0.322,0.322,0.322,0.322,0.322,0.322,0.322,0.322,0.322,0.322,0.322,0.322,0.322,0.322,0.322,0.322,0.322,0.322
RGI60-19.00334,0.91,0.91,0.91,0.91,0.91,0.91,0.91,0.91,0.91,0.91,0.91,0.91,0.91,0.91,0.91,0.91,0.91,0.91,0.91,0.91,0.91,0.91,0.91,0.91,0.262,0.262,0.322,0.322,0.322,0.322,0.322,0.322,0.322,0.322,0.322,0.322,0.322,0.322,0.322,0.322,0.322,0.322,0.322,0.322,0.322,0.322,0.322,0.322,0.322,0.322
RGI60-19.00335,0.909,0.909,0.909,0.909,0.909,0.909,0.909,0.909,0.909,0.909,0.909,0.909,0.909,0.909,0.909,0.909,0.909,0.909,0.909,0.909,0.909,0.909,0.909,0.909,0.262,0.262,0.322,0.322,0.322,0.322,0.322,0.322,0.322,0.322,0.322,0.322,0.322,0.322,0.322,0.322,0.322,0.322,0.322,0.322,0.322,0.322,0.322,0.322,0.322,0.322
RGI60-19.00336,0.909,0.909,0.909,0.909,0.909,0.909,0.909,0.909,0.909,0.909,0.909,0.909,0.909,0.909,0.909,0.909,0.909,0.909,0.909,0.909,0.909,0.909,0.909,0.909,0.261,0.261,0.321,0.321,0.321,0.321,0.321,0.321,0.321,0.321,0.321,0.321,0.321,0.321,0.321,0.321,0.321,0.321,0.321,0.321,0.321,0.321,0.321,0.321,0.321,0.321
RGI60-19.00337,0.91,0.91,0.91,0.91,0.91,0.91,0.91,0.91,0.91,0.91,0.91,0.91,0.91,0.91,0.91,0.91,0.91,0.91,0.91,0.91,0.91,0.91,0.91,0.91,0.262,0.262,0.323,0.323,0.323,0.323,0.323,0.323,0.323,0.323,0.323,0.323,0.323,0.323,0.323,0.323,0.323,0.323,0.323,0.323,0.323,0.323,0.323,0.323,0.323,0.323
RGI60-19.00338,0.945,0.945,0.945,0.945,0.945,0.945,0.945,0.945,0.945,0.945,0.945,0.945,0.945,0.945,0.945,0.945,0.945,0.945,0.945,0.945,0.945,0.945,0.945,0.945,0.315,0.315,0.409,0.409,0.409,0.409,0.409,0.409,0.409,0.409,0.409,0.409,0.409,0.409,0.409,0.409,0.409,0.409,0.409,0.409,0.409,0.409,0.409,0.409,0.409,0.409
RGI60-19.00339,0.909,0.909,0.909,0.909,0.909,0.909,0.909,0.909,0.909,0.909,0.909,0.909,0.909,0.909,0.909,0.909,0.909,0.909,0.909,0.909,0.909,0.909,0.909,0.909,0.261,0.261,0.321,0.321,0.321,0.321,0.321,0.321,0.321,0.321,0.321,0.321,0.321,0.321,0.321,0.321,0.321,0.321,0.321,0.321,0.321,0.321,0.321,0.321,0.321,0.321
RGI60-19.00340,0.945,0.945,0.945,0.945,0.945,0.945,0.945,0.945,0.945,0.945,0.945,0.945,0.945,0.945,0.945,0.945,0.945,0.945,0.945,0.945,0.945,0.945,0.945,0.945,0.315,0.315,0.409,0.409,0.409,0.409,0.409,0.409,0.409,0.409,0.409,0.409,0.409,0.409,0.409,0.409,0.409,0.409,0.409,0.409,0.409,0.409,0.409,0.409,0.409,0.409
RGI60-19.00341,0.945,0.945,0.945,0.945,0.945,0.945,0.945,0.945,0.945,0.945,0.945,0.945,0.945,0.945,0.945,0.945,0.945,0.945,0.945,0.945,0.945,0.945,0.945,0.945,0.315,0.315,0.409,0.409,0.409,0.409,0.409,0.409,0.409,0.409,0.409,0.409,0.409,0.409,0.409,0.409,0.409,0.409,0.409,0.409,0.409,0.409,0.409,0.409,0.409,0.409
RGI60-19.00342,0.909,0.909,0.909,0.909,0.909,0.909,0.909,0.909,0.909,0.909,0.909,0.909,0.909,0.909,0.909,0.909,0.909,0.909,0.909,0.909,0.909,0.909,0.909,0.909,0.261,0.261,0.32,0.32,0.32,0.32,0.32,0.32,0.32,0.32,0.32,0.32,0.32,0.32,0.32,0.32,0.32,0.32,0.32,0.32,0.32,0.32,0.32,0.32,0.32,0.32
RGI60-19.00343,0.909,0.909,0.909,0.909,0.909,0.909,0.909,0.909,0.909,0.909,0.909,0.909,0.909,0.909,0.909,0.909,0.909,0.909,0.909,0.909,0.909,0.909,0.909,0.909,0.261,0.261,0.32,0.32,0.32,0.32,0.32,0.32,0.32,0.32,0.32,0.32,0.32,0.32,0.32,0.32,0.32,0.32,0.32,0.32,0.32,0.32,0.32,0.32,0.32,0.32
RGI60-19.00344,0.909,0.909,0.909,0.909,0.909,0.909,0.909,0.909,0.909,0.909,0.909,0.909,0.909,0.909,0.909,0.909,0.909,0.909,0.909,0.909,0.909,0.909,0.909,0.909,0.261,0.261,0.32,0.32,0.32,0.32,0.32,0.32,0.32,0.32,0.32,0.32,0.32,0.32,0.32,0.32,0.32,0.32,0.32,0.32,0.32,0.32,0.32,0.32,0.32,0.32
RGI60-19.00345,0.945,0.945,0.945,0.945,0.945,0.945,0.945,0.945,0.945,0.945,0.945,0.945,0.945,0.945,0.945,0.945,0.945,0.945,0.945,0.945,0.945,0.945,0.945,0.945,0.315,0.315,0.409,0.409,0.409,0.409,0.409,0.409,0.409,0.409,0.409,0.409,0.409,0.409,0.409,0.409,0.409,0.409,0.409,0.409,0.409,0.409,0.409,0.409,0.409,0.409
RGI60-19.00346,0.904,0.904,0.904,0.904,0.904,0.904,0.904,0.904,0.904,0.904,0.904,0.904,0.904,0.904,0.904,0.904,0.904,0.904,0.904,0.904,0.904,0.904,0.904,0.904,0.255,0.255,0.306,0.306,0.306,0.306,0.306,0.306,0.306,0.306,0.306,0.306,0.306,0.306,0.306,0.306,0.306,0.306,0.306,0.306,0.306,0.306,0.306,0.306,0.306,0.306
RGI60-19.00347,0.945,0.945,0.945,0.945,0.945,0.945,0.945,0.945,0.945,0.945,0.945,0.945,0.945,0.945,0.945,0.945,0.945,0.945,0.945,0.945,0.945,0.945,0.945,0.945,0.315,0.315,0.409,0.409,0.409,0.409,0.409,0.409,0.409,0.409,0.409,0.409,0.409,0.409,0.409,0.409,0.409,0.409,0.409,0.409,0.409,0.409,0.409,0.409,0.409,0.409
RGI60-19.00348,0.945,0.945,0.945,0.945,0.945,0.945,0.945,0.945,0.945,0.945,0.945,0.945,0.945,0.945,0.945,0.945,0.945,0.945,0.945,0.945,0.945,0.945,0.945,0.945,0.315,0.315,0.409,0.409,0.409,0.409,0.409,0.409,0.409,0.409,0.409,0.409,0.409,0.409,0.409,0.409,0.409,0.409,0.409,0.409,0.409,0.409,0.409,0.409,0.409,0.409
RGI60-19.00349,0.908,0.908,0.908,0.908,0.908,0.908,0.908,0.908,0.908,0.908,0.908,0.908,0.908,0.908,0.908,0.908,0.908,0.908,0.908,0.908,0.908,0.908,0.908,0.908,0.259,0.259,0.317,0.317,0.317,0.317,0.317,0.317,0.317,0.317,0.317,0.317,0.317,0.317,0.317,0.317,0.317,0.317,0.317,0.317,0.317,0.317,0.317,0.317,0.317,0.317
RGI60-19.00350,0.945,0.945,0.945,0.945,0.945,0.945,0.945,0.945,0.945,0.945,0.945,0.945,0.945,0.945,0.945,0.945,0.945,0.945,0.945,0.945,0.945,0.945,0.945,0.945,0.315,0.315,0.409,0.409,0.409,0.409,0.409,0.409,0.409,0.409,0.409,0.409,0.409,0.409,0.409,0.409,0.409,0.409,0.409,0.409,0.409,0.409,0.409,0.409,0.409,0.409
RGI60-19.00351,0.908,0.908,0.908,0.908,0.908,0.908,0.908,0.908,0.908,0.908,0.908,0.908,0.908,0.908,0.908,0.908,0.908,0.908,0.908,0.908,0.908,0.908,0.908,0.908,0.259,0.259,0.317,0.317,0.317,0.317,0.317,0.317,0.317,0.317,0.317,0.317,0.317,0.317,0.317,0.317,0.317,0.317,0.317,0.317,0.317,0.317,0.317,0.317,0.317,0.317
RGI60-19.00352,0.945,0.945,0.945,0.945,0.945,0.945,0.945,0.945,0.945,0.945,0.945,0.945,0.945,0.945,0.945,0.945,0.945,0.945,0.945,0.945,0.945,0.945,0.945,0.945,0.315,0.315,0.409,0.409,0.409,0.409,0.409,0.409,0.409,0.409,0.409,0.409,0.409,0.409,0.409,0.409,0.409,0.409,0.409,0.409,0.409,0.409,0.409,0.409,0.409,0.409
RGI60-19.00353,0.908,0.908,0.908,0.908,0.908,0.908,0.908,0.908,0.908,0.908,0.908,0.908,0.908,0.908,0.908,0.908,0.908,0.908,0.908,0.908,0.908,0.908,0.908,0.908,0.259,0.259,0.317,0.317,0.317,0.317,0.317,0.317,0.317,0.317,0.317,0.317,0.317,0.317,0.317,0.317,0.317,0.317,0.317,0.317,0.317,0.317,0.317,0.317,0.317,0.317
RGI60-19.00354,0.973,0.973,0.973,0.973,0.973,0.973,0.973,0.973,0.973,0.973,0.973,0.973,0.973,0.973,0.973,0.973,0.973,0.973,0.973,0.973,0.973,0.973,0.973,0.973,0.357,0.357,0.473,0.473,0.473,0.473,0.473,0.473,0.473,0.473,0.473,0.473,0.473,0.473,0.473,0.473,0.473,0.473,0.473,0.473,0.473,0.473,0.473,0.473,0.473,0.473
RGI60-19.00355,0.973,0.973,0.973,0.973,0.973,0.973,0.973,0.973,0.973,0.973,0.973,0.973,0.973,0.973,0.973,0.973,0.973,0.973,0.973,0.973,0.973,0.973,0.973,0.973,0.357,0.357,0.472,0.472,0.472,0.472,0.472,0.472,0.472,0.472,0.472,0.472,0.472,0.472,0.472,0.472,0.472,0.472,0.472,0.472,0.472,0.472,0.472,0.472,0.472,0.472
RGI60-19.00356,0.973,0.973,0.973,0.973,0.973,0.973,0.973,0.973,0.973,0.973,0.973,0.973,0.973,0.973,0.973,0.973,0.973,0.973,0.973,0.973,0.973,0.973,0.973,0.973,0.357,0.357,0.472,0.472,0.472,0.472,0.472,0.472,0.472,0.472,0.472,0.472,0.472,0.472,0.472,0.472,0.472,0.472,0.472,0.472,0.472,0.472,0.472,0.472,0.472,0.472
RGI60-19.00357,0.973,0.973,0.973,0.973,0.973,0.973,0.973,0.973,0.973,0.973,0.973,0.973,0.973,0.973,0.973,0.973,0.973,0.973,0.973,0.973,0.973,0.973,0.973,0.973,0.357,0.357,0.472,0.472,0.472,0.472,0.472,0.472,0.472,0.472,0.472,0.472,0.472,0.472,0.472,0.472,0.472,0.472,0.472,0.472,0.472,0.472,0.472,0.472,0.472,0.472
RGI60-19.00358,0.973,0.973,0.973,0.973,0.973,0.973,0.973,0.973,0.973,0.973,0.973,0.973,0.973,0.973,0.973,0.973,0.973,0.973,0.973,0.973,0.973,0.973,0.973,0.973,0.357,0.357,0.473,0.473,0.473,0.473,0.473,0.473,0.473,0.473,0.473,0.473,0.473,0.473,0.473,0.473,0.473,0.473,0.473,0.473,0.473,0.473,0.473,0.473,0.473,0.473
RGI60-19.00359,0.973,0.973,0.973,0.973,0.973,0.973,0.973,0.973,0.973,0.973,0.973,0.973,0.973,0.973,0.973,0.973,0.973,0.973,0.973,0.973,0.973,0.973,0.973,0.973,0.357,0.357,0.473,0.473,0.473,0.473,0.473,0.473,0.473,0.473,0.473,0.473,0.473,0.473,0.473,0.473,0.473,0.473,0.473,0.473,0.473,0.473,0.473,0.473,0.473,0.473
RGI60-19.00360,0.973,0.973,0.973,0.973,0.973,0.973,0.973,0.973,0.973,0.973,0.973,0.973,0.973,0.973,0.973,0.973,0.973,0.973,0.973,0.973,0.973,0.973,0.973,0.973,0.357,0.357,0.472,0.472,0.472,0.472,0.472,0.472,0.472,0.472,0.472,0.472,0.472,0.472,0.472,0.472,0.472,0.472,0.472,0.472,0.472,0.472,0.472,0.472,0.472,0.472
RGI60-19.00361,0.973,0.973,0.973,0.973,0.973,0.973,0.973,0.973,0.973,0.973,0.973,0.973,0.973,0.973,0.973,0.973,0.973,0.973,0.973,0.973,0.973,0.973,0.973,0.973,0.357,0.357,0.472,0.472,0.472,0.472,0.472,0.472,0.472,0.472,0.472,0.472,0.472,0.472,0.472,0.472,0.472,0.472,0.472,0.472,0.472,0.472,0.472,0.472,0.472,0.472
RGI60-19.00362,0.973,0.973,0.973,0.973,0.973,0.973,0.973,0.973,0.973,0.973,0.973,0.973,0.973,0.973,0.973,0.973,0.973,0.973,0.973,0.973,0.973,0.973,0.973,0.973,0.357,0.357,0.472,0.472,0.472,0.472,0.472,0.472,0.472,0.472,0.472,0.472,0.472,0.472,0.472,0.472,0.472,0.472,0.472,0.472,0.472,0.472,0.472,0.472,0.472,0.472
RGI60-19.00363,0.973,0.973,0.973,0.973,0.973,0.973,0.973,0.973,0.973,0.973,0.973,0.973,0.973,0.973,0.973,0.973,0.973,0.973,0.973,0.973,0.973,0.973,0.973,0.973,0.357,0.357,0.472,0.472,0.472,0.472,0.472,0.472,0.472,0.472,0.472,0.472,0.472,0.472,0.472,0.472,0.472,0.472,0.472,0.472,0.472,0.472,0.472,0.472,0.472,0.472
RGI60-19.00364,0.973,0.973,0.973,0.973,0.973,0.973,0.973,0.973,0.973,0.973,0.973,0.973,0.973,0.973,0.973,0.973,0.973,0.973,0.973,0.973,0.973,0.973,0.973,0.973,0.357,0.357,0.472,0.472,0.472,0.472,0.472,0.472,0.472,0.472,0.472,0.472,0.472,0.472,0.472,0.472,0.472,0.472,0.472,0.472,0.472,0.472,0.472,0.472,0.472,0.472
RGI60-19.00365,0.973,0.973,0.973,0.973,0.973,0.973,0.973,0.973,0.973,0.973,0.973,0.973,0.973,0.973,0.973,0.973,0.973,0.973,0.973,0.973,0.973,0.973,0.973,0.973,0.357,0.357,0.473,0.473,0.473,0.473,0.473,0.473,0.473,0.473,0.473,0.473,0.473,0.473,0.473,0.473,0.473,0.473,0.473,0.473,0.473,0.473,0.473,0.473,0.473,0.473
RGI60-19.00366,0.973,0.973,0.973,0.973,0.973,0.973,0.973,0.973,0.973,0.973,0.973,0.973,0.973,0.973,0.973,0.973,0.973,0.973,0.973,0.973,0.973,0.973,0.973,0.973,0.357,0.357,0.472,0.472,0.472,0.472,0.472,0.472,0.472,0.472,0.472,0.472,0.472,0.472,0.472,0.472,0.472,0.472,0.472,0.472,0.472,0.472,0.472,0.472,0.472,0.472
RGI60-19.00367,0.973,0.973,0.973,0.973,0.973,0.973,0.973,0.973,0.973,0.973,0.973,0.973,0.973,0.973,0.973,0.973,0.973,0.973,0.973,0.973,0.973,0.973,0.973,0.973,0.357,0.357,0.472,0.472,0.472,0.472,0.472,0.472,0.472,0.472,0.472,0.472,0.472,0.472,0.472,0.472,0.472,0.472,0.472,0.472,0.472,0.472,0.472,0.472,0.472,0.472
RGI60-19.00368,0.973,0.973,0.973,0.973,0.973,0.973,0.973,0.973,0.973,0.973,0.973,0.973,0.973,0.973,0.973,0.973,0.973,0.973,0.973,0.973,0.973,0.973,0.973,0.973,0.357,0.357,0.473,0.473,0.473,0.473,0.473,0.473,0.473,0.473,0.473,0.473,0.473,0.473,0.473,0.473,0.473,0.473,0.473,0.473,0.473,0.473,0.473,0.473,0.473,0.473
RGI60-19.00369,0.973,0.973,0.973,0.973,0.973,0.973,0.973,0.973,0.973,0.973,0.973,0.973,0.973,0.973,0.973,0.973,0.973,0.973,0.973,0.973,0.973,0.973,0.973,0.973,0.357,0.357,0.472,0.472,0.472,0.472,0.472,0.472,0.472,0.472,0.472,0.472,0.472,0.472,0.472,0.472,0.472,0.472,0.472,0.472,0.472,0.472,0.472,0.472,0.472,0.472
RGI60-19.00370,0.973,0.973,0.973,0.973,0.973,0.973,0.973,0.973,0.973,0.973,0.973,0.973,0.973,0.973,0.973,0.973,0.973,0.973,0.973,0.973,0.973,0.973,0.973,0.973,0.357,0.357,0.472,0.472,0.472,0.472,0.472,0.472,0.472,0.472,0.472,0.472,0.472,0.472,0.472,0.472,0.472,0.472,0.472,0.472,0.472,0.472,0.472,0.472,0.472,0.472
RGI60-19.00371,0.973,0.973,0.973,0.973,0.973,0.973,0.973,0.973,0.973,0.973,0.973,0.973,0.973,0.973,0.973,0.973,0.973,0.973,0.973,0.973,0.973,0.973,0.973,0.973,0.357,0.357,0.472,0.472,0.472,0.472,0.472,0.472,0.472,0.472,0.472,0.472,0.472,0.472,0.472,0.472,0.472,0.472,0.472,0.472,0.472,0.472,0.472,0.472,0.472,0.472
RGI60-19.00372,0.973,0.973,0.973,0.973,0.973,0.973,0.973,0.973,0.973,0.973,0.973,0.973,0.973,0.973,0.973,0.973,0.973,0.973,0.973,0.973,0.973,0.973,0.973,0.973,0.357,0.357,0.472,0.472,0.472,0.472,0.472,0.472,0.472,0.472,0.472,0.472,0.472,0.472,0.472,0.472,0.472,0.472,0.472,0.472,0.472,0.472,0.472,0.472,0.472,0.472
RGI60-19.00373,0.973,0.973,0.973,0.973,0.973,0.973,0.973,0.973,0.973,0.973,0.973,0.973,0.973,0.973,0.973,0.973,0.973,0.973,0.973,0.973,0.973,0.973,0.973,0.973,0.357,0.357,0.472,0.472,0.472,0.472,0.472,0.472,0.472,0.472,0.472,0.472,0.472,0.472,0.472,0.472,0.472,0.472,0.472,0.472,0.472,0.472,0.472,0.472,0.472,0.472
RGI60-19.00374,0.973,0.973,0.973,0.973,0.973,0.973,0.973,0.973,0.973,0.973,0.973,0.973,0.973,0.973,0.973,0.973,0.973,0.973,0.973,0.973,0.973,0.973,0.973,0.973,0.357,0.357,0.472,0.472,0.472,0.472,0.472,0.472,0.472,0.472,0.472,0.472,0.472,0.472,0.472,0.472,0.472,0.472,0.472,0.472,0.472,0.472,0.472,0.472,0.472,0.472
RGI60-19.00375,0.973,0.973,0.973,0.973,0.973,0.973,0.973,0.973,0.973,0.973,0.973,0.973,0.973,0.973,0.973,0.973,0.973,0.973,0.973,0.973,0.973,0.973,0.973,0.973,0.357,0.357,0.472,0.472,0.472,0.472,0.472,0.472,0.472,0.472,0.472,0.472,0.472,0.472,0.472,0.472,0.472,0.472,0.472,0.472,0.472,0.472,0.472,0.472,0.472,0.472
RGI60-19.00376,0.973,0.973,0.973,0.973,0.973,0.973,0.973,0.973,0.973,0.973,0.973,0.973,0.973,0.973,0.973,0.973,0.973,0.973,0.973,0.973,0.973,0.973,0.973,0.973,0.357,0.357,0.472,0.472,0.472,0.472,0.472,0.472,0.472,0.472,0.472,0.472,0.472,0.472,0.472,0.472,0.472,0.472,0.472,0.472,0.472,0.472,0.472,0.472,0.472,0.472
RGI60-19.00377,0.973,0.973,0.973,0.973,0.973,0.973,0.973,0.973,0.973,0.973,0.973,0.973,0.973,0.973,0.973,0.973,0.973,0.973,0.973,0.973,0.973,0.973,0.973,0.973,0.357,0.357,0.473,0.473,0.473,0.473,0.473,0.473,0.473,0.473,0.473,0.473,0.473,0.473,0.473,0.473,0.473,0.473,0.473,0.473,0.473,0.473,0.473,0.473,0.473,0.473
RGI60-19.00378,0.945,0.945,0.945,0.945,0.945,0.945,0.945,0.945,0.945,0.945,0.945,0.945,0.945,0.945,0.945,0.945,0.945,0.945,0.945,0.945,0.945,0.945,0.945,0.945,0.315,0.315,0.409,0.409,0.409,0.409,0.409,0.409,0.409,0.409,0.409,0.409,0.409,0.409,0.409,0.409,0.409,0.409,0.409,0.409,0.409,0.409,0.409,0.409,0.409,0.409
RGI60-19.00379,0.973,0.973,0.973,0.973,0.973,0.973,0.973,0.973,0.973,0.973,0.973,0.973,0.973,0.973,0.973,0.973,0.973,0.973,0.973,0.973,0.973,0.973,0.973,0.973,0.357,0.357,0.473,0.473,0.473,0.473,0.473,0.473,0.473,0.473,0.473,0.473,0.473,0.473,0.473,0.473,0.473,0.473,0.473,0.473,0.473,0.473,0.473,0.473,0.473,0.473
RGI60-19.00380,0.973,0.973,0.973,0.973,0.973,0.973,0.973,0.973,0.973,0.973,0.973,0.973,0.973,0.973,0.973,0.973,0.973,0.973,0.973,0.973,0.973,0.973,0.973,0.973,0.357,0.357,0.473,0.473,0.473,0.473,0.473,0.473,0.473,0.473,0.473,0.473,0.473,0.473,0.473,0.473,0.473,0.473,0.473,0.473,0.473,0.473,0.473,0.473,0.473,0.473
RGI60-19.00381,0.973,0.973,0.973,0.973,0.973,0.973,0.973,0.973,0.973,0.973,0.973,0.973,0.973,0.973,0.973,0.973,0.973,0.973,0.973,0.973,0.973,0.973,0.973,0.973,0.357,0.357,0.473,0.473,0.473,0.473,0.473,0.473,0.473,0.473,0.473,0.473,0.473,0.473,0.473,0.473,0.473,0.473,0.473,0.473,0.473,0.473,0.473,0.473,0.473,0.473
RGI60-19.00382,0.973,0.973,0.973,0.973,0.973,0.973,0.973,0.973,0.973,0.973,0.973,0.973,0.973,0.973,0.973,0.973,0.973,0.973,0.973,0.973,0.973,0.973,0.973,0.973,0.357,0.357,0.473,0.473,0.473,0.473,0.473,0.473,0.473,0.473,0.473,0.473,0.473,0.473,0.473,0.473,0.473,0.473,0.473,0.473,0.473,0.473,0.473,0.473,0.473,0.473
RGI60-19.00383,0.973,0.973,0.973,0.973,0.973,0.973,0.973,0.973,0.973,0.973,0.973,0.973,0.973,0.973,0.973,0.973,0.973,0.973,0.973,0.973,0.973,0.973,0.973,0.973,0.357,0.357,0.473,0.473,0.473,0.473,0.473,0.473,0.473,0.473,0.473,0.473,0.473,0.473,0.473,0.473,0.473,0.473,0.473,0.473,0.473,0.473,0.473,0.473,0.473,0.473
RGI60-19.00384,0.973,0.973,0.973,0.973,0.973,0.973,0.973,0.973,0.973,0.973,0.973,0.973,0.973,0.973,0.973,0.973,0.973,0.973,0.973,0.973,0.973,0.973,0.973,0.973,0.357,0.357,0.473,0.473,0.473,0.473,0.473,0.473,0.473,0.473,0.473,0.473,0.473,0.473,0.473,0.473,0.473,0.473,0.473,0.473,0.473,0.473,0.473,0.473,0.473,0.473
RGI60-19.00385,0.973,0.973,0.973,0.973,0.973,0.973,0.973,0.973,0.973,0.973,0.973,0.973,0.973,0.973,0.973,0.973,0.973,0.973,0.973,0.973,0.973,0.973,0.973,0.973,0.357,0.357,0.473,0.473,0.473,0.473,0.473,0.473,0.473,0.473,0.473,0.473,0.473,0.473,0.473,0.473,0.473,0.473,0.473,0.473,0.473,0.473,0.473,0.473,0.473,0.473
RGI60-19.00386,0.973,0.973,0.973,0.973,0.973,0.973,0.973,0.973,0.973,0.973,0.973,0.973,0.973,0.973,0.973,0.973,0.973,0.973,0.973,0.973,0.973,0.973,0.973,0.973,0.357,0.357,0.473,0.473,0.473,0.473,0.473,0.473,0.473,0.473,0.473,0.473,0.473,0.473,0.473,0.473,0.473,0.473,0.473,0.473,0.473,0.473,0.473,0.473,0.473,0.473
RGI60-19.00387,0.973,0.973,0.973,0.973,0.973,0.973,0.973,0.973,0.973,0.973,0.973,0.973,0.973,0.973,0.973,0.973,0.973,0.973,0.973,0.973,0.973,0.973,0.973,0.973,0.357,0.357,0.473,0.473,0.473,0.473,0.473,0.473,0.473,0.473,0.473,0.473,0.473,0.473,0.473,0.473,0.473,0.473,0.473,0.473,0.473,0.473,0.473,0.473,0.473,0.473
RGI60-19.00388,0.973,0.973,0.973,0.973,0.973,0.973,0.973,0.973,0.973,0.973,0.973,0.973,0.973,0.973,0.973,0.973,0.973,0.973,0.973,0.973,0.973,0.973,0.973,0.973,0.357,0.357,0.473,0.473,0.473,0.473,0.473,0.473,0.473,0.473,0.473,0.473,0.473,0.473,0.473,0.473,0.473,0.473,0.473,0.473,0.473,0.473,0.473,0.473,0.473,0.473
RGI60-19.00389,0.973,0.973,0.973,0.973,0.973,0.973,0.973,0.973,0.973,0.973,0.973,0.973,0.973,0.973,0.973,0.973,0.973,0.973,0.973,0.973,0.973,0.973,0.973,0.973,0.357,0.357,0.473,0.473,0.473,0.473,0.473,0.473,0.473,0.473,0.473,0.473,0.473,0.473,0.473,0.473,0.473,0.473,0.473,0.473,0.473,0.473,0.473,0.473,0.473,0.473
RGI60-19.00390,0.973,0.973,0.973,0.973,0.973,0.973,0.973,0.973,0.973,0.973,0.973,0.973,0.973,0.973,0.973,0.973,0.973,0.973,0.973,0.973,0.973,0.973,0.973,0.973,0.357,0.357,0.473,0.473,0.473,0.473,0.473,0.473,0.473,0.473,0.473,0.473,0.473,0.473,0.473,0.473,0.473,0.473,0.473,0.473,0.473,0.473,0.473,0.473,0.473,0.473
RGI60-19.00391,0.973,0.973,0.973,0.973,0.973,0.973,0.973,0.973,0.973,0.973,0.973,0.973,0.973,0.973,0.973,0.973,0.973,0.973,0.973,0.973,0.973,0.973,0.973,0.973,0.357,0.357,0.473,0.473,0.473,0.473,0.473,0.473,0.473,0.473,0.473,0.473,0.473,0.473,0.473,0.473,0.473,0.473,0.473,0.473,0.473,0.473,0.473,0.473,0.473,0.473
RGI60-19.00392,0.973,0.973,0.973,0.973,0.973,0.973,0.973,0.973,0.973,0.973,0.973,0.973,0.973,0.973,0.973,0.973,0.973,0.973,0.973,0.973,0.973,0.973,0.973,0.973,0.357,0.357,0.473,0.473,0.473,0.473,0.473,0.473,0.473,0.473,0.473,0.473,0.473,0.473,0.473,0.473,0.473,0.473,0.473,0.473,0.473,0.473,0.473,0.473,0.473,0.473
RGI60-19.00393,0.973,0.973,0.973,0.973,0.973,0.973,0.973,0.973,0.973,0.973,0.973,0.973,0.973,0.973,0.973,0.973,0.973,0.973,0.973,0.973,0.973,0.973,0.973,0.973,0.357,0.357,0.473,0.473,0.473,0.473,0.473,0.473,0.473,0.473,0.473,0.473,0.473,0.473,0.473,0.473,0.473,0.473,0.473,0.473,0.473,0.473,0.473,0.473,0.473,0.473
RGI60-19.00394,0.973,0.973,0.973,0.973,0.973,0.973,0.973,0.973,0.973,0.973,0.973,0.973,0.973,0.973,0.973,0.973,0.973,0.973,0.973,0.973,0.973,0.973,0.973,0.973,0.357,0.357,0.473,0.473,0.473,0.473,0.473,0.473,0.473,0.473,0.473,0.473,0.473,0.473,0.473,0.473,0.473,0.473,0.473,0.473,0.473,0.473,0.473,0.473,0.473,0.473
RGI60-19.00395,0.973,0.973,0.973,0.973,0.973,0.973,0.973,0.973,0.973,0.973,0.973,0.973,0.973,0.973,0.973,0.973,0.973,0.973,0.973,0.973,0.973,0.973,0.973,0.973,0.357,0.357,0.473,0.473,0.473,0.473,0.473,0.473,0.473,0.473,0.473,0.473,0.473,0.473,0.473,0.473,0.473,0.473,0.473,0.473,0.473,0.473,0.473,0.473,0.473,0.473
RGI60-19.00396,0.973,0.973,0.973,0.973,0.973,0.973,0.973,0.973,0.973,0.973,0.973,0.973,0.973,0.973,0.973,0.973,0.973,0.973,0.973,0.973,0.973,0.973,0.973,0.973,0.357,0.357,0.473,0.473,0.473,0.473,0.473,0.473,0.473,0.473,0.473,0.473,0.473,0.473,0.473,0.473,0.473,0.473,0.473,0.473,0.473,0.473,0.473,0.473,0.473,0.473
RGI60-19.00397,0.973,0.973,0.973,0.973,0.973,0.973,0.973,0.973,0.973,0.973,0.973,0.973,0.973,0.973,0.973,0.973,0.973,0.973,0.973,0.973,0.973,0.973,0.973,0.973,0.357,0.357,0.472,0.472,0.472,0.472,0.472,0.472,0.472,0.472,0.472,0.472,0.472,0.472,0.472,0.472,0.472,0.472,0.472,0.472,0.472,0.472,0.472,0.472,0.472,0.472
RGI60-19.00398,0.973,0.973,0.973,0.973,0.973,0.973,0.973,0.973,0.973,0.973,0.973,0.973,0.973,0.973,0.973,0.973,0.973,0.973,0.973,0.973,0.973,0.973,0.973,0.973,0.357,0.357,0.473,0.473,0.473,0.473,0.473,0.473,0.473,0.473,0.473,0.473,0.473,0.473,0.473,0.473,0.473,0.473,0.473,0.473,0.473,0.473,0.473,0.473,0.473,0.473
RGI60-19.00399,0.973,0.973,0.973,0.973,0.973,0.973,0.973,0.973,0.973,0.973,0.973,0.973,0.973,0.973,0.973,0.973,0.973,0.973,0.973,0.973,0.973,0.973,0.973,0.973,0.357,0.357,0.473,0.473,0.473,0.473,0.473,0.473,0.473,0.473,0.473,0.473,0.473,0.473,0.473,0.473,0.473,0.473,0.473,0.473,0.473,0.473,0.473,0.473,0.473,0.473
RGI60-19.00400,0.973,0.973,0.973,0.973,0.973,0.973,0.973,0.973,0.973,0.973,0.973,0.973,0.973,0.973,0.973,0.973,0.973,0.973,0.973,0.973,0.973,0.973,0.973,0.973,0.357,0.357,0.473,0.473,0.473,0.473,0.473,0.473,0.473,0.473,0.473,0.473,0.473,0.473,0.473,0.473,0.473,0.473,0.473,0.473,0.473,0.473,0.473,0.473,0.473,0.473
RGI60-19.00401,0.973,0.973,0.973,0.973,0.973,0.973,0.973,0.973,0.973,0.973,0.973,0.973,0.973,0.973,0.973,0.973,0.973,0.973,0.973,0.973,0.973,0.973,0.973,0.973,0.357,0.357,0.473,0.473,0.473,0.473,0.473,0.473,0.473,0.473,0.473,0.473,0.473,0.473,0.473,0.473,0.473,0.473,0.473,0.473,0.473,0.473,0.473,0.473,0.473,0.473
RGI60-19.00402,0.945,0.945,0.945,0.945,0.945,0.945,0.945,0.945,0.945,0.945,0.945,0.945,0.945,0.945,0.945,0.945,0.945,0.945,0.945,0.945,0.945,0.945,0.945,0.945,0.315,0.315,0.409,0.409,0.409,0.409,0.409,0.409,0.409,0.409,0.409,0.409,0.409,0.409,0.409,0.409,0.409,0.409,0.409,0.409,0.409,0.409,0.409,0.409,0.409,0.409
RGI60-19.00403,0.973,0.973,0.973,0.973,0.973,0.973,0.973,0.973,0.973,0.973,0.973,0.973,0.973,0.973,0.973,0.973,0.973,0.973,0.973,0.973,0.973,0.973,0.973,0.973,0.357,0.357,0.473,0.473,0.473,0.473,0.473,0.473,0.473,0.473,0.473,0.473,0.473,0.473,0.473,0.473,0.473,0.473,0.473,0.473,0.473,0.473,0.473,0.473,0.473,0.473
RGI60-19.00404,0.945,0.945,0.945,0.945,0.945,0.945,0.945,0.945,0.945,0.945,0.945,0.945,0.945,0.945,0.945,0.945,0.945,0.945,0.945,0.945,0.945,0.945,0.945,0.945,0.315,0.315,0.409,0.409,0.409,0.409,0.409,0.409,0.409,0.409,0.409,0.409,0.409,0.409,0.409,0.409,0.409,0.409,0.409,0.409,0.409,0.409,0.409,0.409,0.409,0.409
RGI60-19.00405,0.973,0.973,0.973,0.973,0.973,0.973,0.973,0.973,0.973,0.973,0.973,0.973,0.973,0.973,0.973,0.973,0.973,0.973,0.973,0.973,0.973,0.973,0.973,0.973,0.357,0.357,0.473,0.473,0.473,0.473,0.473,0.473,0.473,0.473,0.473,0.473,0.473,0.473,0.473,0.473,0.473,0.473,0.473,0.473,0.473,0.473,0.473,0.473,0.473,0.473
RGI60-19.00406,0.973,0.973,0.973,0.973,0.973,0.973,0.973,0.973,0.973,0.973,0.973,0.973,0.973,0.973,0.973,0.973,0.973,0.973,0.973,0.973,0.973,0.973,0.973,0.973,0.357,0.357,0.473,0.473,0.473,0.473,0.473,0.473,0.473,0.473,0.473,0.473,0.473,0.473,0.473,0.473,0.473,0.473,0.473,0.473,0.473,0.473,0.473,0.473,0.473,0.473
RGI60-19.00407,0.973,0.973,0.973,0.973,0.973,0.973,0.973,0.973,0.973,0.973,0.973,0.973,0.973,0.973,0.973,0.973,0.973,0.973,0.973,0.973,0.973,0.973,0.973,0.973,0.357,0.357,0.473,0.473,0.473,0.473,0.473,0.473,0.473,0.473,0.473,0.473,0.473,0.473,0.473,0.473,0.473,0.473,0.473,0.473,0.473,0.473,0.473,0.473,0.473,0.473
RGI60-19.00408,0.945,0.945,0.945,0.945,0.945,0.945,0.945,0.945,0.945,0.945,0.945,0.945,0.945,0.945,0.945,0.945,0.945,0.945,0.945,0.945,0.945,0.945,0.945,0.945,0.315,0.315,0.409,0.409,0.409,0.409,0.409,0.409,0.409,0.409,0.409,0.409,0.409,0.409,0.409,0.409,0.409,0.409,0.409,0.409,0.409,0.409,0.409,0.409,0.409,0.409
RGI60-19.00409,0.973,0.973,0.973,0.973,0.973,0.973,0.973,0.973,0.973,0.973,0.973,0.973,0.973,0.973,0.973,0.973,0.973,0.973,0.973,0.973,0.973,0.973,0.973,0.973,0.357,0.357,0.473,0.473,0.473,0.473,0.473,0.473,0.473,0.473,0.473,0.473,0.473,0.473,0.473,0.473,0.473,0.473,0.473,0.473,0.473,0.473,0.473,0.473,0.473,0.473
RGI60-19.00410,0.973,0.973,0.973,0.973,0.973,0.973,0.973,0.973,0.973,0.973,0.973,0.973,0.973,0.973,0.973,0.973,0.973,0.973,0.973,0.973,0.973,0.973,0.973,0.973,0.357,0.357,0.473,0.473,0.473,0.473,0.473,0.473,0.473,0.473,0.473,0.473,0.473,0.473,0.473,0.473,0.473,0.473,0.473,0.473,0.473,0.473,0.473,0.473,0.473,0.473
RGI60-19.00411,0.945,0.945,0.945,0.945,0.945,0.945,0.945,0.945,0.945,0.945,0.945,0.945,0.945,0.945,0.945,0.945,0.945,0.945,0.945,0.945,0.945,0.945,0.945,0.945,0.315,0.315,0.409,0.409,0.409,0.409,0.409,0.409,0.409,0.409,0.409,0.409,0.409,0.409,0.409,0.409,0.409,0.409,0.409,0.409,0.409,0.409,0.409,0.409,0.409,0.409
RGI60-19.00412,0.973,0.973,0.973,0.973,0.973,0.973,0.973,0.973,0.973,0.973,0.973,0.973,0.973,0.973,0.973,0.973,0.973,0.973,0.973,0.973,0.973,0.973,0.973,0.973,0.357,0.357,0.473,0.473,0.473,0.473,0.473,0.473,0.473,0.473,0.473,0.473,0.473,0.473,0.473,0.473,0.473,0.473,0.473,0.473,0.473,0.473,0.473,0.473,0.473,0.473
RGI60-19.00413,0.973,0.973,0.973,0.973,0.973,0.973,0.973,0.973,0.973,0.973,0.973,0.973,0.973,0.973,0.973,0.973,0.973,0.973,0.973,0.973,0.973,0.973,0.973,0.973,0.357,0.357,0.473,0.473,0.473,0.473,0.473,0.473,0.473,0.473,0.473,0.473,0.473,0.473,0.473,0.473,0.473,0.473,0.473,0.473,0.473,0.473,0.473,0.473,0.473,0.473
RGI60-19.00414,0.973,0.973,0.973,0.973,0.973,0.973,0.973,0.973,0.973,0.973,0.973,0.973,0.973,0.973,0.973,0.973,0.973,0.973,0.973,0.973,0.973,0.973,0.973,0.973,0.357,0.357,0.473,0.473,0.473,0.473,0.473,0.473,0.473,0.473,0.473,0.473,0.473,0.473,0.473,0.473,0.473,0.473,0.473,0.473,0.473,0.473,0.473,0.473,0.473,0.473
RGI60-19.00415,0.973,0.973,0.973,0.973,0.973,0.973,0.973,0.973,0.973,0.973,0.973,0.973,0.973,0.973,0.973,0.973,0.973,0.973,0.973,0.973,0.973,0.973,0.973,0.973,0.357,0.357,0.473,0.473,0.473,0.473,0.473,0.473,0.473,0.473,0.473,0.473,0.473,0.473,0.473,0.473,0.473,0.473,0.473,0.473,0.473,0.473,0.473,0.473,0.473,0.473
RGI60-19.00416,0.973,0.973,0.973,0.973,0.973,0.973,0.973,0.973,0.973,0.973,0.973,0.973,0.973,0.973,0.973,0.973,0.973,0.973,0.973,0.973,0.973,0.973,0.973,0.973,0.357,0.357,0.473,0.473,0.473,0.473,0.473,0.473,0.473,0.473,0.473,0.473,0.473,0.473,0.473,0.473,0.473,0.473,0.473,0.473,0.473,0.473,0.473,0.473,0.473,0.473
RGI60-19.00417,0.965,0.965,0.965,0.965,0.965,0.965,0.965,0.965,0.965,0.965,0.965,0.965,0.965,0.965,0.965,0.965,0.965,0.965,0.965,0.965,0.965,0.965,0.965,0.965,0.346,0.346,0.456,0.456,0.456,0.456,0.456,0.456,0.456,0.456,0.456,0.456,0.456,0.456,0.456,0.456,0.456,0.456,0.456,0.456,0.456,0.456,0.456,0.456,0.456,0.456
RGI60-19.00418,0.965,0.965,0.965,0.965,0.965,0.965,0.965,0.965,0.965,0.965,0.965,0.965,0.965,0.965,0.965,0.965,0.965,0.965,0.965,0.965,0.965,0.965,0.965,0.965,0.346,0.346,0.455,0.455,0.455,0.455,0.455,0.455,0.455,0.455,0.455,0.455,0.455,0.455,0.455,0.455,0.455,0.455,0.455,0.455,0.455,0.455,0.455,0.455,0.455,0.455
RGI60-19.00419,0.953,0.953,0.953,0.953,0.953,0.953,0.953,0.953,0.953,0.953,0.953,0.953,0.953,0.953,0.953,0.953,0.953,0.953,0.953,0.953,0.953,0.953,0.953,0.953,0.329,0.329,0.429,0.429,0.429,0.429,0.429,0.429,0.429,0.429,0.429,0.429,0.429,0.429,0.429,0.429,0.429,0.429,0.429,0.429,0.429,0.429,0.429,0.429,0.429,0.429
RGI60-19.00420,0.955,0.955,0.955,0.955,0.955,0.955,0.955,0.955,0.955,0.955,0.955,0.955,0.955,0.955,0.955,0.955,0.955,0.955,0.955,0.955,0.955,0.955,0.955,0.955,0.332,0.332,0.434,0.434,0.434,0.434,0.434,0.434,0.434,0.434,0.434,0.434,0.434,0.434,0.434,0.434,0.434,0.434,0.434,0.434,0.434,0.434,0.434,0.434,0.434,0.434
RGI60-19.00421,0.953,0.953,0.953,0.953,0.953,0.953,0.953,0.953,0.953,0.953,0.953,0.953,0.953,0.953,0.953,0.953,0.953,0.953,0.953,0.953,0.953,0.953,0.953,0.953,0.329,0.329,0.43,0.43,0.43,0.43,0.43,0.43,0.43,0.43,0.43,0.43,0.43,0.43,0.43,0.43,0.43,0.43,0.43,0.43,0.43,0.43,0.43,0.43,0.43,0.43
RGI60-19.00422,0.955,0.955,0.955,0.955,0.955,0.955,0.955,0.955,0.955,0.955,0.955,0.955,0.955,0.955,0.955,0.955,0.955,0.955,0.955,0.955,0.955,0.955,0.955,0.955,0.332,0.332,0.434,0.434,0.434,0.434,0.434,0.434,0.434,0.434,0.434,0.434,0.434,0.434,0.434,0.434,0.434,0.434,0.434,0.434,0.434,0.434,0.434,0.434,0.434,0.434
RGI60-19.00423,0.954,0.954,0.954,0.954,0.954,0.954,0.954,0.954,0.954,0.954,0.954,0.954,0.954,0.954,0.954,0.954,0.954,0.954,0.954,0.954,0.954,0.954,0.954,0.954,0.331,0.331,0.433,0.433,0.433,0.433,0.433,0.433,0.433,0.433,0.433,0.433,0.433,0.433,0.433,0.433,0.433,0.433,0.433,0.433,0.433,0.433,0.433,0.433,0.433,0.433
RGI60-19.00424,0.954,0.954,0.954,0.954,0.954,0.954,0.954,0.954,0.954,0.954,0.954,0.954,0.954,0.954,0.954,0.954,0.954,0.954,0.954,0.954,0.954,0.954,0.954,0.954,0.33,0.33,0.431,0.431,0.431,0.431,0.431,0.431,0.431,0.431,0.431,0.431,0.431,0.431,0.431,0.431,0.431,0.431,0.431,0.431,0.431,0.431,0.431,0.431,0.431,0.431
RGI60-19.00425,0.954,0.954,0.954,0.954,0.954,0.954,0.954,0.954,0.954,0.954,0.954,0.954,0.954,0.954,0.954,0.954,0.954,0.954,0.954,0.954,0.954,0.954,0.954,0.954,0.331,0.331,0.432,0.432,0.432,0.432,0.432,0.432,0.432,0.432,0.432,0.432,0.432,0.432,0.432,0.432,0.432,0.432,0.432,0.432,0.432,0.432,0.432,0.432,0.432,0.432
RGI60-19.00426,0.954,0.954,0.954,0.954,0.954,0.954,0.954,0.954,0.954,0.954,0.954,0.954,0.954,0.954,0.954,0.954,0.954,0.954,0.954,0.954,0.954,0.954,0.954,0.954,0.331,0.331,0.433,0.433,0.433,0.433,0.433,0.433,0.433,0.433,0.433,0.433,0.433,0.433,0.433,0.433,0.433,0.433,0.433,0.433,0.433,0.433,0.433,0.433,0.433,0.433
RGI60-19.00427,0.955,0.955,0.955,0.955,0.955,0.955,0.955,0.955,0.955,0.955,0.955,0.955,0.955,0.955,0.955,0.955,0.955,0.955,0.955,0.955,0.955,0.955,0.955,0.955,0.332,0.332,0.433,0.433,0.433,0.433,0.433,0.433,0.433,0.433,0.433,0.433,0.433,0.433,0.433,0.433,0.433,0.433,0.433,0.433,0.433,0.433,0.433,0.433,0.433,0.433
RGI60-19.00428,0.953,0.953,0.953,0.953,0.953,0.953,0.953,0.953,0.953,0.953,0.953,0.953,0.953,0.953,0.953,0.953,0.953,0.953,0.953,0.953,0.953,0.953,0.953,0.953,0.329,0.329,0.43,0.43,0.43,0.43,0.43,0.43,0.43,0.43,0.43,0.43,0.43,0.43,0.43,0.43,0.43,0.43,0.43,0.43,0.43,0.43,0.43,0.43,0.43,0.43
RGI60-19.00429,0.953,0.953,0.953,0.953,0.953,0.953,0.953,0.953,0.953,0.953,0.953,0.953,0.953,0.953,0.953,0.953,0.953,0.953,0.953,0.953,0.953,0.953,0.953,0.953,0.33,0.33,0.43,0.43,0.43,0.43,0.43,0.43,0.43,0.43,0.43,0.43,0.43,0.43,0.43,0.43,0.43,0.43,0.43,0.43,0.43,0.43,0.43,0.43,0.43,0.43
RGI60-19.00430,0.955,0.955,0.955,0.955,0.955,0.955,0.955,0.955,0.955,0.955,0.955,0.955,0.955,0.955,0.955,0.955,0.955,0.955,0.955,0.955,0.955,0.955,0.955,0.955,0.332,0.332,0.434,0.434,0.434,0.434,0.434,0.434,0.434,0.434,0.434,0.434,0.434,0.434,0.434,0.434,0.434,0.434,0.434,0.434,0.434,0.434,0.434,0.434,0.434,0.434
RGI60-19.00431,0.954,0.954,0.954,0.954,0.954,0.954,0.954,0.954,0.954,0.954,0.954,0.954,0.954,0.954,0.954,0.954,0.954,0.954,0.954,0.954,0.954,0.954,0.954,0.954,0.33,0.33,0.432,0.432,0.432,0.432,0.432,0.432,0.432,0.432,0.432,0.432,0.432,0.432,0.432,0.432,0.432,0.432,0.432,0.432,0.432,0.432,0.432,0.432,0.432,0.432
RGI60-19.00432,0.971,0.971,0.971,0.971,0.971,0.971,0.971,0.971,0.971,0.971,0.971,0.971,0.971,0.971,0.971,0.971,0.971,0.971,0.971,0.971,0.971,0.971,0.971,0.971,0.353,0.353,0.468,0.468,0.468,0.468,0.468,0.468,0.468,0.468,0.468,0.468,0.468,0.468,0.468,0.468,0.468,0.468,0.468,0.468,0.468,0.468,0.468,0.468,0.468,0.468
RGI60-19.00433,0.975,0.975,0.975,0.975,0.975,0.975,0.975,0.975,0.975,0.975,0.975,0.975,0.975,0.975,0.975,0.975,0.975,0.975,0.975,0.975,0.975,0.975,0.975,0.975,0.36,0.36,0.478,0.478,0.478,0.478,0.478,0.478,0.478,0.478,0.478,0.478,0.478,0.478,0.478,0.478,0.478,0.478,0.478,0.478,0.478,0.478,0.478,0.478,0.478,0.478
RGI60-19.00434,0.975,0.975,0.975,0.975,0.975,0.975,0.975,0.975,0.975,0.975,0.975,0.975,0.975,0.975,0.975,0.975,0.975,0.975,0.975,0.975,0.975,0.975,0.975,0.975,0.36,0.36,0.478,0.478,0.478,0.478,0.478,0.478,0.478,0.478,0.478,0.478,0.478,0.478,0.478,0.478,0.478,0.478,0.478,0.478,0.478,0.478,0.478,0.478,0.478,0.478
RGI60-19.00435,0.975,0.975,0.975,0.975,0.975,0.975,0.975,0.975,0.975,0.975,0.975,0.975,0.975,0.975,0.975,0.975,0.975,0.975,0.975,0.975,0.975,0.975,0.975,0.975,0.36,0.36,0.478,0.478,0.478,0.478,0.478,0.478,0.478,0.478,0.478,0.478,0.478,0.478,0.478,0.478,0.478,0.478,0.478,0.478,0.478,0.478,0.478,0.478,0.478,0.478
RGI60-19.00436,0.975,0.975,0.975,0.975,0.975,0.975,0.975,0.975,0.975,0.975,0.975,0.975,0.975,0.975,0.975,0.975,0.975,0.975,0.975,0.975,0.975,0.975,0.975,0.975,0.36,0.36,0.478,0.478,0.478,0.478,0.478,0.478,0.478,0.478,0.478,0.478,0.478,0.478,0.478,0.478,0.478,0.478,0.478,0.478,0.478,0.478,0.478,0.478,0.478,0.478
RGI60-19.00437,0.91,0.91,0.91,0.91,0.91,0.91,0.91,0.91,0.91,0.91,0.91,0.91,0.91,0.91,0.91,0.91,0.91,0.91,0.91,0.91,0.91,0.91,0.91,0.91,0.262,0.262,0.323,0.323,0.323,0.323,0.323,0.323,0.323,0.323,0.323,0.323,0.323,0.323,0.323,0.323,0.323,0.323,0.323,0.323,0.323,0.323,0.323,0.323,0.323,0.323
RGI60-19.00438,0.911,0.911,0.911,0.911,0.911,0.911,0.911,0.911,0.911,0.911,0.911,0.911,0.911,0.911,0.911,0.911,0.911,0.911,0.911,0.911,0.911,0.911,0.911,0.911,0.264,0.264,0.326,0.326,0.326,0.326,0.326,0.326,0.326,0.326,0.326,0.326,0.326,0.326,0.326,0.326,0.326,0.326,0.326,0.326,0.326,0.326,0.326,0.326,0.326,0.326
RGI60-19.00439,0.976,0.976,0.976,0.976,0.976,0.976,0.976,0.976,0.976,0.976,0.976,0.976,0.976,0.976,0.976,0.976,0.976,0.976,0.976,0.976,0.976,0.976,0.976,0.976,0.36,0.36,0.478,0.478,0.478,0.478,0.478,0.478,0.478,0.478,0.478,0.478,0.478,0.478,0.478,0.478,0.478,0.478,0.478,0.478,0.478,0.478,0.478,0.478,0.478,0.478
RGI60-19.00440,0.912,0.912,0.912,0.912,0.912,0.912,0.912,0.912,0.912,0.912,0.912,0.912,0.912,0.912,0.912,0.912,0.912,0.912,0.912,0.912,0.912,0.912,0.912,0.912,0.265,0.265,0.328,0.328,0.328,0.328,0.328,0.328,0.328,0.328,0.328,0.328,0.328,0.328,0.328,0.328,0.328,0.328,0.328,0.328,0.328,0.328,0.328,0.328,0.328,0.328
RGI60-19.00441,0.912,0.912,0.912,0.912,0.912,0.912,0.912,0.912,0.912,0.912,0.912,0.912,0.912,0.912,0.912,0.912,0.912,0.912,0.912,0.912,0.912,0.912,0.912,0.912,0.265,0.265,0.328,0.328,0.328,0.328,0.328,0.328,0.328,0.328,0.328,0.328,0.328,0.328,0.328,0.328,0.328,0.328,0.328,0.328,0.328,0.328,0.328,0.328,0.328,0.328
RGI60-19.00442,0.916,0.916,0.916,0.916,0.916,0.916,0.916,0.916,0.916,0.916,0.916,0.916,0.916,0.916,0.916,0.916,0.916,0.916,0.916,0.916,0.916,0.916,0.916,0.916,0.272,0.272,0.34,0.34,0.34,0.34,0.34,0.34,0.34,0.34,0.34,0.34,0.34,0.34,0.34,0.34,0.34,0.34,0.34,0.34,0.34,0.34,0.34,0.34,0.34,0.34
RGI60-19.00443,0.917,0.917,0.917,0.917,0.917,0.917,0.917,0.917,0.917,0.917,0.917,0.917,0.917,0.917,0.917,0.917,0.917,0.917,0.917,0.917,0.917,0.917,0.917,0.917,0.274,0.274,0.343,0.343,0.343,0.343,0.343,0.343,0.343,0.343,0.343,0.343,0.343,0.343,0.343,0.343,0.343,0.343,0.343,0.343,0.343,0.343,0.343,0.343,0.343,0.343
RGI60-19.00444,0.945,0.945,0.945,0.945,0.945,0.945,0.945,0.945,0.945,0.945,0.945,0.945,0.945,0.945,0.945,0.945,0.945,0.945,0.945,0.945,0.945,0.945,0.945,0.945,0.315,0.315,0.409,0.409,0.409,0.409,0.409,0.409,0.409,0.409,0.409,0.409,0.409,0.409,0.409,0.409,0.409,0.409,0.409,0.409,0.409,0.409,0.409,0.409,0.409,0.409
RGI60-19.00445,0.976,0.976,0.976,0.976,0.976,0.976,0.976,0.976,0.976,0.976,0.976,0.976,0.976,0.976,0.976,0.976,0.976,0.976,0.976,0.976,0.976,0.976,0.976,0.976,0.361,0.361,0.479,0.479,0.479,0.479,0.479,0.479,0.479,0.479,0.479,0.479,0.479,0.479,0.479,0.479,0.479,0.479,0.479,0.479,0.479,0.479,0.479,0.479,0.479,0.479
RGI60-19.00446,0.973,0.973,0.973,0.973,0.973,0.973,0.973,0.973,0.973,0.973,0.973,0.973,0.973,0.973,0.973,0.973,0.973,0.973,0.973,0.973,0.973,0.973,0.973,0.973,0.357,0.357,0.472,0.472,0.472,0.472,0.472,0.472,0.472,0.472,0.472,0.472,0.472,0.472,0.472,0.472,0.472,0.472,0.472,0.472,0.472,0.472,0.472,0.472,0.472,0.472
RGI60-19.00447,0.973,0.973,0.973,0.973,0.973,0.973,0.973,0.973,0.973,0.973,0.973,0.973,0.973,0.973,0.973,0.973,0.973,0.973,0.973,0.973,0.973,0.973,0.973,0.973,0.357,0.357,0.472,0.472,0.472,0.472,0.472,0.472,0.472,0.472,0.472,0.472,0.472,0.472,0.472,0.472,0.472,0.472,0.472,0.472,0.472,0.472,0.472,0.472,0.472,0.472
RGI60-19.00448,0.973,0.973,0.973,0.973,0.973,0.973,0.973,0.973,0.973,0.973,0.973,0.973,0.973,0.973,0.973,0.973,0.973,0.973,0.973,0.973,0.973,0.973,0.973,0.973,0.357,0.357,0.472,0.472,0.472,0.472,0.472,0.472,0.472,0.472,0.472,0.472,0.472,0.472,0.472,0.472,0.472,0.472,0.472,0.472,0.472,0.472,0.472,0.472,0.472,0.472
RGI60-19.00449,0.973,0.973,0.973,0.973,0.973,0.973,0.973,0.973,0.973,0.973,0.973,0.973,0.973,0.973,0.973,0.973,0.973,0.973,0.973,0.973,0.973,0.973,0.973,0.973,0.357,0.357,0.472,0.472,0.472,0.472,0.472,0.472,0.472,0.472,0.472,0.472,0.472,0.472,0.472,0.472,0.472,0.472,0.472,0.472,0.472,0.472,0.472,0.472,0.472,0.472
RGI60-19.00450,0.973,0.973,0.973,0.973,0.973,0.973,0.973,0.973,0.973,0.973,0.973,0.973,0.973,0.973,0.973,0.973,0.973,0.973,0.973,0.973,0.973,0.973,0.973,0.973,0.357,0.357,0.472,0.472,0.472,0.472,0.472,0.472,0.472,0.472,0.472,0.472,0.472,0.472,0.472,0.472,0.472,0.472,0.472,0.472,0.472,0.472,0.472,0.472,0.472,0.472
RGI60-19.00451,0.973,0.973,0.973,0.973,0.973,0.973,0.973,0.973,0.973,0.973,0.973,0.973,0.973,0.973,0.973,0.973,0.973,0.973,0.973,0.973,0.973,0.973,0.973,0.973,0.357,0.357,0.472,0.472,0.472,0.472,0.472,0.472,0.472,0.472,0.472,0.472,0.472,0.472,0.472,0.472,0.472,0.472,0.472,0.472,0.472,0.472,0.472,0.472,0.472,0.472
RGI60-19.00452,0.973,0.973,0.973,0.973,0.973,0.973,0.973,0.973,0.973,0.973,0.973,0.973,0.973,0.973,0.973,0.973,0.973,0.973,0.973,0.973,0.973,0.973,0.973,0.973,0.357,0.357,0.472,0.472,0.472,0.472,0.472,0.472,0.472,0.472,0.472,0.472,0.472,0.472,0.472,0.472,0.472,0.472,0.472,0.472,0.472,0.472,0.472,0.472,0.472,0.472
RGI60-19.00453,0.973,0.973,0.973,0.973,0.973,0.973,0.973,0.973,0.973,0.973,0.973,0.973,0.973,0.973,0.973,0.973,0.973,0.973,0.973,0.973,0.973,0.973,0.973,0.973,0.357,0.357,0.472,0.472,0.472,0.472,0.472,0.472,0.472,0.472,0.472,0.472,0.472,0.472,0.472,0.472,0.472,0.472,0.472,0.472,0.472,0.472,0.472,0.472,0.472,0.472
RGI60-19.00454,0.973,0.973,0.973,0.973,0.973,0.973,0.973,0.973,0.973,0.973,0.973,0.973,0.973,0.973,0.973,0.973,0.973,0.973,0.973,0.973,0.973,0.973,0.973,0.973,0.357,0.357,0.472,0.472,0.472,0.472,0.472,0.472,0.472,0.472,0.472,0.472,0.472,0.472,0.472,0.472,0.472,0.472,0.472,0.472,0.472,0.472,0.472,0.472,0.472,0.472
RGI60-19.00455,0.973,0.973,0.973,0.973,0.973,0.973,0.973,0.973,0.973,0.973,0.973,0.973,0.973,0.973,0.973,0.973,0.973,0.973,0.973,0.973,0.973,0.973,0.973,0.973,0.357,0.357,0.472,0.472,0.472,0.472,0.472,0.472,0.472,0.472,0.472,0.472,0.472,0.472,0.472,0.472,0.472,0.472,0.472,0.472,0.472,0.472,0.472,0.472,0.472,0.472
RGI60-19.00456,0.973,0.973,0.973,0.973,0.973,0.973,0.973,0.973,0.973,0.973,0.973,0.973,0.973,0.973,0.973,0.973,0.973,0.973,0.973,0.973,0.973,0.973,0.973,0.973,0.357,0.357,0.472,0.472,0.472,0.472,0.472,0.472,0.472,0.472,0.472,0.472,0.472,0.472,0.472,0.472,0.472,0.472,0.472,0.472,0.472,0.472,0.472,0.472,0.472,0.472
RGI60-19.00457,0.973,0.973,0.973,0.973,0.973,0.973,0.973,0.973,0.973,0.973,0.973,0.973,0.973,0.973,0.973,0.973,0.973,0.973,0.973,0.973,0.973,0.973,0.973,0.973,0.357,0.357,0.472,0.472,0.472,0.472,0.472,0.472,0.472,0.472,0.472,0.472,0.472,0.472,0.472,0.472,0.472,0.472,0.472,0.472,0.472,0.472,0.472,0.472,0.472,0.472
RGI60-19.00458,0.973,0.973,0.973,0.973,0.973,0.973,0.973,0.973,0.973,0.973,0.973,0.973,0.973,0.973,0.973,0.973,0.973,0.973,0.973,0.973,0.973,0.973,0.973,0.973,0.357,0.357,0.472,0.472,0.472,0.472,0.472,0.472,0.472,0.472,0.472,0.472,0.472,0.472,0.472,0.472,0.472,0.472,0.472,0.472,0.472,0.472,0.472,0.472,0.472,0.472
RGI60-19.00459,0.973,0.973,0.973,0.973,0.973,0.973,0.973,0.973,0.973,0.973,0.973,0.973,0.973,0.973,0.973,0.973,0.973,0.973,0.973,0.973,0.973,0.973,0.973,0.973,0.357,0.357,0.472,0.472,0.472,0.472,0.472,0.472,0.472,0.472,0.472,0.472,0.472,0.472,0.472,0.472,0.472,0.472,0.472,0.472,0.472,0.472,0.472,0.472,0.472,0.472
RGI60-19.00460,0.973,0.973,0.973,0.973,0.973,0.973,0.973,0.973,0.973,0.973,0.973,0.973,0.973,0.973,0.973,0.973,0.973,0.973,0.973,0.973,0.973,0.973,0.973,0.973,0.357,0.357,0.472,0.472,0.472,0.472,0.472,0.472,0.472,0.472,0.472,0.472,0.472,0.472,0.472,0.472,0.472,0.472,0.472,0.472,0.472,0.472,0.472,0.472,0.472,0.472
RGI60-19.00461,0.973,0.973,0.973,0.973,0.973,0.973,0.973,0.973,0.973,0.973,0.973,0.973,0.973,0.973,0.973,0.973,0.973,0.973,0.973,0.973,0.973,0.973,0.973,0.973,0.357,0.357,0.472,0.472,0.472,0.472,0.472,0.472,0.472,0.472,0.472,0.472,0.472,0.472,0.472,0.472,0.472,0.472,0.472,0.472,0.472,0.472,0.472,0.472,0.472,0.472
RGI60-19.00462,0.973,0.973,0.973,0.973,0.973,0.973,0.973,0.973,0.973,0.973,0.973,0.973,0.973,0.973,0.973,0.973,0.973,0.973,0.973,0.973,0.973,0.973,0.973,0.973,0.357,0.357,0.472,0.472,0.472,0.472,0.472,0.472,0.472,0.472,0.472,0.472,0.472,0.472,0.472,0.472,0.472,0.472,0.472,0.472,0.472,0.472,0.472,0.472,0.472,0.472
RGI60-19.00463,0.973,0.973,0.973,0.973,0.973,0.973,0.973,0.973,0.973,0.973,0.973,0.973,0.973,0.973,0.973,0.973,0.973,0.973,0.973,0.973,0.973,0.973,0.973,0.973,0.357,0.357,0.472,0.472,0.472,0.472,0.472,0.472,0.472,0.472,0.472,0.472,0.472,0.472,0.472,0.472,0.472,0.472,0.472,0.472,0.472,0.472,0.472,0.472,0.472,0.472
RGI60-19.00464,0.973,0.973,0.973,0.973,0.973,0.973,0.973,0.973,0.973,0.973,0.973,0.973,0.973,0.973,0.973,0.973,0.973,0.973,0.973,0.973,0.973,0.973,0.973,0.973,0.357,0.357,0.472,0.472,0.472,0.472,0.472,0.472,0.472,0.472,0.472,0.472,0.472,0.472,0.472,0.472,0.472,0.472,0.472,0.472,0.472,0.472,0.472,0.472,0.472,0.472
RGI60-19.00465,0.973,0.973,0.973,0.973,0.973,0.973,0.973,0.973,0.973,0.973,0.973,0.973,0.973,0.973,0.973,0.973,0.973,0.973,0.973,0.973,0.973,0.973,0.973,0.973,0.357,0.357,0.472,0.472,0.472,0.472,0.472,0.472,0.472,0.472,0.472,0.472,0.472,0.472,0.472,0.472,0.472,0.472,0.472,0.472,0.472,0.472,0.472,0.472,0.472,0.472
RGI60-19.00466,0.973,0.973,0.973,0.973,0.973,0.973,0.973,0.973,0.973,0.973,0.973,0.973,0.973,0.973,0.973,0.973,0.973,0.973,0.973,0.973,0.973,0.973,0.973,0.973,0.357,0.357,0.472,0.472,0.472,0.472,0.472,0.472,0.472,0.472,0.472,0.472,0.472,0.472,0.472,0.472,0.472,0.472,0.472,0.472,0.472,0.472,0.472,0.472,0.472,0.472
RGI60-19.00467,0.973,0.973,0.973,0.973,0.973,0.973,0.973,0.973,0.973,0.973,0.973,0.973,0.973,0.973,0.973,0.973,0.973,0.973,0.973,0.973,0.973,0.973,0.973,0.973,0.357,0.357,0.472,0.472,0.472,0.472,0.472,0.472,0.472,0.472,0.472,0.472,0.472,0.472,0.472,0.472,0.472,0.472,0.472,0.472,0.472,0.472,0.472,0.472,0.472,0.472
RGI60-19.00468,0.973,0.973,0.973,0.973,0.973,0.973,0.973,0.973,0.973,0.973,0.973,0.973,0.973,0.973,0.973,0.973,0.973,0.973,0.973,0.973,0.973,0.973,0.973,0.973,0.357,0.357,0.472,0.472,0.472,0.472,0.472,0.472,0.472,0.472,0.472,0.472,0.472,0.472,0.472,0.472,0.472,0.472,0.472,0.472,0.472,0.472,0.472,0.472,0.472,0.472
RGI60-19.00469,0.973,0.973,0.973,0.973,0.973,0.973,0.973,0.973,0.973,0.973,0.973,0.973,0.973,0.973,0.973,0.973,0.973,0.973,0.973,0.973,0.973,0.973,0.973,0.973,0.357,0.357,0.472,0.472,0.472,0.472,0.472,0.472,0.472,0.472,0.472,0.472,0.472,0.472,0.472,0.472,0.472,0.472,0.472,0.472,0.472,0.472,0.472,0.472,0.472,0.472
RGI60-19.00470,0.973,0.973,0.973,0.973,0.973,0.973,0.973,0.973,0.973,0.973,0.973,0.973,0.973,0.973,0.973,0.973,0.973,0.973,0.973,0.973,0.973,0.973,0.973,0.973,0.357,0.357,0.472,0.472,0.472,0.472,0.472,0.472,0.472,0.472,0.472,0.472,0.472,0.472,0.472,0.472,0.472,0.472,0.472,0.472,0.472,0.472,0.472,0.472,0.472,0.472
RGI60-19.00471,0.973,0.973,0.973,0.973,0.973,0.973,0.973,0.973,0.973,0.973,0.973,0.973,0.973,0.973,0.973,0.973,0.973,0.973,0.973,0.973,0.973,0.973,0.973,0.973,0.357,0.357,0.472,0.472,0.472,0.472,0.472,0.472,0.472,0.472,0.472,0.472,0.472,0.472,0.472,0.472,0.472,0.472,0.472,0.472,0.472,0.472,0.472,0.472,0.472,0.472
RGI60-19.00472,0.973,0.973,0.973,0.973,0.973,0.973,0.973,0.973,0.973,0.973,0.973,0.973,0.973,0.973,0.973,0.973,0.973,0.973,0.973,0.973,0.973,0.973,0.973,0.973,0.357,0.357,0.472,0.472,0.472,0.472,0.472,0.472,0.472,0.472,0.472,0.472,0.472,0.472,0.472,0.472,0.472,0.472,0.472,0.472,0.472,0.472,0.472,0.472,0.472,0.472
RGI60-19.00473,0.973,0.973,0.973,0.973,0.973,0.973,0.973,0.973,0.973,0.973,0.973,0.973,0.973,0.973,0.973,0.973,0.973,0.973,0.973,0.973,0.973,0.973,0.973,0.973,0.357,0.357,0.472,0.472,0.472,0.472,0.472,0.472,0.472,0.472,0.472,0.472,0.472,0.472,0.472,0.472,0.472,0.472,0.472,0.472,0.472,0.472,0.472,0.472,0.472,0.472
RGI60-19.00474,0.973,0.973,0.973,0.973,0.973,0.973,0.973,0.973,0.973,0.973,0.973,0.973,0.973,0.973,0.973,0.973,0.973,0.973,0.973,0.973,0.973,0.973,0.973,0.973,0.357,0.357,0.472,0.472,0.472,0.472,0.472,0.472,0.472,0.472,0.472,0.472,0.472,0.472,0.472,0.472,0.472,0.472,0.472,0.472,0.472,0.472,0.472,0.472,0.472,0.472
RGI60-19.00475,0.973,0.973,0.973,0.973,0.973,0.973,0.973,0.973,0.973,0.973,0.973,0.973,0.973,0.973,0.973,0.973,0.973,0.973,0.973,0.973,0.973,0.973,0.973,0.973,0.357,0.357,0.472,0.472,0.472,0.472,0.472,0.472,0.472,0.472,0.472,0.472,0.472,0.472,0.472,0.472,0.472,0.472,0.472,0.472,0.472,0.472,0.472,0.472,0.472,0.472
RGI60-19.00476,0.973,0.973,0.973,0.973,0.973,0.973,0.973,0.973,0.973,0.973,0.973,0.973,0.973,0.973,0.973,0.973,0.973,0.973,0.973,0.973,0.973,0.973,0.973,0.973,0.357,0.357,0.472,0.472,0.472,0.472,0.472,0.472,0.472,0.472,0.472,0.472,0.472,0.472,0.472,0.472,0.472,0.472,0.472,0.472,0.472,0.472,0.472,0.472,0.472,0.472
RGI60-19.00477,0.973,0.973,0.973,0.973,0.973,0.973,0.973,0.973,0.973,0.973,0.973,0.973,0.973,0.973,0.973,0.973,0.973,0.973,0.973,0.973,0.973,0.973,0.973,0.973,0.357,0.357,0.472,0.472,0.472,0.472,0.472,0.472,0.472,0.472,0.472,0.472,0.472,0.472,0.472,0.472,0.472,0.472,0.472,0.472,0.472,0.472,0.472,0.472,0.472,0.472
RGI60-19.00478,0.973,0.973,0.973,0.973,0.973,0.973,0.973,0.973,0.973,0.973,0.973,0.973,0.973,0.973,0.973,0.973,0.973,0.973,0.973,0.973,0.973,0.973,0.973,0.973,0.357,0.357,0.472,0.472,0.472,0.472,0.472,0.472,0.472,0.472,0.472,0.472,0.472,0.472,0.472,0.472,0.472,0.472,0.472,0.472,0.472,0.472,0.472,0.472,0.472,0.472
RGI60-19.00479,0.973,0.973,0.973,0.973,0.973,0.973,0.973,0.973,0.973,0.973,0.973,0.973,0.973,0.973,0.973,0.973,0.973,0.973,0.973,0.973,0.973,0.973,0.973,0.973,0.357,0.357,0.472,0.472,0.472,0.472,0.472,0.472,0.472,0.472,0.472,0.472,0.472,0.472,0.472,0.472,0.472,0.472,0.472,0.472,0.472,0.472,0.472,0.472,0.472,0.472
RGI60-19.00480,0.973,0.973,0.973,0.973,0.973,0.973,0.973,0.973,0.973,0.973,0.973,0.973,0.973,0.973,0.973,0.973,0.973,0.973,0.973,0.973,0.973,0.973,0.973,0.973,0.357,0.357,0.472,0.472,0.472,0.472,0.472,0.472,0.472,0.472,0.472,0.472,0.472,0.472,0.472,0.472,0.472,0.472,0.472,0.472,0.472,0.472,0.472,0.472,0.472,0.472
RGI60-19.00481,0.973,0.973,0.973,0.973,0.973,0.973,0.973,0.973,0.973,0.973,0.973,0.973,0.973,0.973,0.973,0.973,0.973,0.973,0.973,0.973,0.973,0.973,0.973,0.973,0.357,0.357,0.472,0.472,0.472,0.472,0.472,0.472,0.472,0.472,0.472,0.472,0.472,0.472,0.472,0.472,0.472,0.472,0.472,0.472,0.472,0.472,0.472,0.472,0.472,0.472
RGI60-19.00482,0.973,0.973,0.973,0.973,0.973,0.973,0.973,0.973,0.973,0.973,0.973,0.973,0.973,0.973,0.973,0.973,0.973,0.973,0.973,0.973,0.973,0.973,0.973,0.973,0.357,0.357,0.472,0.472,0.472,0.472,0.472,0.472,0.472,0.472,0.472,0.472,0.472,0.472,0.472,0.472,0.472,0.472,0.472,0.472,0.472,0.472,0.472,0.472,0.472,0.472
RGI60-19.00483,0.973,0.973,0.973,0.973,0.973,0.973,0.973,0.973,0.973,0.973,0.973,0.973,0.973,0.973,0.973,0.973,0.973,0.973,0.973,0.973,0.973,0.973,0.973,0.973,0.357,0.357,0.472,0.472,0.472,0.472,0.472,0.472,0.472,0.472,0.472,0.472,0.472,0.472,0.472,0.472,0.472,0.472,0.472,0.472,0.472,0.472,0.472,0.472,0.472,0.472
RGI60-19.00484,0.973,0.973,0.973,0.973,0.973,0.973,0.973,0.973,0.973,0.973,0.973,0.973,0.973,0.973,0.973,0.973,0.973,0.973,0.973,0.973,0.973,0.973,0.973,0.973,0.357,0.357,0.472,0.472,0.472,0.472,0.472,0.472,0.472,0.472,0.472,0.472,0.472,0.472,0.472,0.472,0.472,0.472,0.472,0.472,0.472,0.472,0.472,0.472,0.472,0.472
RGI60-19.00485,0.973,0.973,0.973,0.973,0.973,0.973,0.973,0.973,0.973,0.973,0.973,0.973,0.973,0.973,0.973,0.973,0.973,0.973,0.973,0.973,0.973,0.973,0.973,0.973,0.357,0.357,0.472,0.472,0.472,0.472,0.472,0.472,0.472,0.472,0.472,0.472,0.472,0.472,0.472,0.472,0.472,0.472,0.472,0.472,0.472,0.472,0.472,0.472,0.472,0.472
RGI60-19.00486,0.973,0.973,0.973,0.973,0.973,0.973,0.973,0.973,0.973,0.973,0.973,0.973,0.973,0.973,0.973,0.973,0.973,0.973,0.973,0.973,0.973,0.973,0.973,0.973,0.357,0.357,0.472,0.472,0.472,0.472,0.472,0.472,0.472,0.472,0.472,0.472,0.472,0.472,0.472,0.472,0.472,0.472,0.472,0.472,0.472,0.472,0.472,0.472,0.472,0.472
RGI60-19.00487,0.973,0.973,0.973,0.973,0.973,0.973,0.973,0.973,0.973,0.973,0.973,0.973,0.973,0.973,0.973,0.973,0.973,0.973,0.973,0.973,0.973,0.973,0.973,0.973,0.357,0.357,0.472,0.472,0.472,0.472,0.472,0.472,0.472,0.472,0.472,0.472,0.472,0.472,0.472,0.472,0.472,0.472,0.472,0.472,0.472,0.472,0.472,0.472,0.472,0.472
RGI60-19.00488,0.973,0.973,0.973,0.973,0.973,0.973,0.973,0.973,0.973,0.973,0.973,0.973,0.973,0.973,0.973,0.973,0.973,0.973,0.973,0.973,0.973,0.973,0.973,0.973,0.357,0.357,0.472,0.472,0.472,0.472,0.472,0.472,0.472,0.472,0.472,0.472,0.472,0.472,0.472,0.472,0.472,0.472,0.472,0.472,0.472,0.472,0.472,0.472,0.472,0.472
RGI60-19.00489,0.973,0.973,0.973,0.973,0.973,0.973,0.973,0.973,0.973,0.973,0.973,0.973,0.973,0.973,0.973,0.973,0.973,0.973,0.973,0.973,0.973,0.973,0.973,0.973,0.357,0.357,0.472,0.472,0.472,0.472,0.472,0.472,0.472,0.472,0.472,0.472,0.472,0.472,0.472,0.472,0.472,0.472,0.472,0.472,0.472,0.472,0.472,0.472,0.472,0.472
RGI60-19.00490,0.973,0.973,0.973,0.973,0.973,0.973,0.973,0.973,0.973,0.973,0.973,0.973,0.973,0.973,0.973,0.973,0.973,0.973,0.973,0.973,0.973,0.973,0.973,0.973,0.357,0.357,0.472,0.472,0.472,0.472,0.472,0.472,0.472,0.472,0.472,0.472,0.472,0.472,0.472,0.472,0.472,0.472,0.472,0.472,0.472,0.472,0.472,0.472,0.472,0.472
RGI60-19.00491,0.973,0.973,0.973,0.973,0.973,0.973,0.973,0.973,0.973,0.973,0.973,0.973,0.973,0.973,0.973,0.973,0.973,0.973,0.973,0.973,0.973,0.973,0.973,0.973,0.357,0.357,0.472,0.472,0.472,0.472,0.472,0.472,0.472,0.472,0.472,0.472,0.472,0.472,0.472,0.472,0.472,0.472,0.472,0.472,0.472,0.472,0.472,0.472,0.472,0.472
RGI60-19.00492,0.973,0.973,0.973,0.973,0.973,0.973,0.973,0.973,0.973,0.973,0.973,0.973,0.973,0.973,0.973,0.973,0.973,0.973,0.973,0.973,0.973,0.973,0.973,0.973,0.357,0.357,0.472,0.472,0.472,0.472,0.472,0.472,0.472,0.472,0.472,0.472,0.472,0.472,0.472,0.472,0.472,0.472,0.472,0.472,0.472,0.472,0.472,0.472,0.472,0.472
RGI60-19.00493,0.973,0.973,0.973,0.973,0.973,0.973,0.973,0.973,0.973,0.973,0.973,0.973,0.973,0.973,0.973,0.973,0.973,0.973,0.973,0.973,0.973,0.973,0.973,0.973,0.357,0.357,0.472,0.472,0.472,0.472,0.472,0.472,0.472,0.472,0.472,0.472,0.472,0.472,0.472,0.472,0.472,0.472,0.472,0.472,0.472,0.472,0.472,0.472,0.472,0.472
RGI60-19.00494,0.973,0.973,0.973,0.973,0.973,0.973,0.973,0.973,0.973,0.973,0.973,0.973,0.973,0.973,0.973,0.973,0.973,0.973,0.973,0.973,0.973,0.973,0.973,0.973,0.357,0.357,0.472,0.472,0.472,0.472,0.472,0.472,0.472,0.472,0.472,0.472,0.472,0.472,0.472,0.472,0.472,0.472,0.472,0.472,0.472,0.472,0.472,0.472,0.472,0.472
RGI60-19.00495,0.973,0.973,0.973,0.973,0.973,0.973,0.973,0.973,0.973,0.973,0.973,0.973,0.973,0.973,0.973,0.973,0.973,0.973,0.973,0.973,0.973,0.973,0.973,0.973,0.357,0.357,0.472,0.472,0.472,0.472,0.472,0.472,0.472,0.472,0.472,0.472,0.472,0.472,0.472,0.472,0.472,0.472,0.472,0.472,0.472,0.472,0.472,0.472,0.472,0.472
RGI60-19.00496,0.973,0.973,0.973,0.973,0.973,0.973,0.973,0.973,0.973,0.973,0.973,0.973,0.973,0.973,0.973,0.973,0.973,0.973,0.973,0.973,0.973,0.973,0.973,0.973,0.357,0.357,0.472,0.472,0.472,0.472,0.472,0.472,0.472,0.472,0.472,0.472,0.472,0.472,0.472,0.472,0.472,0.472,0.472,0.472,0.472,0.472,0.472,0.472,0.472,0.472
RGI60-19.00497,0.973,0.973,0.973,0.973,0.973,0.973,0.973,0.973,0.973,0.973,0.973,0.973,0.973,0.973,0.973,0.973,0.973,0.973,0.973,0.973,0.973,0.973,0.973,0.973,0.357,0.357,0.472,0.472,0.472,0.472,0.472,0.472,0.472,0.472,0.472,0.472,0.472,0.472,0.472,0.472,0.472,0.472,0.472,0.472,0.472,0.472,0.472,0.472,0.472,0.472
RGI60-19.00498,0.973,0.973,0.973,0.973,0.973,0.973,0.973,0.973,0.973,0.973,0.973,0.973,0.973,0.973,0.973,0.973,0.973,0.973,0.973,0.973,0.973,0.973,0.973,0.973,0.357,0.357,0.472,0.472,0.472,0.472,0.472,0.472,0.472,0.472,0.472,0.472,0.472,0.472,0.472,0.472,0.472,0.472,0.472,0.472,0.472,0.472,0.472,0.472,0.472,0.472
RGI60-19.00499,0.973,0.973,0.973,0.973,0.973,0.973,0.973,0.973,0.973,0.973,0.973,0.973,0.973,0.973,0.973,0.973,0.973,0.973,0.973,0.973,0.973,0.973,0.973,0.973,0.357,0.357,0.472,0.472,0.472,0.472,0.472,0.472,0.472,0.472,0.472,0.472,0.472,0.472,0.472,0.472,0.472,0.472,0.472,0.472,0.472,0.472,0.472,0.472,0.472,0.472
RGI60-19.00500,0.973,0.973,0.973,0.973,0.973,0.973,0.973,0.973,0.973,0.973,0.973,0.973,0.973,0.973,0.973,0.973,0.973,0.973,0.973,0.973,0.973,0.973,0.973,0.973,0.357,0.357,0.472,0.472,0.472,0.472,0.472,0.472,0.472,0.472,0.472,0.472,0.472,0.472,0.472,0.472,0.472,0.472,0.472,0.472,0.472,0.472,0.472,0.472,0.472,0.472
RGI60-19.00501,0.973,0.973,0.973,0.973,0.973,0.973,0.973,0.973,0.973,0.973,0.973,0.973,0.973,0.973,0.973,0.973,0.973,0.973,0.973,0.973,0.973,0.973,0.973,0.973,0.357,0.357,0.472,0.472,0.472,0.472,0.472,0.472,0.472,0.472,0.472,0.472,0.472,0.472,0.472,0.472,0.472,0.472,0.472,0.472,0.472,0.472,0.472,0.472,0.472,0.472
RGI60-19.00502,0.974,0.974,0.974,0.974,0.974,0.974,0.974,0.974,0.974,0.974,0.974,0.974,0.974,0.974,0.974,0.974,0.974,0.974,0.974,0.974,0.974,0.974,0.974,0.974,0.359,0.359,0.476,0.476,0.476,0.476,0.476,0.476,0.476,0.476,0.476,0.476,0.476,0.476,0.476,0.476,0.476,0.476,0.476,0.476,0.476,0.476,0.476,0.476,0.476,0.476
RGI60-19.00503,0.974,0.974,0.974,0.974,0.974,0.974,0.974,0.974,0.974,0.974,0.974,0.974,0.974,0.974,0.974,0.974,0.974,0.974,0.974,0.974,0.974,0.974,0.974,0.974,0.359,0.359,0.476,0.476,0.476,0.476,0.476,0.476,0.476,0.476,0.476,0.476,0.476,0.476,0.476,0.476,0.476,0.476,0.476,0.476,0.476,0.476,0.476,0.476,0.476,0.476
RGI60-19.00504,0.974,0.974,0.974,0.974,0.974,0.974,0.974,0.974,0.974,0.974,0.974,0.974,0.974,0.974,0.974,0.974,0.974,0.974,0.974,0.974,0.974,0.974,0.974,0.974,0.359,0.359,0.475,0.475,0.475,0.475,0.475,0.475,0.475,0.475,0.475,0.475,0.475,0.475,0.475,0.475,0.475,0.475,0.475,0.475,0.475,0.475,0.475,0.475,0.475,0.475
RGI60-19.00505,0.974,0.974,0.974,0.974,0.974,0.974,0.974,0.974,0.974,0.974,0.974,0.974,0.974,0.974,0.974,0.974,0.974,0.974,0.974,0.974,0.974,0.974,0.974,0.974,0.359,0.359,0.475,0.475,0.475,0.475,0.475,0.475,0.475,0.475,0.475,0.475,0.475,0.475,0.475,0.475,0.475,0.475,0.475,0.475,0.475,0.475,0.475,0.475,0.475,0.475
RGI60-19.00506,0.974,0.974,0.974,0.974,0.974,0.974,0.974,0.974,0.974,0.974,0.974,0.974,0.974,0.974,0.974,0.974,0.974,0.974,0.974,0.974,0.974,0.974,0.974,0.974,0.359,0.359,0.475,0.475,0.475,0.475,0.475,0.475,0.475,0.475,0.475,0.475,0.475,0.475,0.475,0.475,0.475,0.475,0.475,0.475,0.475,0.475,0.475,0.475,0.475,0.475
RGI60-19.00507,0.974,0.974,0.974,0.974,0.974,0.974,0.974,0.974,0.974,0.974,0.974,0.974,0.974,0.974,0.974,0.974,0.974,0.974,0.974,0.974,0.974,0.974,0.974,0.974,0.359,0.359,0.475,0.475,0.475,0.475,0.475,0.475,0.475,0.475,0.475,0.475,0.475,0.475,0.475,0.475,0.475,0.475,0.475,0.475,0.475,0.475,0.475,0.475,0.475,0.475
RGI60-19.00508,0.974,0.974,0.974,0.974,0.974,0.974,0.974,0.974,0.974,0.974,0.974,0.974,0.974,0.974,0.974,0.974,0.974,0.974,0.974,0.974,0.974,0.974,0.974,0.974,0.359,0.359,0.475,0.475,0.475,0.475,0.475,0.475,0.475,0.475,0.475,0.475,0.475,0.475,0.475,0.475,0.475,0.475,0.475,0.475,0.475,0.475,0.475,0.475,0.475,0.475
RGI60-19.00509,0.974,0.974,0.974,0.974,0.974,0.974,0.974,0.974,0.974,0.974,0.974,0.974,0.974,0.974,0.974,0.974,0.974,0.974,0.974,0.974,0.974,0.974,0.974,0.974,0.359,0.359,0.475,0.475,0.475,0.475,0.475,0.475,0.475,0.475,0.475,0.475,0.475,0.475,0.475,0.475,0.475,0.475,0.475,0.475,0.475,0.475,0.475,0.475,0.475,0.475
RGI60-19.00510,0.974,0.974,0.974,0.974,0.974,0.974,0.974,0.974,0.974,0.974,0.974,0.974,0.974,0.974,0.974,0.974,0.974,0.974,0.974,0.974,0.974,0.974,0.974,0.974,0.359,0.359,0.475,0.475,0.475,0.475,0.475,0.475,0.475,0.475,0.475,0.475,0.475,0.475,0.475,0.475,0.475,0.475,0.475,0.475,0.475,0.475,0.475,0.475,0.475,0.475
RGI60-19.00511,0.945,0.945,0.945,0.945,0.945,0.945,0.945,0.945,0.945,0.945,0.945,0.945,0.945,0.945,0.945,0.945,0.945,0.945,0.945,0.945,0.945,0.945,0.945,0.945,0.315,0.315,0.409,0.409,0.409,0.409,0.409,0.409,0.409,0.409,0.409,0.409,0.409,0.409,0.409,0.409,0.409,0.409,0.409,0.409,0.409,0.409,0.409,0.409,0.409,0.409
RGI60-19.00512,0.962,0.962,0.962,0.962,0.962,0.962,0.962,0.962,0.962,0.962,0.962,0.962,0.962,0.962,0.962,0.962,0.962,0.962,0.962,0.962,0.962,0.962,0.962,0.962,0.34,0.34,0.45,0.45,0.45,0.45,0.45,0.45,0.45,0.45,0.45,0.45,0.45,0.45,0.45,0.45,0.45,0.45,0.45,0.45,0.45,0.45,0.45,0.45,0.45,0.45
RGI60-19.00513,0.973,0.973,0.973,0.973,0.973,0.973,0.973,0.973,0.973,0.973,0.973,0.973,0.973,0.973,0.973,0.973,0.973,0.973,0.973,0.973,0.973,0.973,0.973,0.973,0.357,0.357,0.473,0.473,0.473,0.473,0.473,0.473,0.473,0.473,0.473,0.473,0.473,0.473,0.473,0.473,0.473,0.473,0.473,0.473,0.473,0.473,0.473,0.473,0.473,0.473
RGI60-19.00514,0.973,0.973,0.973,0.973,0.973,0.973,0.973,0.973,0.973,0.973,0.973,0.973,0.973,0.973,0.973,0.973,0.973,0.973,0.973,0.973,0.973,0.973,0.973,0.973,0.357,0.357,0.473,0.473,0.473,0.473,0.473,0.473,0.473,0.473,0.473,0.473,0.473,0.473,0.473,0.473,0.473,0.473,0.473,0.473,0.473,0.473,0.473,0.473,0.473,0.473
RGI60-19.00515,0.975,0.975,0.975,0.975,0.975,0.975,0.975,0.975,0.975,0.975,0.975,0.975,0.975,0.975,0.975,0.975,0.975,0.975,0.975,0.975,0.975,0.975,0.975,0.975,0.359,0.359,0.476,0.476,0.476,0.476,0.476,0.476,0.476,0.476,0.476,0.476,0.476,0.476,0.476,0.476,0.476,0.476,0.476,0.476,0.476,0.476,0.476,0.476,0.476,0.476
RGI60-19.00516,0.884,0.884,0.884,0.884,0.884,0.884,0.884,0.884,0.884,0.884,0.884,0.884,0.884,0.884,0.884,0.884,0.884,0.884,0.884,0.884,0.884,0.884,0.884,0.884,0.182,0.182,0.241,0.241,0.241,0.241,0.241,0.241,0.241,0.241,0.241,0.241,0.241,0.241,0.241,0.241,0.241,0.241,0.241,0.241,0.241,0.241,0.241,0.241,0.241,0.241
RGI60-19.00517,0.868,0.868,0.868,0.868,0.868,0.868,0.868,0.868,0.868,0.868,0.868,0.868,0.868,0.868,0.868,0.868,0.868,0.868,0.868,0.868,0.868,0.868,0.868,0.868,0.127,0.127,0.173,0.173,0.173,0.173,0.173,0.173,0.173,0.173,0.173,0.173,0.173,0.173,0.173,0.173,0.173,0.173,0.173,0.173,0.173,0.173,0.173,0.173,0.173,0.173
RGI60-19.00518,0.87,0.87,0.87,0.87,0.87,0.87,0.87,0.87,0.87,0.87,0.87,0.87,0.87,0.87,0.87,0.87,0.87,0.87,0.87,0.87,0.87,0.87,0.87,0.87,0.135,0.135,0.182,0.182,0.182,0.182,0.182,0.182,0.182,0.182,0.182,0.182,0.182,0.182,0.182,0.182,0.182,0.182,0.182,0.182,0.182,0.182,0.182,0.182,0.182,0.182
RGI60-19.00519,0.892,0.892,0.892,0.892,0.892,0.892,0.892,0.892,0.892,0.892,0.892,0.892,0.892,0.892,0.892,0.892,0.892,0.892,0.892,0.892,0.892,0.892,0.892,0.892,0.205,0.205,0.269,0.269,0.269,0.269,0.269,0.269,0.269,0.269,0.269,0.269,0.269,0.269,0.269,0.269,0.269,0.269,0.269,0.269,0.269,0.269,0.269,0.269,0.269,0.269
RGI60-19.00520,0.891,0.891,0.891,0.891,0.891,0.891,0.891,0.891,0.891,0.891,0.891,0.891,0.891,0.891,0.891,0.891,0.891,0.891,0.891,0.891,0.891,0.891,0.891,0.891,0.23,0.23,0.265,0.265,0.265,0.265,0.265,0.265,0.265,0.265,0.265,0.265,0.265,0.265,0.265,0.265,0.265,0.265,0.265,0.265,0.265,0.265,0.265,0.265,0.265,0.265
RGI60-19.00521,0.905,0.905,0.905,0.905,0.905,0.905,0.905,0.905,0.905,0.905,0.905,0.905,0.905,0.905,0.905,0.905,0.905,0.905,0.905,0.905,0.905,0.905,0.905,0.905,0.246,0.246,0.309,0.309,0.309,0.309,0.309,0.309,0.309,0.309,0.309,0.309,0.309,0.309,0.309,0.309,0.309,0.309,0.309,0.309,0.309,0.309,0.309,0.309,0.309,0.309
RGI60-19.00522,0.899,0.899,0.899,0.899,0.899,0.899,0.899,0.899,0.899,0.899,0.899,0.899,0.899,0.899,0.899,0.899,0.899,0.899,0.899,0.899,0.899,0.899,0.899,0.899,0.25,0.25,0.292,0.292,0.292,0.292,0.292,0.292,0.292,0.292,0.292,0.292,0.292,0.292,0.292,0.292,0.292,0.292,0.292,0.292,0.292,0.292,0.292,0.292,0.292,0.292
RGI60-19.00523,0.945,0.945,0.945,0.945,0.945,0.945,0.945,0.945,0.945,0.945,0.945,0.945,0.945,0.945,0.945,0.945,0.945,0.945,0.945,0.945,0.945,0.945,0.945,0.945,0.315,0.315,0.409,0.409,0.409,0.409,0.409,0.409,0.409,0.409,0.409,0.409,0.409,0.409,0.409,0.409,0.409,0.409,0.409,0.409,0.409,0.409,0.409,0.409,0.409,0.409
RGI60-19.00524,0.906,0.906,0.906,0.906,0.906,0.906,0.906,0.906,0.906,0.906,0.906,0.906,0.906,0.906,0.906,0.906,0.906,0.906,0.906,0.906,0.906,0.906,0.906,0.906,0.255,0.255,0.312,0.312,0.312,0.312,0.312,0.312,0.312,0.312,0.312,0.312,0.312,0.312,0.312,0.312,0.312,0.312,0.312,0.312,0.312,0.312,0.312,0.312,0.312,0.312
RGI60-19.00525,0.906,0.906,0.906,0.906,0.906,0.906,0.906,0.906,0.906,0.906,0.906,0.906,0.906,0.906,0.906,0.906,0.906,0.906,0.906,0.906,0.906,0.906,0.906,0.906,0.256,0.256,0.313,0.313,0.313,0.313,0.313,0.313,0.313,0.313,0.313,0.313,0.313,0.313,0.313,0.313,0.313,0.313,0.313,0.313,0.313,0.313,0.313,0.313,0.313,0.313
RGI60-19.00526,0.91,0.91,0.91,0.91,0.91,0.91,0.91,0.91,0.91,0.91,0.91,0.91,0.91,0.91,0.91,0.91,0.91,0.91,0.91,0.91,0.91,0.91,0.91,0.91,0.262,0.262,0.323,0.323,0.323,0.323,0.323,0.323,0.323,0.323,0.323,0.323,0.323,0.323,0.323,0.323,0.323,0.323,0.323,0.323,0.323,0.323,0.323,0.323,0.323,0.323
RGI60-19.00527,0.91,0.91,0.91,0.91,0.91,0.91,0.91,0.91,0.91,0.91,0.91,0.91,0.91,0.91,0.91,0.91,0.91,0.91,0.91,0.91,0.91,0.91,0.91,0.91,0.265,0.265,0.325,0.325,0.325,0.325,0.325,0.325,0.325,0.325,0.325,0.325,0.325,0.325,0.325,0.325,0.325,0.325,0.325,0.325,0.325,0.325,0.325,0.325,0.325,0.325
RGI60-19.00528,0.913,0.913,0.913,0.913,0.913,0.913,0.913,0.913,0.913,0.913,0.913,0.913,0.913,0.913,0.913,0.913,0.913,0.913,0.913,0.913,0.913,0.913,0.913,0.913,0.268,0.268,0.333,0.333,0.333,0.333,0.333,0.333,0.333,0.333,0.333,0.333,0.333,0.333,0.333,0.333,0.333,0.333,0.333,0.333,0.333,0.333,0.333,0.333,0.333,0.333
RGI60-19.00529,0.915,0.915,0.915,0.915,0.915,0.915,0.915,0.915,0.915,0.915,0.915,0.915,0.915,0.915,0.915,0.915,0.915,0.915,0.915,0.915,0.915,0.915,0.915,0.915,0.271,0.271,0.338,0.338,0.338,0.338,0.338,0.338,0.338,0.338,0.338,0.338,0.338,0.338,0.338,0.338,0.338,0.338,0.338,0.338,0.338,0.338,0.338,0.338,0.338,0.338
RGI60-19.00530,0.915,0.915,0.915,0.915,0.915,0.915,0.915,0.915,0.915,0.915,0.915,0.915,0.915,0.915,0.915,0.915,0.915,0.915,0.915,0.915,0.915,0.915,0.915,0.915,0.271,0.271,0.338,0.338,0.338,0.338,0.338,0.338,0.338,0.338,0.338,0.338,0.338,0.338,0.338,0.338,0.338,0.338,0.338,0.338,0.338,0.338,0.338,0.338,0.338,0.338
RGI60-19.00531,0.915,0.915,0.915,0.915,0.915,0.915,0.915,0.915,0.915,0.915,0.915,0.915,0.915,0.915,0.915,0.915,0.915,0.915,0.915,0.915,0.915,0.915,0.915,0.915,0.272,0.272,0.338,0.338,0.338,0.338,0.338,0.338,0.338,0.338,0.338,0.338,0.338,0.338,0.338,0.338,0.338,0.338,0.338,0.338,0.338,0.338,0.338,0.338,0.338,0.338
RGI60-19.00532,0.945,0.945,0.945,0.945,0.945,0.945,0.945,0.945,0.945,0.945,0.945,0.945,0.945,0.945,0.945,0.945,0.945,0.945,0.945,0.945,0.945,0.945,0.945,0.945,0.315,0.315,0.409,0.409,0.409,0.409,0.409,0.409,0.409,0.409,0.409,0.409,0.409,0.409,0.409,0.409,0.409,0.409,0.409,0.409,0.409,0.409,0.409,0.409,0.409,0.409
RGI60-19.00533,0.917,0.917,0.917,0.917,0.917,0.917,0.917,0.917,0.917,0.917,0.917,0.917,0.917,0.917,0.917,0.917,0.917,0.917,0.917,0.917,0.917,0.917,0.917,0.917,0.273,0.273,0.342,0.342,0.342,0.342,0.342,0.342,0.342,0.342,0.342,0.342,0.342,0.342,0.342,0.342,0.342,0.342,0.342,0.342,0.342,0.342,0.342,0.342,0.342,0.342
RGI60-19.00534,0.93,0.93,0.93,0.93,0.93,0.93,0.93,0.93,0.93,0.93,0.93,0.93,0.93,0.93,0.93,0.93,0.93,0.93,0.93,0.93,0.93,0.93,0.93,0.93,0.291,0.291,0.376,0.376,0.376,0.376,0.376,0.376,0.376,0.376,0.376,0.376,0.376,0.376,0.376,0.376,0.376,0.376,0.376,0.376,0.376,0.376,0.376,0.376,0.376,0.376
RGI60-19.00535,0.92,0.92,0.92,0.92,0.92,0.92,0.92,0.92,0.92,0.92,0.92,0.92,0.92,0.92,0.92,0.92,0.92,0.92,0.92,0.92,0.92,0.92,0.92,0.92,0.278,0.278,0.35,0.35,0.35,0.35,0.35,0.35,0.35,0.35,0.35,0.35,0.35,0.35,0.35,0.35,0.35,0.35,0.35,0.35,0.35,0.35,0.35,0.35,0.35,0.35
RGI60-19.00536,0.924,0.924,0.924,0.924,0.924,0.924,0.924,0.924,0.924,0.924,0.924,0.924,0.924,0.924,0.924,0.924,0.924,0.924,0.924,0.924,0.924,0.924,0.924,0.924,0.285,0.285,0.362,0.362,0.362,0.362,0.362,0.362,0.362,0.362,0.362,0.362,0.362,0.362,0.362,0.362,0.362,0.362,0.362,0.362,0.362,0.362,0.362,0.362,0.362,0.362
RGI60-19.00537,0.925,0.925,0.925,0.925,0.925,0.925,0.925,0.925,0.925,0.925,0.925,0.925,0.925,0.925,0.925,0.925,0.925,0.925,0.925,0.925,0.925,0.925,0.925,0.925,0.285,0.285,0.363,0.363,0.363,0.363,0.363,0.363,0.363,0.363,0.363,0.363,0.363,0.363,0.363,0.363,0.363,0.363,0.363,0.363,0.363,0.363,0.363,0.363,0.363,0.363
RGI60-19.00538,0.925,0.925,0.925,0.925,0.925,0.925,0.925,0.925,0.925,0.925,0.925,0.925,0.925,0.925,0.925,0.925,0.925,0.925,0.925,0.925,0.925,0.925,0.925,0.925,0.285,0.285,0.363,0.363,0.363,0.363,0.363,0.363,0.363,0.363,0.363,0.363,0.363,0.363,0.363,0.363,0.363,0.363,0.363,0.363,0.363,0.363,0.363,0.363,0.363,0.363
RGI60-19.00539,0.925,0.925,0.925,0.925,0.925,0.925,0.925,0.925,0.925,0.925,0.925,0.925,0.925,0.925,0.925,0.925,0.925,0.925,0.925,0.925,0.925,0.925,0.925,0.925,0.286,0.286,0.363,0.363,0.363,0.363,0.363,0.363,0.363,0.363,0.363,0.363,0.363,0.363,0.363,0.363,0.363,0.363,0.363,0.363,0.363,0.363,0.363,0.363,0.363,0.363
RGI60-19.00540,0.925,0.925,0.925,0.925,0.925,0.925,0.925,0.925,0.925,0.925,0.925,0.925,0.925,0.925,0.925,0.925,0.925,0.925,0.925,0.925,0.925,0.925,0.925,0.925,0.286,0.286,0.363,0.363,0.363,0.363,0.363,0.363,0.363,0.363,0.363,0.363,0.363,0.363,0.363,0.363,0.363,0.363,0.363,0.363,0.363,0.363,0.363,0.363,0.363,0.363
RGI60-19.00541,0.925,0.925,0.925,0.925,0.925,0.925,0.925,0.925,0.925,0.925,0.925,0.925,0.925,0.925,0.925,0.925,0.925,0.925,0.925,0.925,0.925,0.925,0.925,0.925,0.286,0.286,0.363,0.363,0.363,0.363,0.363,0.363,0.363,0.363,0.363,0.363,0.363,0.363,0.363,0.363,0.363,0.363,0.363,0.363,0.363,0.363,0.363,0.363,0.363,0.363
RGI60-19.00542,0.925,0.925,0.925,0.925,0.925,0.925,0.925,0.925,0.925,0.925,0.925,0.925,0.925,0.925,0.925,0.925,0.925,0.925,0.925,0.925,0.925,0.925,0.925,0.925,0.286,0.286,0.363,0.363,0.363,0.363,0.363,0.363,0.363,0.363,0.363,0.363,0.363,0.363,0.363,0.363,0.363,0.363,0.363,0.363,0.363,0.363,0.363,0.363,0.363,0.363
RGI60-19.00543,0.929,0.929,0.929,0.929,0.929,0.929,0.929,0.929,0.929,0.929,0.929,0.929,0.929,0.929,0.929,0.929,0.929,0.929,0.929,0.929,0.929,0.929,0.929,0.929,0.291,0.291,0.373,0.373,0.373,0.373,0.373,0.373,0.373,0.373,0.373,0.373,0.373,0.373,0.373,0.373,0.373,0.373,0.373,0.373,0.373,0.373,0.373,0.373,0.373,0.373
RGI60-19.00544,0.936,0.936,0.936,0.936,0.936,0.936,0.936,0.936,0.936,0.936,0.936,0.936,0.936,0.936,0.936,0.936,0.936,0.936,0.936,0.936,0.936,0.936,0.936,0.936,0.303,0.303,0.39,0.39,0.39,0.39,0.39,0.39,0.39,0.39,0.39,0.39,0.39,0.39,0.39,0.39,0.39,0.39,0.39,0.39,0.39,0.39,0.39,0.39,0.39,0.39
RGI60-19.00545,0.976,0.976,0.976,0.976,0.976,0.976,0.976,0.976,0.976,0.976,0.976,0.976,0.976,0.976,0.976,0.976,0.976,0.976,0.976,0.976,0.976,0.976,0.976,0.976,0.361,0.361,0.478,0.478,0.478,0.478,0.478,0.478,0.478,0.478,0.478,0.478,0.478,0.478,0.478,0.478,0.478,0.478,0.478,0.478,0.478,0.478,0.478,0.478,0.478,0.478
RGI60-19.00546,0.945,0.945,0.945,0.945,0.945,0.945,0.945,0.945,0.945,0.945,0.945,0.945,0.945,0.945,0.945,0.945,0.945,0.945,0.945,0.945,0.945,0.945,0.945,0.945,0.315,0.315,0.409,0.409,0.409,0.409,0.409,0.409,0.409,0.409,0.409,0.409,0.409,0.409,0.409,0.409,0.409,0.409,0.409,0.409,0.409,0.409,0.409,0.409,0.409,0.409
RGI60-19.00547,0.976,0.976,0.976,0.976,0.976,0.976,0.976,0.976,0.976,0.976,0.976,0.976,0.976,0.976,0.976,0.976,0.976,0.976,0.976,0.976,0.976,0.976,0.976,0.976,0.361,0.361,0.478,0.478,0.478,0.478,0.478,0.478,0.478,0.478,0.478,0.478,0.478,0.478,0.478,0.478,0.478,0.478,0.478,0.478,0.478,0.478,0.478,0.478,0.478,0.478
RGI60-19.00548,0.976,0.976,0.976,0.976,0.976,0.976,0.976,0.976,0.976,0.976,0.976,0.976,0.976,0.976,0.976,0.976,0.976,0.976,0.976,0.976,0.976,0.976,0.976,0.976,0.361,0.361,0.478,0.478,0.478,0.478,0.478,0.478,0.478,0.478,0.478,0.478,0.478,0.478,0.478,0.478,0.478,0.478,0.478,0.478,0.478,0.478,0.478,0.478,0.478,0.478
RGI60-19.00549,0.976,0.976,0.976,0.976,0.976,0.976,0.976,0.976,0.976,0.976,0.976,0.976,0.976,0.976,0.976,0.976,0.976,0.976,0.976,0.976,0.976,0.976,0.976,0.976,0.361,0.361,0.478,0.478,0.478,0.478,0.478,0.478,0.478,0.478,0.478,0.478,0.478,0.478,0.478,0.478,0.478,0.478,0.478,0.478,0.478,0.478,0.478,0.478,0.478,0.478
RGI60-19.00550,0.976,0.976,0.976,0.976,0.976,0.976,0.976,0.976,0.976,0.976,0.976,0.976,0.976,0.976,0.976,0.976,0.976,0.976,0.976,0.976,0.976,0.976,0.976,0.976,0.361,0.361,0.478,0.478,0.478,0.478,0.478,0.478,0.478,0.478,0.478,0.478,0.478,0.478,0.478,0.478,0.478,0.478,0.478,0.478,0.478,0.478,0.478,0.478,0.478,0.478
RGI60-19.00551,0.945,0.945,0.945,0.945,0.945,0.945,0.945,0.945,0.945,0.945,0.945,0.945,0.945,0.945,0.945,0.945,0.945,0.945,0.945,0.945,0.945,0.945,0.945,0.945,0.315,0.315,0.409,0.409,0.409,0.409,0.409,0.409,0.409,0.409,0.409,0.409,0.409,0.409,0.409,0.409,0.409,0.409,0.409,0.409,0.409,0.409,0.409,0.409,0.409,0.409
RGI60-19.00552,0.976,0.976,0.976,0.976,0.976,0.976,0.976,0.976,0.976,0.976,0.976,0.976,0.976,0.976,0.976,0.976,0.976,0.976,0.976,0.976,0.976,0.976,0.976,0.976,0.361,0.361,0.478,0.478,0.478,0.478,0.478,0.478,0.478,0.478,0.478,0.478,0.478,0.478,0.478,0.478,0.478,0.478,0.478,0.478,0.478,0.478,0.478,0.478,0.478,0.478
RGI60-19.00553,0.976,0.976,0.976,0.976,0.976,0.976,0.976,0.976,0.976,0.976,0.976,0.976,0.976,0.976,0.976,0.976,0.976,0.976,0.976,0.976,0.976,0.976,0.976,0.976,0.361,0.361,0.478,0.478,0.478,0.478,0.478,0.478,0.478,0.478,0.478,0.478,0.478,0.478,0.478,0.478,0.478,0.478,0.478,0.478,0.478,0.478,0.478,0.478,0.478,0.478
RGI60-19.00554,0.942,0.942,0.942,0.942,0.942,0.942,0.942,0.942,0.942,0.942,0.942,0.942,0.942,0.942,0.942,0.942,0.942,0.942,0.942,0.942,0.942,0.942,0.942,0.942,0.312,0.312,0.405,0.405,0.405,0.405,0.405,0.405,0.405,0.405,0.405,0.405,0.405,0.405,0.405,0.405,0.405,0.405,0.405,0.405,0.405,0.405,0.405,0.405,0.405,0.405
RGI60-19.00555,0.945,0.945,0.945,0.945,0.945,0.945,0.945,0.945,0.945,0.945,0.945,0.945,0.945,0.945,0.945,0.945,0.945,0.945,0.945,0.945,0.945,0.945,0.945,0.945,0.315,0.315,0.409,0.409,0.409,0.409,0.409,0.409,0.409,0.409,0.409,0.409,0.409,0.409,0.409,0.409,0.409,0.409,0.409,0.409,0.409,0.409,0.409,0.409,0.409,0.409
RGI60-19.00556,0.945,0.945,0.945,0.945,0.945,0.945,0.945,0.945,0.945,0.945,0.945,0.945,0.945,0.945,0.945,0.945,0.945,0.945,0.945,0.945,0.945,0.945,0.945,0.945,0.315,0.315,0.409,0.409,0.409,0.409,0.409,0.409,0.409,0.409,0.409,0.409,0.409,0.409,0.409,0.409,0.409,0.409,0.409,0.409,0.409,0.409,0.409,0.409,0.409,0.409
RGI60-19.00557,0.976,0.976,0.976,0.976,0.976,0.976,0.976,0.976,0.976,0.976,0.976,0.976,0.976,0.976,0.976,0.976,0.976,0.976,0.976,0.976,0.976,0.976,0.976,0.976,0.361,0.361,0.479,0.479,0.479,0.479,0.479,0.479,0.479,0.479,0.479,0.479,0.479,0.479,0.479,0.479,0.479,0.479,0.479,0.479,0.479,0.479,0.479,0.479,0.479,0.479
RGI60-19.00558,0.95,0.95,0.95,0.95,0.95,0.95,0.95,0.95,0.95,0.95,0.95,0.95,0.95,0.95,0.95,0.95,0.95,0.95,0.95,0.95,0.95,0.95,0.95,0.95,0.324,0.324,0.423,0.423,0.423,0.423,0.423,0.423,0.423,0.423,0.423,0.423,0.423,0.423,0.423,0.423,0.423,0.423,0.423,0.423,0.423,0.423,0.423,0.423,0.423,0.423
RGI60-19.00559,0.956,0.956,0.956,0.956,0.956,0.956,0.956,0.956,0.956,0.956,0.956,0.956,0.956,0.956,0.956,0.956,0.956,0.956,0.956,0.956,0.956,0.956,0.956,0.956,0.334,0.334,0.438,0.438,0.438,0.438,0.438,0.438,0.438,0.438,0.438,0.438,0.438,0.438,0.438,0.438,0.438,0.438,0.438,0.438,0.438,0.438,0.438,0.438,0.438,0.438
RGI60-19.00560,0.958,0.958,0.958,0.958,0.958,0.958,0.958,0.958,0.958,0.958,0.958,0.958,0.958,0.958,0.958,0.958,0.958,0.958,0.958,0.958,0.958,0.958,0.958,0.958,0.336,0.336,0.44,0.44,0.44,0.44,0.44,0.44,0.44,0.44,0.44,0.44,0.44,0.44,0.44,0.44,0.44,0.44,0.44,0.44,0.44,0.44,0.44,0.44,0.44,0.44
RGI60-19.00561,0.958,0.958,0.958,0.958,0.958,0.958,0.958,0.958,0.958,0.958,0.958,0.958,0.958,0.958,0.958,0.958,0.958,0.958,0.958,0.958,0.958,0.958,0.958,0.958,0.336,0.336,0.44,0.44,0.44,0.44,0.44,0.44,0.44,0.44,0.44,0.44,0.44,0.44,0.44,0.44,0.44,0.44,0.44,0.44,0.44,0.44,0.44,0.44,0.44,0.44
RGI60-19.00562,0.965,0.965,0.965,0.965,0.965,0.965,0.965,0.965,0.965,0.965,0.965,0.965,0.965,0.965,0.965,0.965,0.965,0.965,0.965,0.965,0.965,0.965,0.965,0.965,0.347,0.347,0.457,0.457,0.457,0.457,0.457,0.457,0.457,0.457,0.457,0.457,0.457,0.457,0.457,0.457,0.457,0.457,0.457,0.457,0.457,0.457,0.457,0.457,0.457,0.457
RGI60-19.00563,0.969,0.969,0.969,0.969,0.969,0.969,0.969,0.969,0.969,0.969,0.969,0.969,0.969,0.969,0.969,0.969,0.969,0.969,0.969,0.969,0.969,0.969,0.969,0.969,0.352,0.352,0.465,0.465,0.465,0.465,0.465,0.465,0.465,0.465,0.465,0.465,0.465,0.465,0.465,0.465,0.465,0.465,0.465,0.465,0.465,0.465,0.465,0.465,0.465,0.465
RGI60-19.00564,0.974,0.974,0.974,0.974,0.974,0.974,0.974,0.974,0.974,0.974,0.974,0.974,0.974,0.974,0.974,0.974,0.974,0.974,0.974,0.974,0.974,0.974,0.974,0.974,0.358,0.358,0.475,0.475,0.475,0.475,0.475,0.475,0.475,0.475,0.475,0.475,0.475,0.475,0.475,0.475,0.475,0.475,0.475,0.475,0.475,0.475,0.475,0.475,0.475,0.475
RGI60-19.00565,0.945,0.945,0.945,0.945,0.945,0.945,0.945,0.945,0.945,0.945,0.945,0.945,0.945,0.945,0.945,0.945,0.945,0.945,0.945,0.945,0.945,0.945,0.945,0.945,0.315,0.315,0.409,0.409,0.409,0.409,0.409,0.409,0.409,0.409,0.409,0.409,0.409,0.409,0.409,0.409,0.409,0.409,0.409,0.409,0.409,0.409,0.409,0.409,0.409,0.409
RGI60-19.00566,0.977,0.977,0.977,0.977,0.977,0.977,0.977,0.977,0.977,0.977,0.977,0.977,0.977,0.977,0.977,0.977,0.977,0.977,0.977,0.977,0.977,0.977,0.977,0.977,0.363,0.363,0.481,0.481,0.481,0.481,0.481,0.481,0.481,0.481,0.481,0.481,0.481,0.481,0.481,0.481,0.481,0.481,0.481,0.481,0.481,0.481,0.481,0.481,0.481,0.481
RGI60-19.00567,0.969,0.969,0.969,0.969,0.969,0.969,0.969,0.969,0.969,0.969,0.969,0.969,0.969,0.969,0.969,0.969,0.969,0.969,0.969,0.969,0.969,0.969,0.969,0.969,0.35,0.35,0.463,0.463,0.463,0.463,0.463,0.463,0.463,0.463,0.463,0.463,0.463,0.463,0.463,0.463,0.463,0.463,0.463,0.463,0.463,0.463,0.463,0.463,0.463,0.463
RGI60-19.00568,0.974,0.974,0.974,0.974,0.974,0.974,0.974,0.974,0.974,0.974,0.974,0.974,0.974,0.974,0.974,0.974,0.974,0.974,0.974,0.974,0.974,0.974,0.974,0.974,0.358,0.358,0.475,0.475,0.475,0.475,0.475,0.475,0.475,0.475,0.475,0.475,0.475,0.475,0.475,0.475,0.475,0.475,0.475,0.475,0.475,0.475,0.475,0.475,0.475,0.475
RGI60-19.00569,0.973,0.973,0.973,0.973,0.973,0.973,0.973,0.973,0.973,0.973,0.973,0.973,0.973,0.973,0.973,0.973,0.973,0.973,0.973,0.973,0.973,0.973,0.973,0.973,0.356,0.356,0.472,0.472,0.472,0.472,0.472,0.472,0.472,0.472,0.472,0.472,0.472,0.472,0.472,0.472,0.472,0.472,0.472,0.472,0.472,0.472,0.472,0.472,0.472,0.472
RGI60-19.00570,0.891,0.891,0.891,0.891,0.891,0.891,0.891,0.891,0.891,0.891,0.891,0.891,0.891,0.891,0.891,0.891,0.891,0.891,0.891,0.891,0.891,0.891,0.891,0.891,0.203,0.203,0.264,0.264,0.264,0.264,0.264,0.264,0.264,0.264,0.264,0.264,0.264,0.264,0.264,0.264,0.264,0.264,0.264,0.264,0.264,0.264,0.264,0.264,0.264,0.264
RGI60-19.00571,0.896,0.896,0.896,0.896,0.896,0.896,0.896,0.896,0.896,0.896,0.896,0.896,0.896,0.896,0.896,0.896,0.896,0.896,0.896,0.896,0.896,0.896,0.896,0.896,0.22,0.22,0.283,0.283,0.283,0.283,0.283,0.283,0.283,0.283,0.283,0.283,0.283,0.283,0.283,0.283,0.283,0.283,0.283,0.283,0.283,0.283,0.283,0.283,0.283,0.283
RGI60-19.00572,0.899,0.899,0.899,0.899,0.899,0.899,0.899,0.899,0.899,0.899,0.899,0.899,0.899,0.899,0.899,0.899,0.899,0.899,0.899,0.899,0.899,0.899,0.899,0.899,0.23,0.23,0.293,0.293,0.293,0.293,0.293,0.293,0.293,0.293,0.293,0.293,0.293,0.293,0.293,0.293,0.293,0.293,0.293,0.293,0.293,0.293,0.293,0.293,0.293,0.293
RGI60-19.00573,0.896,0.896,0.896,0.896,0.896,0.896,0.896,0.896,0.896,0.896,0.896,0.896,0.896,0.896,0.896,0.896,0.896,0.896,0.896,0.896,0.896,0.896,0.896,0.896,0.221,0.221,0.283,0.283,0.283,0.283,0.283,0.283,0.283,0.283,0.283,0.283,0.283,0.283,0.283,0.283,0.283,0.283,0.283,0.283,0.283,0.283,0.283,0.283,0.283,0.283
RGI60-19.00574,0.945,0.945,0.945,0.945,0.945,0.945,0.945,0.945,0.945,0.945,0.945,0.945,0.945,0.945,0.945,0.945,0.945,0.945,0.945,0.945,0.945,0.945,0.945,0.945,0.315,0.315,0.409,0.409,0.409,0.409,0.409,0.409,0.409,0.409,0.409,0.409,0.409,0.409,0.409,0.409,0.409,0.409,0.409,0.409,0.409,0.409,0.409,0.409,0.409,0.409
RGI60-19.00575,0.893,0.893,0.893,0.893,0.893,0.893,0.893,0.893,0.893,0.893,0.893,0.893,0.893,0.893,0.893,0.893,0.893,0.893,0.893,0.893,0.893,0.893,0.893,0.893,0.21,0.21,0.273,0.273,0.273,0.273,0.273,0.273,0.273,0.273,0.273,0.273,0.273,0.273,0.273,0.273,0.273,0.273,0.273,0.273,0.273,0.273,0.273,0.273,0.273,0.273
RGI60-19.00576,0.892,0.892,0.892,0.892,0.892,0.892,0.892,0.892,0.892,0.892,0.892,0.892,0.892,0.892,0.892,0.892,0.892,0.892,0.892,0.892,0.892,0.892,0.892,0.892,0.21,0.21,0.268,0.268,0.268,0.268,0.268,0.268,0.268,0.268,0.268,0.268,0.268,0.268,0.268,0.268,0.268,0.268,0.268,0.268,0.268,0.268,0.268,0.268,0.268,0.268
RGI60-19.00577,0.884,0.884,0.884,0.884,0.884,0.884,0.884,0.884,0.884,0.884,0.884,0.884,0.884,0.884,0.884,0.884,0.884,0.884,0.884,0.884,0.884,0.884,0.884,0.884,0.183,0.183,0.242,0.242,0.242,0.242,0.242,0.242,0.242,0.242,0.242,0.242,0.242,0.242,0.242,0.242,0.242,0.242,0.242,0.242,0.242,0.242,0.242,0.242,0.242,0.242
RGI60-19.00578,0.975,0.975,0.975,0.975,0.975,0.975,0.975,0.975,0.975,0.975,0.975,0.975,0.975,0.975,0.975,0.975,0.975,0.975,0.975,0.975,0.975,0.975,0.975,0.975,0.359,0.359,0.476,0.476,0.476,0.476,0.476,0.476,0.476,0.476,0.476,0.476,0.476,0.476,0.476,0.476,0.476,0.476,0.476,0.476,0.476,0.476,0.476,0.476,0.476,0.476
RGI60-19.00579,0.873,0.873,0.873,0.873,0.873,0.873,0.873,0.873,0.873,0.873,0.873,0.873,0.873,0.873,0.873,0.873,0.873,0.873,0.873,0.873,0.873,0.873,0.873,0.873,0.146,0.146,0.196,0.196,0.196,0.196,0.196,0.196,0.196,0.196,0.196,0.196,0.196,0.196,0.196,0.196,0.196,0.196,0.196,0.196,0.196,0.196,0.196,0.196,0.196,0.196
RGI60-19.00580,0.873,0.873,0.873,0.873,0.873,0.873,0.873,0.873,0.873,0.873,0.873,0.873,0.873,0.873,0.873,0.873,0.873,0.873,0.873,0.873,0.873,0.873,0.873,0.873,0.147,0.147,0.197,0.197,0.197,0.197,0.197,0.197,0.197,0.197,0.197,0.197,0.197,0.197,0.197,0.197,0.197,0.197,0.197,0.197,0.197,0.197,0.197,0.197,0.197,0.197
RGI60-19.00581,0.865,0.865,0.865,0.865,0.865,0.865,0.865,0.865,0.865,0.865,0.865,0.865,0.865,0.865,0.865,0.865,0.865,0.865,0.865,0.865,0.865,0.865,0.865,0.865,0.116,0.116,0.16,0.16,0.16,0.16,0.16,0.16,0.16,0.16,0.16,0.16,0.16,0.16,0.16,0.16,0.16,0.16,0.16,0.16,0.16,0.16,0.16,0.16,0.16,0.16
RGI60-19.00582,0.865,0.865,0.865,0.865,0.865,0.865,0.865,0.865,0.865,0.865,0.865,0.865,0.865,0.865,0.865,0.865,0.865,0.865,0.865,0.865,0.865,0.865,0.865,0.865,0.116,0.116,0.16,0.16,0.16,0.16,0.16,0.16,0.16,0.16,0.16,0.16,0.16,0.16,0.16,0.16,0.16,0.16,0.16,0.16,0.16,0.16,0.16,0.16,0.16,0.16
RGI60-19.00583,0.865,0.865,0.865,0.865,0.865,0.865,0.865,0.865,0.865,0.865,0.865,0.865,0.865,0.865,0.865,0.865,0.865,0.865,0.865,0.865,0.865,0.865,0.865,0.865,0.113,0.113,0.156,0.156,0.156,0.156,0.156,0.156,0.156,0.156,0.156,0.156,0.156,0.156,0.156,0.156,0.156,0.156,0.156,0.156,0.156,0.156,0.156,0.156,0.156,0.156
RGI60-19.00584,0.864,0.864,0.864,0.864,0.864,0.864,0.864,0.864,0.864,0.864,0.864,0.864,0.864,0.864,0.864,0.864,0.864,0.864,0.864,0.864,0.864,0.864,0.864,0.864,0.111,0.111,0.154,0.154,0.154,0.154,0.154,0.154,0.154,0.154,0.154,0.154,0.154,0.154,0.154,0.154,0.154,0.154,0.154,0.154,0.154,0.154,0.154,0.154,0.154,0.154
RGI60-19.00585,0.861,0.861,0.861,0.861,0.861,0.861,0.861,0.861,0.861,0.861,0.861,0.861,0.861,0.861,0.861,0.861,0.861,0.861,0.861,0.861,0.861,0.861,0.861,0.861,0.097,0.097,0.135,0.135,0.135,0.135,0.135,0.135,0.135,0.135,0.135,0.135,0.135,0.135,0.135,0.135,0.135,0.135,0.135,0.135,0.135,0.135,0.135,0.135,0.135,0.135
RGI60-19.00586,0.861,0.861,0.861,0.861,0.861,0.861,0.861,0.861,0.861,0.861,0.861,0.861,0.861,0.861,0.861,0.861,0.861,0.861,0.861,0.861,0.861,0.861,0.861,0.861,0.099,0.099,0.137,0.137,0.137,0.137,0.137,0.137,0.137,0.137,0.137,0.137,0.137,0.137,0.137,0.137,0.137,0.137,0.137,0.137,0.137,0.137,0.137,0.137,0.137,0.137
RGI60-19.00587,0.861,0.861,0.861,0.861,0.861,0.861,0.861,0.861,0.861,0.861,0.861,0.861,0.861,0.861,0.861,0.861,0.861,0.861,0.861,0.861,0.861,0.861,0.861,0.861,0.097,0.097,0.134,0.134,0.134,0.134,0.134,0.134,0.134,0.134,0.134,0.134,0.134,0.134,0.134,0.134,0.134,0.134,0.134,0.134,0.134,0.134,0.134,0.134,0.134,0.134
RGI60-19.00588,0.861,0.861,0.861,0.861,0.861,0.861,0.861,0.861,0.861,0.861,0.861,0.861,0.861,0.861,0.861,0.861,0.861,0.861,0.861,0.861,0.861,0.861,0.861,0.861,0.097,0.097,0.134,0.134,0.134,0.134,0.134,0.134,0.134,0.134,0.134,0.134,0.134,0.134,0.134,0.134,0.134,0.134,0.134,0.134,0.134,0.134,0.134,0.134,0.134,0.134
RGI60-19.00589,0.867,0.867,0.867,0.867,0.867,0.867,0.867,0.867,0.867,0.867,0.867,0.867,0.867,0.867,0.867,0.867,0.867,0.867,0.867,0.867,0.867,0.867,0.867,0.867,0.124,0.124,0.17,0.17,0.17,0.17,0.17,0.17,0.17,0.17,0.17,0.17,0.17,0.17,0.17,0.17,0.17,0.17,0.17,0.17,0.17,0.17,0.17,0.17,0.17,0.17
RGI60-19.00590,0.945,0.945,0.945,0.945,0.945,0.945,0.945,0.945,0.945,0.945,0.945,0.945,0.945,0.945,0.945,0.945,0.945,0.945,0.945,0.945,0.945,0.945,0.945,0.945,0.315,0.315,0.409,0.409,0.409,0.409,0.409,0.409,0.409,0.409,0.409,0.409,0.409,0.409,0.409,0.409,0.409,0.409,0.409,0.409,0.409,0.409,0.409,0.409,0.409,0.409
RGI60-19.00591,0.861,0.861,0.861,0.861,0.861,0.861,0.861,0.861,0.861,0.861,0.861,0.861,0.861,0.861,0.861,0.861,0.861,0.861,0.861,0.861,0.861,0.861,0.861,0.861,0.098,0.098,0.136,0.136,0.136,0.136,0.136,0.136,0.136,0.136,0.136,0.136,0.136,0.136,0.136,0.136,0.136,0.136,0.136,0.136,0.136,0.136,0.136,0.136,0.136,0.136
RGI60-19.00592,0.945,0.945,0.945,0.945,0.945,0.945,0.945,0.945,0.945,0.945,0.945,0.945,0.945,0.945,0.945,0.945,0.945,0.945,0.945,0.945,0.945,0.945,0.945,0.945,0.315,0.315,0.409,0.409,0.409,0.409,0.409,0.409,0.409,0.409,0.409,0.409,0.409,0.409,0.409,0.409,0.409,0.409,0.409,0.409,0.409,0.409,0.409,0.409,0.409,0.409
RGI60-19.00593,0.862,0.862,0.862,0.862,0.862,0.862,0.862,0.862,0.862,0.862,0.862,0.862,0.862,0.862,0.862,0.862,0.862,0.862,0.862,0.862,0.862,0.862,0.862,0.862,0.099,0.099,0.138,0.138,0.138,0.138,0.138,0.138,0.138,0.138,0.138,0.138,0.138,0.138,0.138,0.138,0.138,0.138,0.138,0.138,0.138,0.138,0.138,0.138,0.138,0.138
RGI60-19.00594,0.867,0.867,0.867,0.867,0.867,0.867,0.867,0.867,0.867,0.867,0.867,0.867,0.867,0.867,0.867,0.867,0.867,0.867,0.867,0.867,0.867,0.867,0.867,0.867,0.124,0.124,0.171,0.171,0.171,0.171,0.171,0.171,0.171,0.171,0.171,0.171,0.171,0.171,0.171,0.171,0.171,0.171,0.171,0.171,0.171,0.171,0.171,0.171,0.171,0.171
RGI60-19.00595,0.862,0.862,0.862,0.862,0.862,0.862,0.862,0.862,0.862,0.862,0.862,0.862,0.862,0.862,0.862,0.862,0.862,0.862,0.862,0.862,0.862,0.862,0.862,0.862,0.1,0.1,0.139,0.139,0.139,0.139,0.139,0.139,0.139,0.139,0.139,0.139,0.139,0.139,0.139,0.139,0.139,0.139,0.139,0.139,0.139,0.139,0.139,0.139,0.139,0.139
RGI60-19.00596,0.888,0.888,0.888,0.888,0.888,0.888,0.888,0.888,0.888,0.888,0.888,0.888,0.888,0.888,0.888,0.888,0.888,0.888,0.888,0.888,0.888,0.888,0.888,0.888,0.194,0.194,0.256,0.256,0.256,0.256,0.256,0.256,0.256,0.256,0.256,0.256,0.256,0.256,0.256,0.256,0.256,0.256,0.256,0.256,0.256,0.256,0.256,0.256,0.256,0.256
RGI60-19.00597,0.889,0.889,0.889,0.889,0.889,0.889,0.889,0.889,0.889,0.889,0.889,0.889,0.889,0.889,0.889,0.889,0.889,0.889,0.889,0.889,0.889,0.889,0.889,0.889,0.197,0.197,0.26,0.26,0.26,0.26,0.26,0.26,0.26,0.26,0.26,0.26,0.26,0.26,0.26,0.26,0.26,0.26,0.26,0.26,0.26,0.26,0.26,0.26,0.26,0.26
RGI60-19.00598,0.888,0.888,0.888,0.888,0.888,0.888,0.888,0.888,0.888,0.888,0.888,0.888,0.888,0.888,0.888,0.888,0.888,0.888,0.888,0.888,0.888,0.888,0.888,0.888,0.194,0.194,0.257,0.257,0.257,0.257,0.257,0.257,0.257,0.257,0.257,0.257,0.257,0.257,0.257,0.257,0.257,0.257,0.257,0.257,0.257,0.257,0.257,0.257,0.257,0.257
RGI60-19.00599,0.888,0.888,0.888,0.888,0.888,0.888,0.888,0.888,0.888,0.888,0.888,0.888,0.888,0.888,0.888,0.888,0.888,0.888,0.888,0.888,0.888,0.888,0.888,0.888,0.193,0.193,0.256,0.256,0.256,0.256,0.256,0.256,0.256,0.256,0.256,0.256,0.256,0.256,0.256,0.256,0.256,0.256,0.256,0.256,0.256,0.256,0.256,0.256,0.256,0.256
RGI60-19.00600,0.889,0.889,0.889,0.889,0.889,0.889,0.889,0.889,0.889,0.889,0.889,0.889,0.889,0.889,0.889,0.889,0.889,0.889,0.889,0.889,0.889,0.889,0.889,0.889,0.195,0.195,0.258,0.258,0.258,0.258,0.258,0.258,0.258,0.258,0.258,0.258,0.258,0.258,0.258,0.258,0.258,0.258,0.258,0.258,0.258,0.258,0.258,0.258,0.258,0.258
RGI60-19.00601,0.889,0.889,0.889,0.889,0.889,0.889,0.889,0.889,0.889,0.889,0.889,0.889,0.889,0.889,0.889,0.889,0.889,0.889,0.889,0.889,0.889,0.889,0.889,0.889,0.195,0.195,0.258,0.258,0.258,0.258,0.258,0.258,0.258,0.258,0.258,0.258,0.258,0.258,0.258,0.258,0.258,0.258,0.258,0.258,0.258,0.258,0.258,0.258,0.258,0.258
RGI60-19.00602,0.891,0.891,0.891,0.891,0.891,0.891,0.891,0.891,0.891,0.891,0.891,0.891,0.891,0.891,0.891,0.891,0.891,0.891,0.891,0.891,0.891,0.891,0.891,0.891,0.205,0.205,0.265,0.265,0.265,0.265,0.265,0.265,0.265,0.265,0.265,0.265,0.265,0.265,0.265,0.265,0.265,0.265,0.265,0.265,0.265,0.265,0.265,0.265,0.265,0.265
RGI60-19.00603,0.89,0.89,0.89,0.89,0.89,0.89,0.89,0.89,0.89,0.89,0.89,0.89,0.89,0.89,0.89,0.89,0.89,0.89,0.89,0.89,0.89,0.89,0.89,0.89,0.203,0.203,0.263,0.263,0.263,0.263,0.263,0.263,0.263,0.263,0.263,0.263,0.263,0.263,0.263,0.263,0.263,0.263,0.263,0.263,0.263,0.263,0.263,0.263,0.263,0.263
RGI60-19.00604,0.887,0.887,0.887,0.887,0.887,0.887,0.887,0.887,0.887,0.887,0.887,0.887,0.887,0.887,0.887,0.887,0.887,0.887,0.887,0.887,0.887,0.887,0.887,0.887,0.194,0.194,0.251,0.251,0.251,0.251,0.251,0.251,0.251,0.251,0.251,0.251,0.251,0.251,0.251,0.251,0.251,0.251,0.251,0.251,0.251,0.251,0.251,0.251,0.251,0.251
RGI60-19.00605,0.945,0.945,0.945,0.945,0.945,0.945,0.945,0.945,0.945,0.945,0.945,0.945,0.945,0.945,0.945,0.945,0.945,0.945,0.945,0.945,0.945,0.945,0.945,0.945,0.315,0.315,0.409,0.409,0.409,0.409,0.409,0.409,0.409,0.409,0.409,0.409,0.409,0.409,0.409,0.409,0.409,0.409,0.409,0.409,0.409,0.409,0.409,0.409,0.409,0.409
RGI60-19.00606,0.89,0.89,0.89,0.89,0.89,0.89,0.89,0.89,0.89,0.89,0.89,0.89,0.89,0.89,0.89,0.89,0.89,0.89,0.89,0.89,0.89,0.89,0.89,0.89,0.202,0.202,0.262,0.262,0.262,0.262,0.262,0.262,0.262,0.262,0.262,0.262,0.262,0.262,0.262,0.262,0.262,0.262,0.262,0.262,0.262,0.262,0.262,0.262,0.262,0.262
RGI60-19.00607,0.886,0.886,0.886,0.886,0.886,0.886,0.886,0.886,0.886,0.886,0.886,0.886,0.886,0.886,0.886,0.886,0.886,0.886,0.886,0.886,0.886,0.886,0.886,0.886,0.191,0.191,0.248,0.248,0.248,0.248,0.248,0.248,0.248,0.248,0.248,0.248,0.248,0.248,0.248,0.248,0.248,0.248,0.248,0.248,0.248,0.248,0.248,0.248,0.248,0.248
RGI60-19.00608,0.886,0.886,0.886,0.886,0.886,0.886,0.886,0.886,0.886,0.886,0.886,0.886,0.886,0.886,0.886,0.886,0.886,0.886,0.886,0.886,0.886,0.886,0.886,0.886,0.191,0.191,0.247,0.247,0.247,0.247,0.247,0.247,0.247,0.247,0.247,0.247,0.247,0.247,0.247,0.247,0.247,0.247,0.247,0.247,0.247,0.247,0.247,0.247,0.247,0.247
RGI60-19.00609,0.886,0.886,0.886,0.886,0.886,0.886,0.886,0.886,0.886,0.886,0.886,0.886,0.886,0.886,0.886,0.886,0.886,0.886,0.886,0.886,0.886,0.886,0.886,0.886,0.191,0.191,0.248,0.248,0.248,0.248,0.248,0.248,0.248,0.248,0.248,0.248,0.248,0.248,0.248,0.248,0.248,0.248,0.248,0.248,0.248,0.248,0.248,0.248,0.248,0.248
RGI60-19.00610,0.886,0.886,0.886,0.886,0.886,0.886,0.886,0.886,0.886,0.886,0.886,0.886,0.886,0.886,0.886,0.886,0.886,0.886,0.886,0.886,0.886,0.886,0.886,0.886,0.191,0.191,0.248,0.248,0.248,0.248,0.248,0.248,0.248,0.248,0.248,0.248,0.248,0.248,0.248,0.248,0.248,0.248,0.248,0.248,0.248,0.248,0.248,0.248,0.248,0.248
RGI60-19.00611,0.886,0.886,0.886,0.886,0.886,0.886,0.886,0.886,0.886,0.886,0.886,0.886,0.886,0.886,0.886,0.886,0.886,0.886,0.886,0.886,0.886,0.886,0.886,0.886,0.19,0.19,0.248,0.248,0.248,0.248,0.248,0.248,0.248,0.248,0.248,0.248,0.248,0.248,0.248,0.248,0.248,0.248,0.248,0.248,0.248,0.248,0.248,0.248,0.248,0.248
RGI60-19.00612,0.884,0.884,0.884,0.884,0.884,0.884,0.884,0.884,0.884,0.884,0.884,0.884,0.884,0.884,0.884,0.884,0.884,0.884,0.884,0.884,0.884,0.884,0.884,0.884,0.186,0.186,0.241,0.241,0.241,0.241,0.241,0.241,0.241,0.241,0.241,0.241,0.241,0.241,0.241,0.241,0.241,0.241,0.241,0.241,0.241,0.241,0.241,0.241,0.241,0.241
RGI60-19.00613,0.884,0.884,0.884,0.884,0.884,0.884,0.884,0.884,0.884,0.884,0.884,0.884,0.884,0.884,0.884,0.884,0.884,0.884,0.884,0.884,0.884,0.884,0.884,0.884,0.184,0.184,0.239,0.239,0.239,0.239,0.239,0.239,0.239,0.239,0.239,0.239,0.239,0.239,0.239,0.239,0.239,0.239,0.239,0.239,0.239,0.239,0.239,0.239,0.239,0.239
RGI60-19.00614,0.884,0.884,0.884,0.884,0.884,0.884,0.884,0.884,0.884,0.884,0.884,0.884,0.884,0.884,0.884,0.884,0.884,0.884,0.884,0.884,0.884,0.884,0.884,0.884,0.183,0.183,0.239,0.239,0.239,0.239,0.239,0.239,0.239,0.239,0.239,0.239,0.239,0.239,0.239,0.239,0.239,0.239,0.239,0.239,0.239,0.239,0.239,0.239,0.239,0.239
RGI60-19.00615,0.884,0.884,0.884,0.884,0.884,0.884,0.884,0.884,0.884,0.884,0.884,0.884,0.884,0.884,0.884,0.884,0.884,0.884,0.884,0.884,0.884,0.884,0.884,0.884,0.183,0.183,0.239,0.239,0.239,0.239,0.239,0.239,0.239,0.239,0.239,0.239,0.239,0.239,0.239,0.239,0.239,0.239,0.239,0.239,0.239,0.239,0.239,0.239,0.239,0.239
RGI60-19.00616,0.883,0.883,0.883,0.883,0.883,0.883,0.883,0.883,0.883,0.883,0.883,0.883,0.883,0.883,0.883,0.883,0.883,0.883,0.883,0.883,0.883,0.883,0.883,0.883,0.183,0.183,0.238,0.238,0.238,0.238,0.238,0.238,0.238,0.238,0.238,0.238,0.238,0.238,0.238,0.238,0.238,0.238,0.238,0.238,0.238,0.238,0.238,0.238,0.238,0.238
RGI60-19.00617,0.882,0.882,0.882,0.882,0.882,0.882,0.882,0.882,0.882,0.882,0.882,0.882,0.882,0.882,0.882,0.882,0.882,0.882,0.882,0.882,0.882,0.882,0.882,0.882,0.18,0.18,0.235,0.235,0.235,0.235,0.235,0.235,0.235,0.235,0.235,0.235,0.235,0.235,0.235,0.235,0.235,0.235,0.235,0.235,0.235,0.235,0.235,0.235,0.235,0.235
RGI60-19.00618,0.945,0.945,0.945,0.945,0.945,0.945,0.945,0.945,0.945,0.945,0.945,0.945,0.945,0.945,0.945,0.945,0.945,0.945,0.945,0.945,0.945,0.945,0.945,0.945,0.315,0.315,0.409,0.409,0.409,0.409,0.409,0.409,0.409,0.409,0.409,0.409,0.409,0.409,0.409,0.409,0.409,0.409,0.409,0.409,0.409,0.409,0.409,0.409,0.409,0.409
RGI60-19.00619,0.882,0.882,0.882,0.882,0.882,0.882,0.882,0.882,0.882,0.882,0.882,0.882,0.882,0.882,0.882,0.882,0.882,0.882,0.882,0.882,0.882,0.882,0.882,0.882,0.179,0.179,0.235,0.235,0.235,0.235,0.235,0.235,0.235,0.235,0.235,0.235,0.235,0.235,0.235,0.235,0.235,0.235,0.235,0.235,0.235,0.235,0.235,0.235,0.235,0.235
RGI60-19.00620,0.882,0.882,0.882,0.882,0.882,0.882,0.882,0.882,0.882,0.882,0.882,0.882,0.882,0.882,0.882,0.882,0.882,0.882,0.882,0.882,0.882,0.882,0.882,0.882,0.179,0.179,0.234,0.234,0.234,0.234,0.234,0.234,0.234,0.234,0.234,0.234,0.234,0.234,0.234,0.234,0.234,0.234,0.234,0.234,0.234,0.234,0.234,0.234,0.234,0.234
RGI60-19.00621,0.882,0.882,0.882,0.882,0.882,0.882,0.882,0.882,0.882,0.882,0.882,0.882,0.882,0.882,0.882,0.882,0.882,0.882,0.882,0.882,0.882,0.882,0.882,0.882,0.179,0.179,0.235,0.235,0.235,0.235,0.235,0.235,0.235,0.235,0.235,0.235,0.235,0.235,0.235,0.235,0.235,0.235,0.235,0.235,0.235,0.235,0.235,0.235,0.235,0.235
RGI60-19.00622,0.882,0.882,0.882,0.882,0.882,0.882,0.882,0.882,0.882,0.882,0.882,0.882,0.882,0.882,0.882,0.882,0.882,0.882,0.882,0.882,0.882,0.882,0.882,0.882,0.178,0.178,0.232,0.232,0.232,0.232,0.232,0.232,0.232,0.232,0.232,0.232,0.232,0.232,0.232,0.232,0.232,0.232,0.232,0.232,0.232,0.232,0.232,0.232,0.232,0.232
RGI60-19.00623,0.881,0.881,0.881,0.881,0.881,0.881,0.881,0.881,0.881,0.881,0.881,0.881,0.881,0.881,0.881,0.881,0.881,0.881,0.881,0.881,0.881,0.881,0.881,0.881,0.175,0.175,0.229,0.229,0.229,0.229,0.229,0.229,0.229,0.229,0.229,0.229,0.229,0.229,0.229,0.229,0.229,0.229,0.229,0.229,0.229,0.229,0.229,0.229,0.229,0.229
RGI60-19.00624,0.881,0.881,0.881,0.881,0.881,0.881,0.881,0.881,0.881,0.881,0.881,0.881,0.881,0.881,0.881,0.881,0.881,0.881,0.881,0.881,0.881,0.881,0.881,0.881,0.175,0.175,0.229,0.229,0.229,0.229,0.229,0.229,0.229,0.229,0.229,0.229,0.229,0.229,0.229,0.229,0.229,0.229,0.229,0.229,0.229,0.229,0.229,0.229,0.229,0.229
RGI60-19.00625,0.881,0.881,0.881,0.881,0.881,0.881,0.881,0.881,0.881,0.881,0.881,0.881,0.881,0.881,0.881,0.881,0.881,0.881,0.881,0.881,0.881,0.881,0.881,0.881,0.175,0.175,0.228,0.228,0.228,0.228,0.228,0.228,0.228,0.228,0.228,0.228,0.228,0.228,0.228,0.228,0.228,0.228,0.228,0.228,0.228,0.228,0.228,0.228,0.228,0.228
RGI60-19.00626,0.88,0.88,0.88,0.88,0.88,0.88,0.88,0.88,0.88,0.88,0.88,0.88,0.88,0.88,0.88,0.88,0.88,0.88,0.88,0.88,0.88,0.88,0.88,0.88,0.174,0.174,0.228,0.228,0.228,0.228,0.228,0.228,0.228,0.228,0.228,0.228,0.228,0.228,0.228,0.228,0.228,0.228,0.228,0.228,0.228,0.228,0.228,0.228,0.228,0.228
RGI60-19.00627,0.888,0.888,0.888,0.888,0.888,0.888,0.888,0.888,0.888,0.888,0.888,0.888,0.888,0.888,0.888,0.888,0.888,0.888,0.888,0.888,0.888,0.888,0.888,0.888,0.195,0.195,0.256,0.256,0.256,0.256,0.256,0.256,0.256,0.256,0.256,0.256,0.256,0.256,0.256,0.256,0.256,0.256,0.256,0.256,0.256,0.256,0.256,0.256,0.256,0.256
RGI60-19.00628,0.88,0.88,0.88,0.88,0.88,0.88,0.88,0.88,0.88,0.88,0.88,0.88,0.88,0.88,0.88,0.88,0.88,0.88,0.88,0.88,0.88,0.88,0.88,0.88,0.171,0.171,0.226,0.226,0.226,0.226,0.226,0.226,0.226,0.226,0.226,0.226,0.226,0.226,0.226,0.226,0.226,0.226,0.226,0.226,0.226,0.226,0.226,0.226,0.226,0.226
RGI60-19.00629,0.88,0.88,0.88,0.88,0.88,0.88,0.88,0.88,0.88,0.88,0.88,0.88,0.88,0.88,0.88,0.88,0.88,0.88,0.88,0.88,0.88,0.88,0.88,0.88,0.169,0.169,0.224,0.224,0.224,0.224,0.224,0.224,0.224,0.224,0.224,0.224,0.224,0.224,0.224,0.224,0.224,0.224,0.224,0.224,0.224,0.224,0.224,0.224,0.224,0.224
RGI60-19.00630,0.879,0.879,0.879,0.879,0.879,0.879,0.879,0.879,0.879,0.879,0.879,0.879,0.879,0.879,0.879,0.879,0.879,0.879,0.879,0.879,0.879,0.879,0.879,0.879,0.17,0.17,0.223,0.223,0.223,0.223,0.223,0.223,0.223,0.223,0.223,0.223,0.223,0.223,0.223,0.223,0.223,0.223,0.223,0.223,0.223,0.223,0.223,0.223,0.223,0.223
RGI60-19.00631,0.878,0.878,0.878,0.878,0.878,0.878,0.878,0.878,0.878,0.878,0.878,0.878,0.878,0.878,0.878,0.878,0.878,0.878,0.878,0.878,0.878,0.878,0.878,0.878,0.163,0.163,0.217,0.217,0.217,0.217,0.217,0.217,0.217,0.217,0.217,0.217,0.217,0.217,0.217,0.217,0.217,0.217,0.217,0.217,0.217,0.217,0.217,0.217,0.217,0.217
RGI60-19.00632,0.887,0.887,0.887,0.887,0.887,0.887,0.887,0.887,0.887,0.887,0.887,0.887,0.887,0.887,0.887,0.887,0.887,0.887,0.887,0.887,0.887,0.887,0.887,0.887,0.19,0.19,0.25,0.25,0.25,0.25,0.25,0.25,0.25,0.25,0.25,0.25,0.25,0.25,0.25,0.25,0.25,0.25,0.25,0.25,0.25,0.25,0.25,0.25,0.25,0.25
RGI60-19.00633,0.945,0.945,0.945,0.945,0.945,0.945,0.945,0.945,0.945,0.945,0.945,0.945,0.945,0.945,0.945,0.945,0.945,0.945,0.945,0.945,0.945,0.945,0.945,0.945,0.315,0.315,0.409,0.409,0.409,0.409,0.409,0.409,0.409,0.409,0.409,0.409,0.409,0.409,0.409,0.409,0.409,0.409,0.409,0.409,0.409,0.409,0.409,0.409,0.409,0.409
RGI60-19.00634,0.877,0.877,0.877,0.877,0.877,0.877,0.877,0.877,0.877,0.877,0.877,0.877,0.877,0.877,0.877,0.877,0.877,0.877,0.877,0.877,0.877,0.877,0.877,0.877,0.16,0.16,0.213,0.213,0.213,0.213,0.213,0.213,0.213,0.213,0.213,0.213,0.213,0.213,0.213,0.213,0.213,0.213,0.213,0.213,0.213,0.213,0.213,0.213,0.213,0.213
RGI60-19.00635,0.876,0.876,0.876,0.876,0.876,0.876,0.876,0.876,0.876,0.876,0.876,0.876,0.876,0.876,0.876,0.876,0.876,0.876,0.876,0.876,0.876,0.876,0.876,0.876,0.158,0.158,0.211,0.211,0.211,0.211,0.211,0.211,0.211,0.211,0.211,0.211,0.211,0.211,0.211,0.211,0.211,0.211,0.211,0.211,0.211,0.211,0.211,0.211,0.211,0.211
RGI60-19.00636,0.876,0.876,0.876,0.876,0.876,0.876,0.876,0.876,0.876,0.876,0.876,0.876,0.876,0.876,0.876,0.876,0.876,0.876,0.876,0.876,0.876,0.876,0.876,0.876,0.157,0.157,0.21,0.21,0.21,0.21,0.21,0.21,0.21,0.21,0.21,0.21,0.21,0.21,0.21,0.21,0.21,0.21,0.21,0.21,0.21,0.21,0.21,0.21,0.21,0.21
RGI60-19.00637,0.876,0.876,0.876,0.876,0.876,0.876,0.876,0.876,0.876,0.876,0.876,0.876,0.876,0.876,0.876,0.876,0.876,0.876,0.876,0.876,0.876,0.876,0.876,0.876,0.159,0.159,0.211,0.211,0.211,0.211,0.211,0.211,0.211,0.211,0.211,0.211,0.211,0.211,0.211,0.211,0.211,0.211,0.211,0.211,0.211,0.211,0.211,0.211,0.211,0.211
RGI60-19.00638,0.876,0.876,0.876,0.876,0.876,0.876,0.876,0.876,0.876,0.876,0.876,0.876,0.876,0.876,0.876,0.876,0.876,0.876,0.876,0.876,0.876,0.876,0.876,0.876,0.159,0.159,0.211,0.211,0.211,0.211,0.211,0.211,0.211,0.211,0.211,0.211,0.211,0.211,0.211,0.211,0.211,0.211,0.211,0.211,0.211,0.211,0.211,0.211,0.211,0.211
RGI60-19.00639,0.889,0.889,0.889,0.889,0.889,0.889,0.889,0.889,0.889,0.889,0.889,0.889,0.889,0.889,0.889,0.889,0.889,0.889,0.889,0.889,0.889,0.889,0.889,0.889,0.196,0.196,0.258,0.258,0.258,0.258,0.258,0.258,0.258,0.258,0.258,0.258,0.258,0.258,0.258,0.258,0.258,0.258,0.258,0.258,0.258,0.258,0.258,0.258,0.258,0.258
RGI60-19.00640,0.887,0.887,0.887,0.887,0.887,0.887,0.887,0.887,0.887,0.887,0.887,0.887,0.887,0.887,0.887,0.887,0.887,0.887,0.887,0.887,0.887,0.887,0.887,0.887,0.191,0.191,0.252,0.252,0.252,0.252,0.252,0.252,0.252,0.252,0.252,0.252,0.252,0.252,0.252,0.252,0.252,0.252,0.252,0.252,0.252,0.252,0.252,0.252,0.252,0.252
RGI60-19.00641,0.876,0.876,0.876,0.876,0.876,0.876,0.876,0.876,0.876,0.876,0.876,0.876,0.876,0.876,0.876,0.876,0.876,0.876,0.876,0.876,0.876,0.876,0.876,0.876,0.158,0.158,0.21,0.21,0.21,0.21,0.21,0.21,0.21,0.21,0.21,0.21,0.21,0.21,0.21,0.21,0.21,0.21,0.21,0.21,0.21,0.21,0.21,0.21,0.21,0.21
RGI60-19.00642,0.876,0.876,0.876,0.876,0.876,0.876,0.876,0.876,0.876,0.876,0.876,0.876,0.876,0.876,0.876,0.876,0.876,0.876,0.876,0.876,0.876,0.876,0.876,0.876,0.159,0.159,0.211,0.211,0.211,0.211,0.211,0.211,0.211,0.211,0.211,0.211,0.211,0.211,0.211,0.211,0.211,0.211,0.211,0.211,0.211,0.211,0.211,0.211,0.211,0.211
RGI60-19.00643,0.876,0.876,0.876,0.876,0.876,0.876,0.876,0.876,0.876,0.876,0.876,0.876,0.876,0.876,0.876,0.876,0.876,0.876,0.876,0.876,0.876,0.876,0.876,0.876,0.157,0.157,0.209,0.209,0.209,0.209,0.209,0.209,0.209,0.209,0.209,0.209,0.209,0.209,0.209,0.209,0.209,0.209,0.209,0.209,0.209,0.209,0.209,0.209,0.209,0.209
RGI60-19.00644,0.877,0.877,0.877,0.877,0.877,0.877,0.877,0.877,0.877,0.877,0.877,0.877,0.877,0.877,0.877,0.877,0.877,0.877,0.877,0.877,0.877,0.877,0.877,0.877,0.162,0.162,0.214,0.214,0.214,0.214,0.214,0.214,0.214,0.214,0.214,0.214,0.214,0.214,0.214,0.214,0.214,0.214,0.214,0.214,0.214,0.214,0.214,0.214,0.214,0.214
RGI60-19.00645,0.876,0.876,0.876,0.876,0.876,0.876,0.876,0.876,0.876,0.876,0.876,0.876,0.876,0.876,0.876,0.876,0.876,0.876,0.876,0.876,0.876,0.876,0.876,0.876,0.156,0.156,0.208,0.208,0.208,0.208,0.208,0.208,0.208,0.208,0.208,0.208,0.208,0.208,0.208,0.208,0.208,0.208,0.208,0.208,0.208,0.208,0.208,0.208,0.208,0.208
RGI60-19.00646,0.945,0.945,0.945,0.945,0.945,0.945,0.945,0.945,0.945,0.945,0.945,0.945,0.945,0.945,0.945,0.945,0.945,0.945,0.945,0.945,0.945,0.945,0.945,0.945,0.315,0.315,0.409,0.409,0.409,0.409,0.409,0.409,0.409,0.409,0.409,0.409,0.409,0.409,0.409,0.409,0.409,0.409,0.409,0.409,0.409,0.409,0.409,0.409,0.409,0.409
RGI60-19.00647,0.945,0.945,0.945,0.945,0.945,0.945,0.945,0.945,0.945,0.945,0.945,0.945,0.945,0.945,0.945,0.945,0.945,0.945,0.945,0.945,0.945,0.945,0.945,0.945,0.315,0.315,0.409,0.409,0.409,0.409,0.409,0.409,0.409,0.409,0.409,0.409,0.409,0.409,0.409,0.409,0.409,0.409,0.409,0.409,0.409,0.409,0.409,0.409,0.409,0.409
RGI60-19.00648,0.889,0.889,0.889,0.889,0.889,0.889,0.889,0.889,0.889,0.889,0.889,0.889,0.889,0.889,0.889,0.889,0.889,0.889,0.889,0.889,0.889,0.889,0.889,0.889,0.195,0.195,0.257,0.257,0.257,0.257,0.257,0.257,0.257,0.257,0.257,0.257,0.257,0.257,0.257,0.257,0.257,0.257,0.257,0.257,0.257,0.257,0.257,0.257,0.257,0.257
RGI60-19.00649,0.888,0.888,0.888,0.888,0.888,0.888,0.888,0.888,0.888,0.888,0.888,0.888,0.888,0.888,0.888,0.888,0.888,0.888,0.888,0.888,0.888,0.888,0.888,0.888,0.193,0.193,0.254,0.254,0.254,0.254,0.254,0.254,0.254,0.254,0.254,0.254,0.254,0.254,0.254,0.254,0.254,0.254,0.254,0.254,0.254,0.254,0.254,0.254,0.254,0.254
RGI60-19.00650,0.888,0.888,0.888,0.888,0.888,0.888,0.888,0.888,0.888,0.888,0.888,0.888,0.888,0.888,0.888,0.888,0.888,0.888,0.888,0.888,0.888,0.888,0.888,0.888,0.194,0.194,0.256,0.256,0.256,0.256,0.256,0.256,0.256,0.256,0.256,0.256,0.256,0.256,0.256,0.256,0.256,0.256,0.256,0.256,0.256,0.256,0.256,0.256,0.256,0.256
RGI60-19.00651,0.875,0.875,0.875,0.875,0.875,0.875,0.875,0.875,0.875,0.875,0.875,0.875,0.875,0.875,0.875,0.875,0.875,0.875,0.875,0.875,0.875,0.875,0.875,0.875,0.153,0.153,0.205,0.205,0.205,0.205,0.205,0.205,0.205,0.205,0.205,0.205,0.205,0.205,0.205,0.205,0.205,0.205,0.205,0.205,0.205,0.205,0.205,0.205,0.205,0.205
RGI60-19.00652,0.875,0.875,0.875,0.875,0.875,0.875,0.875,0.875,0.875,0.875,0.875,0.875,0.875,0.875,0.875,0.875,0.875,0.875,0.875,0.875,0.875,0.875,0.875,0.875,0.154,0.154,0.206,0.206,0.206,0.206,0.206,0.206,0.206,0.206,0.206,0.206,0.206,0.206,0.206,0.206,0.206,0.206,0.206,0.206,0.206,0.206,0.206,0.206,0.206,0.206
RGI60-19.00653,0.945,0.945,0.945,0.945,0.945,0.945,0.945,0.945,0.945,0.945,0.945,0.945,0.945,0.945,0.945,0.945,0.945,0.945,0.945,0.945,0.945,0.945,0.945,0.945,0.315,0.315,0.409,0.409,0.409,0.409,0.409,0.409,0.409,0.409,0.409,0.409,0.409,0.409,0.409,0.409,0.409,0.409,0.409,0.409,0.409,0.409,0.409,0.409,0.409,0.409
RGI60-19.00654,0.874,0.874,0.874,0.874,0.874,0.874,0.874,0.874,0.874,0.874,0.874,0.874,0.874,0.874,0.874,0.874,0.874,0.874,0.874,0.874,0.874,0.874,0.874,0.874,0.15,0.15,0.202,0.202,0.202,0.202,0.202,0.202,0.202,0.202,0.202,0.202,0.202,0.202,0.202,0.202,0.202,0.202,0.202,0.202,0.202,0.202,0.202,0.202,0.202,0.202
RGI60-19.00655,0.876,0.876,0.876,0.876,0.876,0.876,0.876,0.876,0.876,0.876,0.876,0.876,0.876,0.876,0.876,0.876,0.876,0.876,0.876,0.876,0.876,0.876,0.876,0.876,0.155,0.155,0.208,0.208,0.208,0.208,0.208,0.208,0.208,0.208,0.208,0.208,0.208,0.208,0.208,0.208,0.208,0.208,0.208,0.208,0.208,0.208,0.208,0.208,0.208,0.208
RGI60-19.00656,0.876,0.876,0.876,0.876,0.876,0.876,0.876,0.876,0.876,0.876,0.876,0.876,0.876,0.876,0.876,0.876,0.876,0.876,0.876,0.876,0.876,0.876,0.876,0.876,0.155,0.155,0.208,0.208,0.208,0.208,0.208,0.208,0.208,0.208,0.208,0.208,0.208,0.208,0.208,0.208,0.208,0.208,0.208,0.208,0.208,0.208,0.208,0.208,0.208,0.208
RGI60-19.00657,0.875,0.875,0.875,0.875,0.875,0.875,0.875,0.875,0.875,0.875,0.875,0.875,0.875,0.875,0.875,0.875,0.875,0.875,0.875,0.875,0.875,0.875,0.875,0.875,0.154,0.154,0.208,0.208,0.208,0.208,0.208,0.208,0.208,0.208,0.208,0.208,0.208,0.208,0.208,0.208,0.208,0.208,0.208,0.208,0.208,0.208,0.208,0.208,0.208,0.208
RGI60-19.00658,0.875,0.875,0.875,0.875,0.875,0.875,0.875,0.875,0.875,0.875,0.875,0.875,0.875,0.875,0.875,0.875,0.875,0.875,0.875,0.875,0.875,0.875,0.875,0.875,0.154,0.154,0.208,0.208,0.208,0.208,0.208,0.208,0.208,0.208,0.208,0.208,0.208,0.208,0.208,0.208,0.208,0.208,0.208,0.208,0.208,0.208,0.208,0.208,0.208,0.208
RGI60-19.00659,0.875,0.875,0.875,0.875,0.875,0.875,0.875,0.875,0.875,0.875,0.875,0.875,0.875,0.875,0.875,0.875,0.875,0.875,0.875,0.875,0.875,0.875,0.875,0.875,0.154,0.154,0.207,0.207,0.207,0.207,0.207,0.207,0.207,0.207,0.207,0.207,0.207,0.207,0.207,0.207,0.207,0.207,0.207,0.207,0.207,0.207,0.207,0.207,0.207,0.207
RGI60-19.00660,0.875,0.875,0.875,0.875,0.875,0.875,0.875,0.875,0.875,0.875,0.875,0.875,0.875,0.875,0.875,0.875,0.875,0.875,0.875,0.875,0.875,0.875,0.875,0.875,0.153,0.153,0.206,0.206,0.206,0.206,0.206,0.206,0.206,0.206,0.206,0.206,0.206,0.206,0.206,0.206,0.206,0.206,0.206,0.206,0.206,0.206,0.206,0.206,0.206,0.206
RGI60-19.00661,0.945,0.945,0.945,0.945,0.945,0.945,0.945,0.945,0.945,0.945,0.945,0.945,0.945,0.945,0.945,0.945,0.945,0.945,0.945,0.945,0.945,0.945,0.945,0.945,0.315,0.315,0.409,0.409,0.409,0.409,0.409,0.409,0.409,0.409,0.409,0.409,0.409,0.409,0.409,0.409,0.409,0.409,0.409,0.409,0.409,0.409,0.409,0.409,0.409,0.409
RGI60-19.00662,0.945,0.945,0.945,0.945,0.945,0.945,0.945,0.945,0.945,0.945,0.945,0.945,0.945,0.945,0.945,0.945,0.945,0.945,0.945,0.945,0.945,0.945,0.945,0.945,0.315,0.315,0.409,0.409,0.409,0.409,0.409,0.409,0.409,0.409,0.409,0.409,0.409,0.409,0.409,0.409,0.409,0.409,0.409,0.409,0.409,0.409,0.409,0.409,0.409,0.409
RGI60-19.00663,0.945,0.945,0.945,0.945,0.945,0.945,0.945,0.945,0.945,0.945,0.945,0.945,0.945,0.945,0.945,0.945,0.945,0.945,0.945,0.945,0.945,0.945,0.945,0.945,0.315,0.315,0.409,0.409,0.409,0.409,0.409,0.409,0.409,0.409,0.409,0.409,0.409,0.409,0.409,0.409,0.409,0.409,0.409,0.409,0.409,0.409,0.409,0.409,0.409,0.409
RGI60-19.00664,0.875,0.875,0.875,0.875,0.875,0.875,0.875,0.875,0.875,0.875,0.875,0.875,0.875,0.875,0.875,0.875,0.875,0.875,0.875,0.875,0.875,0.875,0.875,0.875,0.153,0.153,0.206,0.206,0.206,0.206,0.206,0.206,0.206,0.206,0.206,0.206,0.206,0.206,0.206,0.206,0.206,0.206,0.206,0.206,0.206,0.206,0.206,0.206,0.206,0.206
RGI60-19.00665,0.875,0.875,0.875,0.875,0.875,0.875,0.875,0.875,0.875,0.875,0.875,0.875,0.875,0.875,0.875,0.875,0.875,0.875,0.875,0.875,0.875,0.875,0.875,0.875,0.153,0.153,0.206,0.206,0.206,0.206,0.206,0.206,0.206,0.206,0.206,0.206,0.206,0.206,0.206,0.206,0.206,0.206,0.206,0.206,0.206,0.206,0.206,0.206,0.206,0.206
RGI60-19.00666,0.875,0.875,0.875,0.875,0.875,0.875,0.875,0.875,0.875,0.875,0.875,0.875,0.875,0.875,0.875,0.875,0.875,0.875,0.875,0.875,0.875,0.875,0.875,0.875,0.154,0.154,0.207,0.207,0.207,0.207,0.207,0.207,0.207,0.207,0.207,0.207,0.207,0.207,0.207,0.207,0.207,0.207,0.207,0.207,0.207,0.207,0.207,0.207,0.207,0.207
RGI60-19.00667,0.885,0.885,0.885,0.885,0.885,0.885,0.885,0.885,0.885,0.885,0.885,0.885,0.885,0.885,0.885,0.885,0.885,0.885,0.885,0.885,0.885,0.885,0.885,0.885,0.184,0.184,0.244,0.244,0.244,0.244,0.244,0.244,0.244,0.244,0.244,0.244,0.244,0.244,0.244,0.244,0.244,0.244,0.244,0.244,0.244,0.244,0.244,0.244,0.244,0.244
RGI60-19.00668,0.875,0.875,0.875,0.875,0.875,0.875,0.875,0.875,0.875,0.875,0.875,0.875,0.875,0.875,0.875,0.875,0.875,0.875,0.875,0.875,0.875,0.875,0.875,0.875,0.153,0.153,0.206,0.206,0.206,0.206,0.206,0.206,0.206,0.206,0.206,0.206,0.206,0.206,0.206,0.206,0.206,0.206,0.206,0.206,0.206,0.206,0.206,0.206,0.206,0.206
RGI60-19.00669,0.885,0.885,0.885,0.885,0.885,0.885,0.885,0.885,0.885,0.885,0.885,0.885,0.885,0.885,0.885,0.885,0.885,0.885,0.885,0.885,0.885,0.885,0.885,0.885,0.185,0.185,0.245,0.245,0.245,0.245,0.245,0.245,0.245,0.245,0.245,0.245,0.245,0.245,0.245,0.245,0.245,0.245,0.245,0.245,0.245,0.245,0.245,0.245,0.245,0.245
RGI60-19.00670,0.875,0.875,0.875,0.875,0.875,0.875,0.875,0.875,0.875,0.875,0.875,0.875,0.875,0.875,0.875,0.875,0.875,0.875,0.875,0.875,0.875,0.875,0.875,0.875,0.152,0.152,0.205,0.205,0.205,0.205,0.205,0.205,0.205,0.205,0.205,0.205,0.205,0.205,0.205,0.205,0.205,0.205,0.205,0.205,0.205,0.205,0.205,0.205,0.205,0.205
RGI60-19.00671,0.875,0.875,0.875,0.875,0.875,0.875,0.875,0.875,0.875,0.875,0.875,0.875,0.875,0.875,0.875,0.875,0.875,0.875,0.875,0.875,0.875,0.875,0.875,0.875,0.152,0.152,0.205,0.205,0.205,0.205,0.205,0.205,0.205,0.205,0.205,0.205,0.205,0.205,0.205,0.205,0.205,0.205,0.205,0.205,0.205,0.205,0.205,0.205,0.205,0.205
RGI60-19.00672,0.873,0.873,0.873,0.873,0.873,0.873,0.873,0.873,0.873,0.873,0.873,0.873,0.873,0.873,0.873,0.873,0.873,0.873,0.873,0.873,0.873,0.873,0.873,0.873,0.148,0.148,0.198,0.198,0.198,0.198,0.198,0.198,0.198,0.198,0.198,0.198,0.198,0.198,0.198,0.198,0.198,0.198,0.198,0.198,0.198,0.198,0.198,0.198,0.198,0.198
RGI60-19.00673,0.875,0.875,0.875,0.875,0.875,0.875,0.875,0.875,0.875,0.875,0.875,0.875,0.875,0.875,0.875,0.875,0.875,0.875,0.875,0.875,0.875,0.875,0.875,0.875,0.153,0.153,0.205,0.205,0.205,0.205,0.205,0.205,0.205,0.205,0.205,0.205,0.205,0.205,0.205,0.205,0.205,0.205,0.205,0.205,0.205,0.205,0.205,0.205,0.205,0.205
RGI60-19.00674,0.873,0.873,0.873,0.873,0.873,0.873,0.873,0.873,0.873,0.873,0.873,0.873,0.873,0.873,0.873,0.873,0.873,0.873,0.873,0.873,0.873,0.873,0.873,0.873,0.148,0.148,0.198,0.198,0.198,0.198,0.198,0.198,0.198,0.198,0.198,0.198,0.198,0.198,0.198,0.198,0.198,0.198,0.198,0.198,0.198,0.198,0.198,0.198,0.198,0.198
RGI60-19.00675,0.875,0.875,0.875,0.875,0.875,0.875,0.875,0.875,0.875,0.875,0.875,0.875,0.875,0.875,0.875,0.875,0.875,0.875,0.875,0.875,0.875,0.875,0.875,0.875,0.151,0.151,0.204,0.204,0.204,0.204,0.204,0.204,0.204,0.204,0.204,0.204,0.204,0.204,0.204,0.204,0.204,0.204,0.204,0.204,0.204,0.204,0.204,0.204,0.204,0.204
RGI60-19.00676,0.875,0.875,0.875,0.875,0.875,0.875,0.875,0.875,0.875,0.875,0.875,0.875,0.875,0.875,0.875,0.875,0.875,0.875,0.875,0.875,0.875,0.875,0.875,0.875,0.152,0.152,0.204,0.204,0.204,0.204,0.204,0.204,0.204,0.204,0.204,0.204,0.204,0.204,0.204,0.204,0.204,0.204,0.204,0.204,0.204,0.204,0.204,0.204,0.204,0.204
RGI60-19.00677,0.875,0.875,0.875,0.875,0.875,0.875,0.875,0.875,0.875,0.875,0.875,0.875,0.875,0.875,0.875,0.875,0.875,0.875,0.875,0.875,0.875,0.875,0.875,0.875,0.151,0.151,0.204,0.204,0.204,0.204,0.204,0.204,0.204,0.204,0.204,0.204,0.204,0.204,0.204,0.204,0.204,0.204,0.204,0.204,0.204,0.204,0.204,0.204,0.204,0.204
RGI60-19.00678,0.875,0.875,0.875,0.875,0.875,0.875,0.875,0.875,0.875,0.875,0.875,0.875,0.875,0.875,0.875,0.875,0.875,0.875,0.875,0.875,0.875,0.875,0.875,0.875,0.153,0.153,0.206,0.206,0.206,0.206,0.206,0.206,0.206,0.206,0.206,0.206,0.206,0.206,0.206,0.206,0.206,0.206,0.206,0.206,0.206,0.206,0.206,0.206,0.206,0.206
RGI60-19.00679,0.873,0.873,0.873,0.873,0.873,0.873,0.873,0.873,0.873,0.873,0.873,0.873,0.873,0.873,0.873,0.873,0.873,0.873,0.873,0.873,0.873,0.873,0.873,0.873,0.146,0.146,0.197,0.197,0.197,0.197,0.197,0.197,0.197,0.197,0.197,0.197,0.197,0.197,0.197,0.197,0.197,0.197,0.197,0.197,0.197,0.197,0.197,0.197,0.197,0.197
RGI60-19.00680,0.873,0.873,0.873,0.873,0.873,0.873,0.873,0.873,0.873,0.873,0.873,0.873,0.873,0.873,0.873,0.873,0.873,0.873,0.873,0.873,0.873,0.873,0.873,0.873,0.146,0.146,0.196,0.196,0.196,0.196,0.196,0.196,0.196,0.196,0.196,0.196,0.196,0.196,0.196,0.196,0.196,0.196,0.196,0.196,0.196,0.196,0.196,0.196,0.196,0.196
RGI60-19.00681,0.873,0.873,0.873,0.873,0.873,0.873,0.873,0.873,0.873,0.873,0.873,0.873,0.873,0.873,0.873,0.873,0.873,0.873,0.873,0.873,0.873,0.873,0.873,0.873,0.146,0.146,0.196,0.196,0.196,0.196,0.196,0.196,0.196,0.196,0.196,0.196,0.196,0.196,0.196,0.196,0.196,0.196,0.196,0.196,0.196,0.196,0.196,0.196,0.196,0.196
RGI60-19.00682,0.873,0.873,0.873,0.873,0.873,0.873,0.873,0.873,0.873,0.873,0.873,0.873,0.873,0.873,0.873,0.873,0.873,0.873,0.873,0.873,0.873,0.873,0.873,0.873,0.148,0.148,0.198,0.198,0.198,0.198,0.198,0.198,0.198,0.198,0.198,0.198,0.198,0.198,0.198,0.198,0.198,0.198,0.198,0.198,0.198,0.198,0.198,0.198,0.198,0.198
RGI60-19.00683,0.885,0.885,0.885,0.885,0.885,0.885,0.885,0.885,0.885,0.885,0.885,0.885,0.885,0.885,0.885,0.885,0.885,0.885,0.885,0.885,0.885,0.885,0.885,0.885,0.184,0.184,0.244,0.244,0.244,0.244,0.244,0.244,0.244,0.244,0.244,0.244,0.244,0.244,0.244,0.244,0.244,0.244,0.244,0.244,0.244,0.244,0.244,0.244,0.244,0.244
RGI60-19.00684,0.872,0.872,0.872,0.872,0.872,0.872,0.872,0.872,0.872,0.872,0.872,0.872,0.872,0.872,0.872,0.872,0.872,0.872,0.872,0.872,0.872,0.872,0.872,0.872,0.144,0.144,0.194,0.194,0.194,0.194,0.194,0.194,0.194,0.194,0.194,0.194,0.194,0.194,0.194,0.194,0.194,0.194,0.194,0.194,0.194,0.194,0.194,0.194,0.194,0.194
RGI60-19.00685,0.873,0.873,0.873,0.873,0.873,0.873,0.873,0.873,0.873,0.873,0.873,0.873,0.873,0.873,0.873,0.873,0.873,0.873,0.873,0.873,0.873,0.873,0.873,0.873,0.145,0.145,0.195,0.195,0.195,0.195,0.195,0.195,0.195,0.195,0.195,0.195,0.195,0.195,0.195,0.195,0.195,0.195,0.195,0.195,0.195,0.195,0.195,0.195,0.195,0.195
RGI60-19.00686,0.874,0.874,0.874,0.874,0.874,0.874,0.874,0.874,0.874,0.874,0.874,0.874,0.874,0.874,0.874,0.874,0.874,0.874,0.874,0.874,0.874,0.874,0.874,0.874,0.151,0.151,0.201,0.201,0.201,0.201,0.201,0.201,0.201,0.201,0.201,0.201,0.201,0.201,0.201,0.201,0.201,0.201,0.201,0.201,0.201,0.201,0.201,0.201,0.201,0.201
RGI60-19.00687,0.872,0.872,0.872,0.872,0.872,0.872,0.872,0.872,0.872,0.872,0.872,0.872,0.872,0.872,0.872,0.872,0.872,0.872,0.872,0.872,0.872,0.872,0.872,0.872,0.142,0.142,0.192,0.192,0.192,0.192,0.192,0.192,0.192,0.192,0.192,0.192,0.192,0.192,0.192,0.192,0.192,0.192,0.192,0.192,0.192,0.192,0.192,0.192,0.192,0.192
RGI60-19.00688,0.945,0.945,0.945,0.945,0.945,0.945,0.945,0.945,0.945,0.945,0.945,0.945,0.945,0.945,0.945,0.945,0.945,0.945,0.945,0.945,0.945,0.945,0.945,0.945,0.315,0.315,0.409,0.409,0.409,0.409,0.409,0.409,0.409,0.409,0.409,0.409,0.409,0.409,0.409,0.409,0.409,0.409,0.409,0.409,0.409,0.409,0.409,0.409,0.409,0.409
RGI60-19.00689,0.871,0.871,0.871,0.871,0.871,0.871,0.871,0.871,0.871,0.871,0.871,0.871,0.871,0.871,0.871,0.871,0.871,0.871,0.871,0.871,0.871,0.871,0.871,0.871,0.14,0.14,0.189,0.189,0.189,0.189,0.189,0.189,0.189,0.189,0.189,0.189,0.189,0.189,0.189,0.189,0.189,0.189,0.189,0.189,0.189,0.189,0.189,0.189,0.189,0.189
RGI60-19.00690,0.945,0.945,0.945,0.945,0.945,0.945,0.945,0.945,0.945,0.945,0.945,0.945,0.945,0.945,0.945,0.945,0.945,0.945,0.945,0.945,0.945,0.945,0.945,0.945,0.315,0.315,0.409,0.409,0.409,0.409,0.409,0.409,0.409,0.409,0.409,0.409,0.409,0.409,0.409,0.409,0.409,0.409,0.409,0.409,0.409,0.409,0.409,0.409,0.409,0.409
RGI60-19.00691,0.874,0.874,0.874,0.874,0.874,0.874,0.874,0.874,0.874,0.874,0.874,0.874,0.874,0.874,0.874,0.874,0.874,0.874,0.874,0.874,0.874,0.874,0.874,0.874,0.151,0.151,0.201,0.201,0.201,0.201,0.201,0.201,0.201,0.201,0.201,0.201,0.201,0.201,0.201,0.201,0.201,0.201,0.201,0.201,0.201,0.201,0.201,0.201,0.201,0.201
RGI60-19.00692,0.873,0.873,0.873,0.873,0.873,0.873,0.873,0.873,0.873,0.873,0.873,0.873,0.873,0.873,0.873,0.873,0.873,0.873,0.873,0.873,0.873,0.873,0.873,0.873,0.145,0.145,0.195,0.195,0.195,0.195,0.195,0.195,0.195,0.195,0.195,0.195,0.195,0.195,0.195,0.195,0.195,0.195,0.195,0.195,0.195,0.195,0.195,0.195,0.195,0.195
RGI60-19.00693,0.871,0.871,0.871,0.871,0.871,0.871,0.871,0.871,0.871,0.871,0.871,0.871,0.871,0.871,0.871,0.871,0.871,0.871,0.871,0.871,0.871,0.871,0.871,0.871,0.141,0.141,0.19,0.19,0.19,0.19,0.19,0.19,0.19,0.19,0.19,0.19,0.19,0.19,0.19,0.19,0.19,0.19,0.19,0.19,0.19,0.19,0.19,0.19,0.19,0.19
RGI60-19.00694,0.871,0.871,0.871,0.871,0.871,0.871,0.871,0.871,0.871,0.871,0.871,0.871,0.871,0.871,0.871,0.871,0.871,0.871,0.871,0.871,0.871,0.871,0.871,0.871,0.138,0.138,0.186,0.186,0.186,0.186,0.186,0.186,0.186,0.186,0.186,0.186,0.186,0.186,0.186,0.186,0.186,0.186,0.186,0.186,0.186,0.186,0.186,0.186,0.186,0.186
RGI60-19.00695,0.873,0.873,0.873,0.873,0.873,0.873,0.873,0.873,0.873,0.873,0.873,0.873,0.873,0.873,0.873,0.873,0.873,0.873,0.873,0.873,0.873,0.873,0.873,0.873,0.146,0.146,0.195,0.195,0.195,0.195,0.195,0.195,0.195,0.195,0.195,0.195,0.195,0.195,0.195,0.195,0.195,0.195,0.195,0.195,0.195,0.195,0.195,0.195,0.195,0.195
RGI60-19.00696,0.87,0.87,0.87,0.87,0.87,0.87,0.87,0.87,0.87,0.87,0.87,0.87,0.87,0.87,0.87,0.87,0.87,0.87,0.87,0.87,0.87,0.87,0.87,0.87,0.136,0.136,0.184,0.184,0.184,0.184,0.184,0.184,0.184,0.184,0.184,0.184,0.184,0.184,0.184,0.184,0.184,0.184,0.184,0.184,0.184,0.184,0.184,0.184,0.184,0.184
RGI60-19.00697,0.945,0.945,0.945,0.945,0.945,0.945,0.945,0.945,0.945,0.945,0.945,0.945,0.945,0.945,0.945,0.945,0.945,0.945,0.945,0.945,0.945,0.945,0.945,0.945,0.315,0.315,0.409,0.409,0.409,0.409,0.409,0.409,0.409,0.409,0.409,0.409,0.409,0.409,0.409,0.409,0.409,0.409,0.409,0.409,0.409,0.409,0.409,0.409,0.409,0.409
RGI60-19.00698,0.871,0.871,0.871,0.871,0.871,0.871,0.871,0.871,0.871,0.871,0.871,0.871,0.871,0.871,0.871,0.871,0.871,0.871,0.871,0.871,0.871,0.871,0.871,0.871,0.138,0.138,0.186,0.186,0.186,0.186,0.186,0.186,0.186,0.186,0.186,0.186,0.186,0.186,0.186,0.186,0.186,0.186,0.186,0.186,0.186,0.186,0.186,0.186,0.186,0.186
RGI60-19.00699,0.871,0.871,0.871,0.871,0.871,0.871,0.871,0.871,0.871,0.871,0.871,0.871,0.871,0.871,0.871,0.871,0.871,0.871,0.871,0.871,0.871,0.871,0.871,0.871,0.139,0.139,0.189,0.189,0.189,0.189,0.189,0.189,0.189,0.189,0.189,0.189,0.189,0.189,0.189,0.189,0.189,0.189,0.189,0.189,0.189,0.189,0.189,0.189,0.189,0.189
RGI60-19.00700,0.871,0.871,0.871,0.871,0.871,0.871,0.871,0.871,0.871,0.871,0.871,0.871,0.871,0.871,0.871,0.871,0.871,0.871,0.871,0.871,0.871,0.871,0.871,0.871,0.138,0.138,0.188,0.188,0.188,0.188,0.188,0.188,0.188,0.188,0.188,0.188,0.188,0.188,0.188,0.188,0.188,0.188,0.188,0.188,0.188,0.188,0.188,0.188,0.188,0.188
RGI60-19.00701,0.87,0.87,0.87,0.87,0.87,0.87,0.87,0.87,0.87,0.87,0.87,0.87,0.87,0.87,0.87,0.87,0.87,0.87,0.87,0.87,0.87,0.87,0.87,0.87,0.137,0.137,0.185,0.185,0.185,0.185,0.185,0.185,0.185,0.185,0.185,0.185,0.185,0.185,0.185,0.185,0.185,0.185,0.185,0.185,0.185,0.185,0.185,0.185,0.185,0.185
RGI60-19.00702,0.87,0.87,0.87,0.87,0.87,0.87,0.87,0.87,0.87,0.87,0.87,0.87,0.87,0.87,0.87,0.87,0.87,0.87,0.87,0.87,0.87,0.87,0.87,0.87,0.136,0.136,0.185,0.185,0.185,0.185,0.185,0.185,0.185,0.185,0.185,0.185,0.185,0.185,0.185,0.185,0.185,0.185,0.185,0.185,0.185,0.185,0.185,0.185,0.185,0.185
RGI60-19.00703,0.87,0.87,0.87,0.87,0.87,0.87,0.87,0.87,0.87,0.87,0.87,0.87,0.87,0.87,0.87,0.87,0.87,0.87,0.87,0.87,0.87,0.87,0.87,0.87,0.137,0.137,0.184,0.184,0.184,0.184,0.184,0.184,0.184,0.184,0.184,0.184,0.184,0.184,0.184,0.184,0.184,0.184,0.184,0.184,0.184,0.184,0.184,0.184,0.184,0.184
RGI60-19.00704,0.882,0.882,0.882,0.882,0.882,0.882,0.882,0.882,0.882,0.882,0.882,0.882,0.882,0.882,0.882,0.882,0.882,0.882,0.882,0.882,0.882,0.882,0.882,0.882,0.176,0.176,0.235,0.235,0.235,0.235,0.235,0.235,0.235,0.235,0.235,0.235,0.235,0.235,0.235,0.235,0.235,0.235,0.235,0.235,0.235,0.235,0.235,0.235,0.235,0.235
RGI60-19.00705,0.867,0.867,0.867,0.867,0.867,0.867,0.867,0.867,0.867,0.867,0.867,0.867,0.867,0.867,0.867,0.867,0.867,0.867,0.867,0.867,0.867,0.867,0.867,0.867,0.122,0.122,0.167,0.167,0.167,0.167,0.167,0.167,0.167,0.167,0.167,0.167,0.167,0.167,0.167,0.167,0.167,0.167,0.167,0.167,0.167,0.167,0.167,0.167,0.167,0.167
RGI60-19.00706,0.875,0.875,0.875,0.875,0.875,0.875,0.875,0.875,0.875,0.875,0.875,0.875,0.875,0.875,0.875,0.875,0.875,0.875,0.875,0.875,0.875,0.875,0.875,0.875,0.153,0.153,0.207,0.207,0.207,0.207,0.207,0.207,0.207,0.207,0.207,0.207,0.207,0.207,0.207,0.207,0.207,0.207,0.207,0.207,0.207,0.207,0.207,0.207,0.207,0.207
RGI60-19.00707,0.882,0.882,0.882,0.882,0.882,0.882,0.882,0.882,0.882,0.882,0.882,0.882,0.882,0.882,0.882,0.882,0.882,0.882,0.882,0.882,0.882,0.882,0.882,0.882,0.177,0.177,0.235,0.235,0.235,0.235,0.235,0.235,0.235,0.235,0.235,0.235,0.235,0.235,0.235,0.235,0.235,0.235,0.235,0.235,0.235,0.235,0.235,0.235,0.235,0.235
RGI60-19.00708,0.9,0.9,0.9,0.9,0.9,0.9,0.9,0.9,0.9,0.9,0.9,0.9,0.9,0.9,0.9,0.9,0.9,0.9,0.9,0.9,0.9,0.9,0.9,0.9,0.248,0.248,0.294,0.294,0.294,0.294,0.294,0.294,0.294,0.294,0.294,0.294,0.294,0.294,0.294,0.294,0.294,0.294,0.294,0.294,0.294,0.294,0.294,0.294,0.294,0.294
RGI60-19.00709,0.905,0.905,0.905,0.905,0.905,0.905,0.905,0.905,0.905,0.905,0.905,0.905,0.905,0.905,0.905,0.905,0.905,0.905,0.905,0.905,0.905,0.905,0.905,0.905,0.248,0.248,0.31,0.31,0.31,0.31,0.31,0.31,0.31,0.31,0.31,0.31,0.31,0.31,0.31,0.31,0.31,0.31,0.31,0.31,0.31,0.31,0.31,0.31,0.31,0.31
RGI60-19.00710,0.905,0.905,0.905,0.905,0.905,0.905,0.905,0.905,0.905,0.905,0.905,0.905,0.905,0.905,0.905,0.905,0.905,0.905,0.905,0.905,0.905,0.905,0.905,0.905,0.248,0.248,0.31,0.31,0.31,0.31,0.31,0.31,0.31,0.31,0.31,0.31,0.31,0.31,0.31,0.31,0.31,0.31,0.31,0.31,0.31,0.31,0.31,0.31,0.31,0.31
RGI60-19.00711,0.905,0.905,0.905,0.905,0.905,0.905,0.905,0.905,0.905,0.905,0.905,0.905,0.905,0.905,0.905,0.905,0.905,0.905,0.905,0.905,0.905,0.905,0.905,0.905,0.248,0.248,0.31,0.31,0.31,0.31,0.31,0.31,0.31,0.31,0.31,0.31,0.31,0.31,0.31,0.31,0.31,0.31,0.31,0.31,0.31,0.31,0.31,0.31,0.31,0.31
RGI60-19.00712,0.905,0.905,0.905,0.905,0.905,0.905,0.905,0.905,0.905,0.905,0.905,0.905,0.905,0.905,0.905,0.905,0.905,0.905,0.905,0.905,0.905,0.905,0.905,0.905,0.248,0.248,0.31,0.31,0.31,0.31,0.31,0.31,0.31,0.31,0.31,0.31,0.31,0.31,0.31,0.31,0.31,0.31,0.31,0.31,0.31,0.31,0.31,0.31,0.31,0.31
RGI60-19.00713,0.905,0.905,0.905,0.905,0.905,0.905,0.905,0.905,0.905,0.905,0.905,0.905,0.905,0.905,0.905,0.905,0.905,0.905,0.905,0.905,0.905,0.905,0.905,0.905,0.248,0.248,0.31,0.31,0.31,0.31,0.31,0.31,0.31,0.31,0.31,0.31,0.31,0.31,0.31,0.31,0.31,0.31,0.31,0.31,0.31,0.31,0.31,0.31,0.31,0.31
RGI60-19.00714,0.905,0.905,0.905,0.905,0.905,0.905,0.905,0.905,0.905,0.905,0.905,0.905,0.905,0.905,0.905,0.905,0.905,0.905,0.905,0.905,0.905,0.905,0.905,0.905,0.248,0.248,0.309,0.309,0.309,0.309,0.309,0.309,0.309,0.309,0.309,0.309,0.309,0.309,0.309,0.309,0.309,0.309,0.309,0.309,0.309,0.309,0.309,0.309,0.309,0.309
RGI60-19.00715,0.905,0.905,0.905,0.905,0.905,0.905,0.905,0.905,0.905,0.905,0.905,0.905,0.905,0.905,0.905,0.905,0.905,0.905,0.905,0.905,0.905,0.905,0.905,0.905,0.248,0.248,0.31,0.31,0.31,0.31,0.31,0.31,0.31,0.31,0.31,0.31,0.31,0.31,0.31,0.31,0.31,0.31,0.31,0.31,0.31,0.31,0.31,0.31,0.31,0.31
RGI60-19.00716,0.905,0.905,0.905,0.905,0.905,0.905,0.905,0.905,0.905,0.905,0.905,0.905,0.905,0.905,0.905,0.905,0.905,0.905,0.905,0.905,0.905,0.905,0.905,0.905,0.248,0.248,0.31,0.31,0.31,0.31,0.31,0.31,0.31,0.31,0.31,0.31,0.31,0.31,0.31,0.31,0.31,0.31,0.31,0.31,0.31,0.31,0.31,0.31,0.31,0.31
RGI60-19.00717,0.902,0.902,0.902,0.902,0.902,0.902,0.902,0.902,0.902,0.902,0.902,0.902,0.902,0.902,0.902,0.902,0.902,0.902,0.902,0.902,0.902,0.902,0.902,0.902,0.251,0.251,0.301,0.301,0.301,0.301,0.301,0.301,0.301,0.301,0.301,0.301,0.301,0.301,0.301,0.301,0.301,0.301,0.301,0.301,0.301,0.301,0.301,0.301,0.301,0.301
RGI60-19.00718,0.904,0.904,0.904,0.904,0.904,0.904,0.904,0.904,0.904,0.904,0.904,0.904,0.904,0.904,0.904,0.904,0.904,0.904,0.904,0.904,0.904,0.904,0.904,0.904,0.251,0.251,0.306,0.306,0.306,0.306,0.306,0.306,0.306,0.306,0.306,0.306,0.306,0.306,0.306,0.306,0.306,0.306,0.306,0.306,0.306,0.306,0.306,0.306,0.306,0.306
RGI60-19.00719,0.904,0.904,0.904,0.904,0.904,0.904,0.904,0.904,0.904,0.904,0.904,0.904,0.904,0.904,0.904,0.904,0.904,0.904,0.904,0.904,0.904,0.904,0.904,0.904,0.251,0.251,0.306,0.306,0.306,0.306,0.306,0.306,0.306,0.306,0.306,0.306,0.306,0.306,0.306,0.306,0.306,0.306,0.306,0.306,0.306,0.306,0.306,0.306,0.306,0.306
RGI60-19.00720,0.905,0.905,0.905,0.905,0.905,0.905,0.905,0.905,0.905,0.905,0.905,0.905,0.905,0.905,0.905,0.905,0.905,0.905,0.905,0.905,0.905,0.905,0.905,0.905,0.254,0.254,0.31,0.31,0.31,0.31,0.31,0.31,0.31,0.31,0.31,0.31,0.31,0.31,0.31,0.31,0.31,0.31,0.31,0.31,0.31,0.31,0.31,0.31,0.31,0.31
RGI60-19.00721,0.907,0.907,0.907,0.907,0.907,0.907,0.907,0.907,0.907,0.907,0.907,0.907,0.907,0.907,0.907,0.907,0.907,0.907,0.907,0.907,0.907,0.907,0.907,0.907,0.258,0.258,0.314,0.314,0.314,0.314,0.314,0.314,0.314,0.314,0.314,0.314,0.314,0.314,0.314,0.314,0.314,0.314,0.314,0.314,0.314,0.314,0.314,0.314,0.314,0.314
RGI60-19.00722,0.945,0.945,0.945,0.945,0.945,0.945,0.945,0.945,0.945,0.945,0.945,0.945,0.945,0.945,0.945,0.945,0.945,0.945,0.945,0.945,0.945,0.945,0.945,0.945,0.315,0.315,0.409,0.409,0.409,0.409,0.409,0.409,0.409,0.409,0.409,0.409,0.409,0.409,0.409,0.409,0.409,0.409,0.409,0.409,0.409,0.409,0.409,0.409,0.409,0.409
RGI60-19.00723,0.908,0.908,0.908,0.908,0.908,0.908,0.908,0.908,0.908,0.908,0.908,0.908,0.908,0.908,0.908,0.908,0.908,0.908,0.908,0.908,0.908,0.908,0.908,0.908,0.261,0.261,0.317,0.317,0.317,0.317,0.317,0.317,0.317,0.317,0.317,0.317,0.317,0.317,0.317,0.317,0.317,0.317,0.317,0.317,0.317,0.317,0.317,0.317,0.317,0.317
RGI60-19.00724,0.945,0.945,0.945,0.945,0.945,0.945,0.945,0.945,0.945,0.945,0.945,0.945,0.945,0.945,0.945,0.945,0.945,0.945,0.945,0.945,0.945,0.945,0.945,0.945,0.315,0.315,0.409,0.409,0.409,0.409,0.409,0.409,0.409,0.409,0.409,0.409,0.409,0.409,0.409,0.409,0.409,0.409,0.409,0.409,0.409,0.409,0.409,0.409,0.409,0.409
RGI60-19.00725,0.909,0.909,0.909,0.909,0.909,0.909,0.909,0.909,0.909,0.909,0.909,0.909,0.909,0.909,0.909,0.909,0.909,0.909,0.909,0.909,0.909,0.909,0.909,0.909,0.26,0.26,0.32,0.32,0.32,0.32,0.32,0.32,0.32,0.32,0.32,0.32,0.32,0.32,0.32,0.32,0.32,0.32,0.32,0.32,0.32,0.32,0.32,0.32,0.32,0.32
RGI60-19.00726,0.945,0.945,0.945,0.945,0.945,0.945,0.945,0.945,0.945,0.945,0.945,0.945,0.945,0.945,0.945,0.945,0.945,0.945,0.945,0.945,0.945,0.945,0.945,0.945,0.315,0.315,0.409,0.409,0.409,0.409,0.409,0.409,0.409,0.409,0.409,0.409,0.409,0.409,0.409,0.409,0.409,0.409,0.409,0.409,0.409,0.409,0.409,0.409,0.409,0.409
RGI60-19.00727,0.945,0.945,0.945,0.945,0.945,0.945,0.945,0.945,0.945,0.945,0.945,0.945,0.945,0.945,0.945,0.945,0.945,0.945,0.945,0.945,0.945,0.945,0.945,0.945,0.315,0.315,0.409,0.409,0.409,0.409,0.409,0.409,0.409,0.409,0.409,0.409,0.409,0.409,0.409,0.409,0.409,0.409,0.409,0.409,0.409,0.409,0.409,0.409,0.409,0.409
RGI60-19.00728,0.945,0.945,0.945,0.945,0.945,0.945,0.945,0.945,0.945,0.945,0.945,0.945,0.945,0.945,0.945,0.945,0.945,0.945,0.945,0.945,0.945,0.945,0.945,0.945,0.315,0.315,0.409,0.409,0.409,0.409,0.409,0.409,0.409,0.409,0.409,0.409,0.409,0.409,0.409,0.409,0.409,0.409,0.409,0.409,0.409,0.409,0.409,0.409,0.409,0.409
RGI60-19.00729,0.911,0.911,0.911,0.911,0.911,0.911,0.911,0.911,0.911,0.911,0.911,0.911,0.911,0.911,0.911,0.911,0.911,0.911,0.911,0.911,0.911,0.911,0.911,0.911,0.264,0.264,0.325,0.325,0.325,0.325,0.325,0.325,0.325,0.325,0.325,0.325,0.325,0.325,0.325,0.325,0.325,0.325,0.325,0.325,0.325,0.325,0.325,0.325,0.325,0.325
RGI60-19.00730,0.912,0.912,0.912,0.912,0.912,0.912,0.912,0.912,0.912,0.912,0.912,0.912,0.912,0.912,0.912,0.912,0.912,0.912,0.912,0.912,0.912,0.912,0.912,0.912,0.266,0.266,0.33,0.33,0.33,0.33,0.33,0.33,0.33,0.33,0.33,0.33,0.33,0.33,0.33,0.33,0.33,0.33,0.33,0.33,0.33,0.33,0.33,0.33,0.33,0.33
RGI60-19.00731,0.976,0.976,0.976,0.976,0.976,0.976,0.976,0.976,0.976,0.976,0.976,0.976,0.976,0.976,0.976,0.976,0.976,0.976,0.976,0.976,0.976,0.976,0.976,0.976,0.36,0.36,0.478,0.478,0.478,0.478,0.478,0.478,0.478,0.478,0.478,0.478,0.478,0.478,0.478,0.478,0.478,0.478,0.478,0.478,0.478,0.478,0.478,0.478,0.478,0.478
RGI60-19.00732,0.923,0.923,0.923,0.923,0.923,0.923,0.923,0.923,0.923,0.923,0.923,0.923,0.923,0.923,0.923,0.923,0.923,0.923,0.923,0.923,0.923,0.923,0.923,0.923,0.28,0.28,0.359,0.359,0.359,0.359,0.359,0.359,0.359,0.359,0.359,0.359,0.359,0.359,0.359,0.359,0.359,0.359,0.359,0.359,0.359,0.359,0.359,0.359,0.359,0.359
RGI60-19.00733,0.915,0.915,0.915,0.915,0.915,0.915,0.915,0.915,0.915,0.915,0.915,0.915,0.915,0.915,0.915,0.915,0.915,0.915,0.915,0.915,0.915,0.915,0.915,0.915,0.271,0.271,0.339,0.339,0.339,0.339,0.339,0.339,0.339,0.339,0.339,0.339,0.339,0.339,0.339,0.339,0.339,0.339,0.339,0.339,0.339,0.339,0.339,0.339,0.339,0.339
RGI60-19.00734,0.915,0.915,0.915,0.915,0.915,0.915,0.915,0.915,0.915,0.915,0.915,0.915,0.915,0.915,0.915,0.915,0.915,0.915,0.915,0.915,0.915,0.915,0.915,0.915,0.271,0.271,0.338,0.338,0.338,0.338,0.338,0.338,0.338,0.338,0.338,0.338,0.338,0.338,0.338,0.338,0.338,0.338,0.338,0.338,0.338,0.338,0.338,0.338,0.338,0.338
RGI60-19.00735,0.976,0.976,0.976,0.976,0.976,0.976,0.976,0.976,0.976,0.976,0.976,0.976,0.976,0.976,0.976,0.976,0.976,0.976,0.976,0.976,0.976,0.976,0.976,0.976,0.361,0.361,0.478,0.478,0.478,0.478,0.478,0.478,0.478,0.478,0.478,0.478,0.478,0.478,0.478,0.478,0.478,0.478,0.478,0.478,0.478,0.478,0.478,0.478,0.478,0.478
RGI60-19.00736,0.916,0.916,0.916,0.916,0.916,0.916,0.916,0.916,0.916,0.916,0.916,0.916,0.916,0.916,0.916,0.916,0.916,0.916,0.916,0.916,0.916,0.916,0.916,0.916,0.272,0.272,0.341,0.341,0.341,0.341,0.341,0.341,0.341,0.341,0.341,0.341,0.341,0.341,0.341,0.341,0.341,0.341,0.341,0.341,0.341,0.341,0.341,0.341,0.341,0.341
RGI60-19.00737,0.926,0.926,0.926,0.926,0.926,0.926,0.926,0.926,0.926,0.926,0.926,0.926,0.926,0.926,0.926,0.926,0.926,0.926,0.926,0.926,0.926,0.926,0.926,0.926,0.285,0.285,0.366,0.366,0.366,0.366,0.366,0.366,0.366,0.366,0.366,0.366,0.366,0.366,0.366,0.366,0.366,0.366,0.366,0.366,0.366,0.366,0.366,0.366,0.366,0.366
RGI60-19.00738,0.927,0.927,0.927,0.927,0.927,0.927,0.927,0.927,0.927,0.927,0.927,0.927,0.927,0.927,0.927,0.927,0.927,0.927,0.927,0.927,0.927,0.927,0.927,0.927,0.288,0.288,0.37,0.37,0.37,0.37,0.37,0.37,0.37,0.37,0.37,0.37,0.37,0.37,0.37,0.37,0.37,0.37,0.37,0.37,0.37,0.37,0.37,0.37,0.37,0.37
RGI60-19.00739,0.931,0.931,0.931,0.931,0.931,0.931,0.931,0.931,0.931,0.931,0.931,0.931,0.931,0.931,0.931,0.931,0.931,0.931,0.931,0.931,0.931,0.931,0.931,0.931,0.293,0.293,0.379,0.379,0.379,0.379,0.379,0.379,0.379,0.379,0.379,0.379,0.379,0.379,0.379,0.379,0.379,0.379,0.379,0.379,0.379,0.379,0.379,0.379,0.379,0.379
RGI60-19.00740,0.921,0.921,0.921,0.921,0.921,0.921,0.921,0.921,0.921,0.921,0.921,0.921,0.921,0.921,0.921,0.921,0.921,0.921,0.921,0.921,0.921,0.921,0.921,0.921,0.28,0.28,0.353,0.353,0.353,0.353,0.353,0.353,0.353,0.353,0.353,0.353,0.353,0.353,0.353,0.353,0.353,0.353,0.353,0.353,0.353,0.353,0.353,0.353,0.353,0.353
RGI60-19.00741,0.924,0.924,0.924,0.924,0.924,0.924,0.924,0.924,0.924,0.924,0.924,0.924,0.924,0.924,0.924,0.924,0.924,0.924,0.924,0.924,0.924,0.924,0.924,0.924,0.284,0.284,0.362,0.362,0.362,0.362,0.362,0.362,0.362,0.362,0.362,0.362,0.362,0.362,0.362,0.362,0.362,0.362,0.362,0.362,0.362,0.362,0.362,0.362,0.362,0.362
RGI60-19.00742,0.927,0.927,0.927,0.927,0.927,0.927,0.927,0.927,0.927,0.927,0.927,0.927,0.927,0.927,0.927,0.927,0.927,0.927,0.927,0.927,0.927,0.927,0.927,0.927,0.288,0.288,0.368,0.368,0.368,0.368,0.368,0.368,0.368,0.368,0.368,0.368,0.368,0.368,0.368,0.368,0.368,0.368,0.368,0.368,0.368,0.368,0.368,0.368,0.368,0.368
RGI60-19.00743,0.945,0.945,0.945,0.945,0.945,0.945,0.945,0.945,0.945,0.945,0.945,0.945,0.945,0.945,0.945,0.945,0.945,0.945,0.945,0.945,0.945,0.945,0.945,0.945,0.315,0.315,0.409,0.409,0.409,0.409,0.409,0.409,0.409,0.409,0.409,0.409,0.409,0.409,0.409,0.409,0.409,0.409,0.409,0.409,0.409,0.409,0.409,0.409,0.409,0.409
RGI60-19.00744,0.933,0.933,0.933,0.933,0.933,0.933,0.933,0.933,0.933,0.933,0.933,0.933,0.933,0.933,0.933,0.933,0.933,0.933,0.933,0.933,0.933,0.933,0.933,0.933,0.299,0.299,0.384,0.384,0.384,0.384,0.384,0.384,0.384,0.384,0.384,0.384,0.384,0.384,0.384,0.384,0.384,0.384,0.384,0.384,0.384,0.384,0.384,0.384,0.384,0.384
RGI60-19.00745,0.976,0.976,0.976,0.976,0.976,0.976,0.976,0.976,0.976,0.976,0.976,0.976,0.976,0.976,0.976,0.976,0.976,0.976,0.976,0.976,0.976,0.976,0.976,0.976,0.36,0.36,0.478,0.478,0.478,0.478,0.478,0.478,0.478,0.478,0.478,0.478,0.478,0.478,0.478,0.478,0.478,0.478,0.478,0.478,0.478,0.478,0.478,0.478,0.478,0.478
RGI60-19.00746,0.937,0.937,0.937,0.937,0.937,0.937,0.937,0.937,0.937,0.937,0.937,0.937,0.937,0.937,0.937,0.937,0.937,0.937,0.937,0.937,0.937,0.937,0.937,0.937,0.306,0.306,0.394,0.394,0.394,0.394,0.394,0.394,0.394,0.394,0.394,0.394,0.394,0.394,0.394,0.394,0.394,0.394,0.394,0.394,0.394,0.394,0.394,0.394,0.394,0.394
RGI60-19.00747,0.936,0.936,0.936,0.936,0.936,0.936,0.936,0.936,0.936,0.936,0.936,0.936,0.936,0.936,0.936,0.936,0.936,0.936,0.936,0.936,0.936,0.936,0.936,0.936,0.303,0.303,0.39,0.39,0.39,0.39,0.39,0.39,0.39,0.39,0.39,0.39,0.39,0.39,0.39,0.39,0.39,0.39,0.39,0.39,0.39,0.39,0.39,0.39,0.39,0.39
RGI60-19.00748,0.936,0.936,0.936,0.936,0.936,0.936,0.936,0.936,0.936,0.936,0.936,0.936,0.936,0.936,0.936,0.936,0.936,0.936,0.936,0.936,0.936,0.936,0.936,0.936,0.303,0.303,0.39,0.39,0.39,0.39,0.39,0.39,0.39,0.39,0.39,0.39,0.39,0.39,0.39,0.39,0.39,0.39,0.39,0.39,0.39,0.39,0.39,0.39,0.39,0.39
RGI60-19.00749,0.936,0.936,0.936,0.936,0.936,0.936,0.936,0.936,0.936,0.936,0.936,0.936,0.936,0.936,0.936,0.936,0.936,0.936,0.936,0.936,0.936,0.936,0.936,0.936,0.303,0.303,0.39,0.39,0.39,0.39,0.39,0.39,0.39,0.39,0.39,0.39,0.39,0.39,0.39,0.39,0.39,0.39,0.39,0.39,0.39,0.39,0.39,0.39,0.39,0.39
RGI60-19.00750,0.976,0.976,0.976,0.976,0.976,0.976,0.976,0.976,0.976,0.976,0.976,0.976,0.976,0.976,0.976,0.976,0.976,0.976,0.976,0.976,0.976,0.976,0.976,0.976,0.361,0.361,0.478,0.478,0.478,0.478,0.478,0.478,0.478,0.478,0.478,0.478,0.478,0.478,0.478,0.478,0.478,0.478,0.478,0.478,0.478,0.478,0.478,0.478,0.478,0.478
RGI60-19.00751,0.976,0.976,0.976,0.976,0.976,0.976,0.976,0.976,0.976,0.976,0.976,0.976,0.976,0.976,0.976,0.976,0.976,0.976,0.976,0.976,0.976,0.976,0.976,0.976,0.361,0.361,0.478,0.478,0.478,0.478,0.478,0.478,0.478,0.478,0.478,0.478,0.478,0.478,0.478,0.478,0.478,0.478,0.478,0.478,0.478,0.478,0.478,0.478,0.478,0.478
RGI60-19.00752,0.945,0.945,0.945,0.945,0.945,0.945,0.945,0.945,0.945,0.945,0.945,0.945,0.945,0.945,0.945,0.945,0.945,0.945,0.945,0.945,0.945,0.945,0.945,0.945,0.315,0.315,0.409,0.409,0.409,0.409,0.409,0.409,0.409,0.409,0.409,0.409,0.409,0.409,0.409,0.409,0.409,0.409,0.409,0.409,0.409,0.409,0.409,0.409,0.409,0.409
RGI60-19.00753,0.976,0.976,0.976,0.976,0.976,0.976,0.976,0.976,0.976,0.976,0.976,0.976,0.976,0.976,0.976,0.976,0.976,0.976,0.976,0.976,0.976,0.976,0.976,0.976,0.361,0.361,0.478,0.478,0.478,0.478,0.478,0.478,0.478,0.478,0.478,0.478,0.478,0.478,0.478,0.478,0.478,0.478,0.478,0.478,0.478,0.478,0.478,0.478,0.478,0.478
RGI60-19.00754,0.945,0.945,0.945,0.945,0.945,0.945,0.945,0.945,0.945,0.945,0.945,0.945,0.945,0.945,0.945,0.945,0.945,0.945,0.945,0.945,0.945,0.945,0.945,0.945,0.315,0.315,0.409,0.409,0.409,0.409,0.409,0.409,0.409,0.409,0.409,0.409,0.409,0.409,0.409,0.409,0.409,0.409,0.409,0.409,0.409,0.409,0.409,0.409,0.409,0.409
RGI60-19.00755,0.945,0.945,0.945,0.945,0.945,0.945,0.945,0.945,0.945,0.945,0.945,0.945,0.945,0.945,0.945,0.945,0.945,0.945,0.945,0.945,0.945,0.945,0.945,0.945,0.315,0.315,0.409,0.409,0.409,0.409,0.409,0.409,0.409,0.409,0.409,0.409,0.409,0.409,0.409,0.409,0.409,0.409,0.409,0.409,0.409,0.409,0.409,0.409,0.409,0.409
RGI60-19.00756,0.976,0.976,0.976,0.976,0.976,0.976,0.976,0.976,0.976,0.976,0.976,0.976,0.976,0.976,0.976,0.976,0.976,0.976,0.976,0.976,0.976,0.976,0.976,0.976,0.361,0.361,0.478,0.478,0.478,0.478,0.478,0.478,0.478,0.478,0.478,0.478,0.478,0.478,0.478,0.478,0.478,0.478,0.478,0.478,0.478,0.478,0.478,0.478,0.478,0.478
RGI60-19.00757,0.976,0.976,0.976,0.976,0.976,0.976,0.976,0.976,0.976,0.976,0.976,0.976,0.976,0.976,0.976,0.976,0.976,0.976,0.976,0.976,0.976,0.976,0.976,0.976,0.361,0.361,0.478,0.478,0.478,0.478,0.478,0.478,0.478,0.478,0.478,0.478,0.478,0.478,0.478,0.478,0.478,0.478,0.478,0.478,0.478,0.478,0.478,0.478,0.478,0.478
RGI60-19.00758,0.976,0.976,0.976,0.976,0.976,0.976,0.976,0.976,0.976,0.976,0.976,0.976,0.976,0.976,0.976,0.976,0.976,0.976,0.976,0.976,0.976,0.976,0.976,0.976,0.361,0.361,0.478,0.478,0.478,0.478,0.478,0.478,0.478,0.478,0.478,0.478,0.478,0.478,0.478,0.478,0.478,0.478,0.478,0.478,0.478,0.478,0.478,0.478,0.478,0.478
RGI60-19.00759,0.976,0.976,0.976,0.976,0.976,0.976,0.976,0.976,0.976,0.976,0.976,0.976,0.976,0.976,0.976,0.976,0.976,0.976,0.976,0.976,0.976,0.976,0.976,0.976,0.361,0.361,0.478,0.478,0.478,0.478,0.478,0.478,0.478,0.478,0.478,0.478,0.478,0.478,0.478,0.478,0.478,0.478,0.478,0.478,0.478,0.478,0.478,0.478,0.478,0.478
RGI60-19.00760,0.976,0.976,0.976,0.976,0.976,0.976,0.976,0.976,0.976,0.976,0.976,0.976,0.976,0.976,0.976,0.976,0.976,0.976,0.976,0.976,0.976,0.976,0.976,0.976,0.361,0.361,0.478,0.478,0.478,0.478,0.478,0.478,0.478,0.478,0.478,0.478,0.478,0.478,0.478,0.478,0.478,0.478,0.478,0.478,0.478,0.478,0.478,0.478,0.478,0.478
RGI60-19.00761,0.976,0.976,0.976,0.976,0.976,0.976,0.976,0.976,0.976,0.976,0.976,0.976,0.976,0.976,0.976,0.976,0.976,0.976,0.976,0.976,0.976,0.976,0.976,0.976,0.361,0.361,0.478,0.478,0.478,0.478,0.478,0.478,0.478,0.478,0.478,0.478,0.478,0.478,0.478,0.478,0.478,0.478,0.478,0.478,0.478,0.478,0.478,0.478,0.478,0.478
RGI60-19.00762,0.942,0.942,0.942,0.942,0.942,0.942,0.942,0.942,0.942,0.942,0.942,0.942,0.942,0.942,0.942,0.942,0.942,0.942,0.942,0.942,0.942,0.942,0.942,0.942,0.311,0.311,0.404,0.404,0.404,0.404,0.404,0.404,0.404,0.404,0.404,0.404,0.404,0.404,0.404,0.404,0.404,0.404,0.404,0.404,0.404,0.404,0.404,0.404,0.404,0.404
RGI60-19.00763,0.976,0.976,0.976,0.976,0.976,0.976,0.976,0.976,0.976,0.976,0.976,0.976,0.976,0.976,0.976,0.976,0.976,0.976,0.976,0.976,0.976,0.976,0.976,0.976,0.361,0.361,0.479,0.479,0.479,0.479,0.479,0.479,0.479,0.479,0.479,0.479,0.479,0.479,0.479,0.479,0.479,0.479,0.479,0.479,0.479,0.479,0.479,0.479,0.479,0.479
RGI60-19.00764,0.945,0.945,0.945,0.945,0.945,0.945,0.945,0.945,0.945,0.945,0.945,0.945,0.945,0.945,0.945,0.945,0.945,0.945,0.945,0.945,0.945,0.945,0.945,0.945,0.315,0.315,0.409,0.409,0.409,0.409,0.409,0.409,0.409,0.409,0.409,0.409,0.409,0.409,0.409,0.409,0.409,0.409,0.409,0.409,0.409,0.409,0.409,0.409,0.409,0.409
RGI60-19.00765,0.976,0.976,0.976,0.976,0.976,0.976,0.976,0.976,0.976,0.976,0.976,0.976,0.976,0.976,0.976,0.976,0.976,0.976,0.976,0.976,0.976,0.976,0.976,0.976,0.361,0.361,0.479,0.479,0.479,0.479,0.479,0.479,0.479,0.479,0.479,0.479,0.479,0.479,0.479,0.479,0.479,0.479,0.479,0.479,0.479,0.479,0.479,0.479,0.479,0.479
RGI60-19.00766,0.943,0.943,0.943,0.943,0.943,0.943,0.943,0.943,0.943,0.943,0.943,0.943,0.943,0.943,0.943,0.943,0.943,0.943,0.943,0.943,0.943,0.943,0.943,0.943,0.314,0.314,0.407,0.407,0.407,0.407,0.407,0.407,0.407,0.407,0.407,0.407,0.407,0.407,0.407,0.407,0.407,0.407,0.407,0.407,0.407,0.407,0.407,0.407,0.407,0.407
RGI60-19.00767,0.952,0.952,0.952,0.952,0.952,0.952,0.952,0.952,0.952,0.952,0.952,0.952,0.952,0.952,0.952,0.952,0.952,0.952,0.952,0.952,0.952,0.952,0.952,0.952,0.328,0.328,0.428,0.428,0.428,0.428,0.428,0.428,0.428,0.428,0.428,0.428,0.428,0.428,0.428,0.428,0.428,0.428,0.428,0.428,0.428,0.428,0.428,0.428,0.428,0.428
RGI60-19.00768,0.955,0.955,0.955,0.955,0.955,0.955,0.955,0.955,0.955,0.955,0.955,0.955,0.955,0.955,0.955,0.955,0.955,0.955,0.955,0.955,0.955,0.955,0.955,0.955,0.332,0.332,0.434,0.434,0.434,0.434,0.434,0.434,0.434,0.434,0.434,0.434,0.434,0.434,0.434,0.434,0.434,0.434,0.434,0.434,0.434,0.434,0.434,0.434,0.434,0.434
RGI60-19.00769,0.957,0.957,0.957,0.957,0.957,0.957,0.957,0.957,0.957,0.957,0.957,0.957,0.957,0.957,0.957,0.957,0.957,0.957,0.957,0.957,0.957,0.957,0.957,0.957,0.335,0.335,0.438,0.438,0.438,0.438,0.438,0.438,0.438,0.438,0.438,0.438,0.438,0.438,0.438,0.438,0.438,0.438,0.438,0.438,0.438,0.438,0.438,0.438,0.438,0.438
RGI60-19.00770,0.957,0.957,0.957,0.957,0.957,0.957,0.957,0.957,0.957,0.957,0.957,0.957,0.957,0.957,0.957,0.957,0.957,0.957,0.957,0.957,0.957,0.957,0.957,0.957,0.335,0.335,0.439,0.439,0.439,0.439,0.439,0.439,0.439,0.439,0.439,0.439,0.439,0.439,0.439,0.439,0.439,0.439,0.439,0.439,0.439,0.439,0.439,0.439,0.439,0.439
RGI60-19.00771,0.957,0.957,0.957,0.957,0.957,0.957,0.957,0.957,0.957,0.957,0.957,0.957,0.957,0.957,0.957,0.957,0.957,0.957,0.957,0.957,0.957,0.957,0.957,0.957,0.335,0.335,0.439,0.439,0.439,0.439,0.439,0.439,0.439,0.439,0.439,0.439,0.439,0.439,0.439,0.439,0.439,0.439,0.439,0.439,0.439,0.439,0.439,0.439,0.439,0.439
RGI60-19.00772,0.977,0.977,0.977,0.977,0.977,0.977,0.977,0.977,0.977,0.977,0.977,0.977,0.977,0.977,0.977,0.977,0.977,0.977,0.977,0.977,0.977,0.977,0.977,0.977,0.363,0.363,0.481,0.481,0.481,0.481,0.481,0.481,0.481,0.481,0.481,0.481,0.481,0.481,0.481,0.481,0.481,0.481,0.481,0.481,0.481,0.481,0.481,0.481,0.481,0.481
RGI60-19.00773,0.961,0.961,0.961,0.961,0.961,0.961,0.961,0.961,0.961,0.961,0.961,0.961,0.961,0.961,0.961,0.961,0.961,0.961,0.961,0.961,0.961,0.961,0.961,0.961,0.341,0.341,0.448,0.448,0.448,0.448,0.448,0.448,0.448,0.448,0.448,0.448,0.448,0.448,0.448,0.448,0.448,0.448,0.448,0.448,0.448,0.448,0.448,0.448,0.448,0.448
RGI60-19.00774,0.962,0.962,0.962,0.962,0.962,0.962,0.962,0.962,0.962,0.962,0.962,0.962,0.962,0.962,0.962,0.962,0.962,0.962,0.962,0.962,0.962,0.962,0.962,0.962,0.342,0.342,0.45,0.45,0.45,0.45,0.45,0.45,0.45,0.45,0.45,0.45,0.45,0.45,0.45,0.45,0.45,0.45,0.45,0.45,0.45,0.45,0.45,0.45,0.45,0.45
RGI60-19.00775,0.969,0.969,0.969,0.969,0.969,0.969,0.969,0.969,0.969,0.969,0.969,0.969,0.969,0.969,0.969,0.969,0.969,0.969,0.969,0.969,0.969,0.969,0.969,0.969,0.351,0.351,0.464,0.464,0.464,0.464,0.464,0.464,0.464,0.464,0.464,0.464,0.464,0.464,0.464,0.464,0.464,0.464,0.464,0.464,0.464,0.464,0.464,0.464,0.464,0.464
RGI60-19.00776,0.969,0.969,0.969,0.969,0.969,0.969,0.969,0.969,0.969,0.969,0.969,0.969,0.969,0.969,0.969,0.969,0.969,0.969,0.969,0.969,0.969,0.969,0.969,0.969,0.351,0.351,0.464,0.464,0.464,0.464,0.464,0.464,0.464,0.464,0.464,0.464,0.464,0.464,0.464,0.464,0.464,0.464,0.464,0.464,0.464,0.464,0.464,0.464,0.464,0.464
RGI60-19.00777,0.969,0.969,0.969,0.969,0.969,0.969,0.969,0.969,0.969,0.969,0.969,0.969,0.969,0.969,0.969,0.969,0.969,0.969,0.969,0.969,0.969,0.969,0.969,0.969,0.352,0.352,0.465,0.465,0.465,0.465,0.465,0.465,0.465,0.465,0.465,0.465,0.465,0.465,0.465,0.465,0.465,0.465,0.465,0.465,0.465,0.465,0.465,0.465,0.465,0.465
RGI60-19.00778,0.969,0.969,0.969,0.969,0.969,0.969,0.969,0.969,0.969,0.969,0.969,0.969,0.969,0.969,0.969,0.969,0.969,0.969,0.969,0.969,0.969,0.969,0.969,0.969,0.352,0.352,0.464,0.464,0.464,0.464,0.464,0.464,0.464,0.464,0.464,0.464,0.464,0.464,0.464,0.464,0.464,0.464,0.464,0.464,0.464,0.464,0.464,0.464,0.464,0.464
RGI60-19.00779,0.969,0.969,0.969,0.969,0.969,0.969,0.969,0.969,0.969,0.969,0.969,0.969,0.969,0.969,0.969,0.969,0.969,0.969,0.969,0.969,0.969,0.969,0.969,0.969,0.352,0.352,0.464,0.464,0.464,0.464,0.464,0.464,0.464,0.464,0.464,0.464,0.464,0.464,0.464,0.464,0.464,0.464,0.464,0.464,0.464,0.464,0.464,0.464,0.464,0.464
RGI60-19.00780,0.974,0.974,0.974,0.974,0.974,0.974,0.974,0.974,0.974,0.974,0.974,0.974,0.974,0.974,0.974,0.974,0.974,0.974,0.974,0.974,0.974,0.974,0.974,0.974,0.358,0.358,0.474,0.474,0.474,0.474,0.474,0.474,0.474,0.474,0.474,0.474,0.474,0.474,0.474,0.474,0.474,0.474,0.474,0.474,0.474,0.474,0.474,0.474,0.474,0.474
RGI60-19.00781,0.974,0.974,0.974,0.974,0.974,0.974,0.974,0.974,0.974,0.974,0.974,0.974,0.974,0.974,0.974,0.974,0.974,0.974,0.974,0.974,0.974,0.974,0.974,0.974,0.358,0.358,0.475,0.475,0.475,0.475,0.475,0.475,0.475,0.475,0.475,0.475,0.475,0.475,0.475,0.475,0.475,0.475,0.475,0.475,0.475,0.475,0.475,0.475,0.475,0.475
RGI60-19.00782,0.977,0.977,0.977,0.977,0.977,0.977,0.977,0.977,0.977,0.977,0.977,0.977,0.977,0.977,0.977,0.977,0.977,0.977,0.977,0.977,0.977,0.977,0.977,0.977,0.363,0.363,0.481,0.481,0.481,0.481,0.481,0.481,0.481,0.481,0.481,0.481,0.481,0.481,0.481,0.481,0.481,0.481,0.481,0.481,0.481,0.481,0.481,0.481,0.481,0.481
RGI60-19.00783,0.976,0.976,0.976,0.976,0.976,0.976,0.976,0.976,0.976,0.976,0.976,0.976,0.976,0.976,0.976,0.976,0.976,0.976,0.976,0.976,0.976,0.976,0.976,0.976,0.362,0.362,0.479,0.479,0.479,0.479,0.479,0.479,0.479,0.479,0.479,0.479,0.479,0.479,0.479,0.479,0.479,0.479,0.479,0.479,0.479,0.479,0.479,0.479,0.479,0.479
RGI60-19.00784,0.977,0.977,0.977,0.977,0.977,0.977,0.977,0.977,0.977,0.977,0.977,0.977,0.977,0.977,0.977,0.977,0.977,0.977,0.977,0.977,0.977,0.977,0.977,0.977,0.362,0.362,0.48,0.48,0.48,0.48,0.48,0.48,0.48,0.48,0.48,0.48,0.48,0.48,0.48,0.48,0.48,0.48,0.48,0.48,0.48,0.48,0.48,0.48,0.48,0.48
RGI60-19.00785,0.964,0.964,0.964,0.964,0.964,0.964,0.964,0.964,0.964,0.964,0.964,0.964,0.964,0.964,0.964,0.964,0.964,0.964,0.964,0.964,0.964,0.964,0.964,0.964,0.343,0.343,0.453,0.453,0.453,0.453,0.453,0.453,0.453,0.453,0.453,0.453,0.453,0.453,0.453,0.453,0.453,0.453,0.453,0.453,0.453,0.453,0.453,0.453,0.453,0.453
RGI60-19.00786,0.963,0.963,0.963,0.963,0.963,0.963,0.963,0.963,0.963,0.963,0.963,0.963,0.963,0.963,0.963,0.963,0.963,0.963,0.963,0.963,0.963,0.963,0.963,0.963,0.341,0.341,0.451,0.451,0.451,0.451,0.451,0.451,0.451,0.451,0.451,0.451,0.451,0.451,0.451,0.451,0.451,0.451,0.451,0.451,0.451,0.451,0.451,0.451,0.451,0.451
RGI60-19.00787,0.966,0.966,0.966,0.966,0.966,0.966,0.966,0.966,0.966,0.966,0.966,0.966,0.966,0.966,0.966,0.966,0.966,0.966,0.966,0.966,0.966,0.966,0.966,0.966,0.346,0.346,0.457,0.457,0.457,0.457,0.457,0.457,0.457,0.457,0.457,0.457,0.457,0.457,0.457,0.457,0.457,0.457,0.457,0.457,0.457,0.457,0.457,0.457,0.457,0.457
RGI60-19.00788,0.962,0.962,0.962,0.962,0.962,0.962,0.962,0.962,0.962,0.962,0.962,0.962,0.962,0.962,0.962,0.962,0.962,0.962,0.962,0.962,0.962,0.962,0.962,0.962,0.341,0.341,0.451,0.451,0.451,0.451,0.451,0.451,0.451,0.451,0.451,0.451,0.451,0.451,0.451,0.451,0.451,0.451,0.451,0.451,0.451,0.451,0.451,0.451,0.451,0.451
RGI60-19.00789,0.965,0.965,0.965,0.965,0.965,0.965,0.965,0.965,0.965,0.965,0.965,0.965,0.965,0.965,0.965,0.965,0.965,0.965,0.965,0.965,0.965,0.965,0.965,0.965,0.345,0.345,0.456,0.456,0.456,0.456,0.456,0.456,0.456,0.456,0.456,0.456,0.456,0.456,0.456,0.456,0.456,0.456,0.456,0.456,0.456,0.456,0.456,0.456,0.456,0.456
RGI60-19.00790,0.965,0.965,0.965,0.965,0.965,0.965,0.965,0.965,0.965,0.965,0.965,0.965,0.965,0.965,0.965,0.965,0.965,0.965,0.965,0.965,0.965,0.965,0.965,0.965,0.345,0.345,0.457,0.457,0.457,0.457,0.457,0.457,0.457,0.457,0.457,0.457,0.457,0.457,0.457,0.457,0.457,0.457,0.457,0.457,0.457,0.457,0.457,0.457,0.457,0.457
RGI60-19.00791,0.962,0.962,0.962,0.962,0.962,0.962,0.962,0.962,0.962,0.962,0.962,0.962,0.962,0.962,0.962,0.962,0.962,0.962,0.962,0.962,0.962,0.962,0.962,0.962,0.34,0.34,0.45,0.45,0.45,0.45,0.45,0.45,0.45,0.45,0.45,0.45,0.45,0.45,0.45,0.45,0.45,0.45,0.45,0.45,0.45,0.45,0.45,0.45,0.45,0.45
RGI60-19.00792,0.967,0.967,0.967,0.967,0.967,0.967,0.967,0.967,0.967,0.967,0.967,0.967,0.967,0.967,0.967,0.967,0.967,0.967,0.967,0.967,0.967,0.967,0.967,0.967,0.348,0.348,0.46,0.46,0.46,0.46,0.46,0.46,0.46,0.46,0.46,0.46,0.46,0.46,0.46,0.46,0.46,0.46,0.46,0.46,0.46,0.46,0.46,0.46,0.46,0.46
RGI60-19.00793,0.964,0.964,0.964,0.964,0.964,0.964,0.964,0.964,0.964,0.964,0.964,0.964,0.964,0.964,0.964,0.964,0.964,0.964,0.964,0.964,0.964,0.964,0.964,0.964,0.344,0.344,0.455,0.455,0.455,0.455,0.455,0.455,0.455,0.455,0.455,0.455,0.455,0.455,0.455,0.455,0.455,0.455,0.455,0.455,0.455,0.455,0.455,0.455,0.455,0.455
RGI60-19.00794,0.961,0.961,0.961,0.961,0.961,0.961,0.961,0.961,0.961,0.961,0.961,0.961,0.961,0.961,0.961,0.961,0.961,0.961,0.961,0.961,0.961,0.961,0.961,0.961,0.338,0.338,0.447,0.447,0.447,0.447,0.447,0.447,0.447,0.447,0.447,0.447,0.447,0.447,0.447,0.447,0.447,0.447,0.447,0.447,0.447,0.447,0.447,0.447,0.447,0.447
RGI60-19.00795,0.964,0.964,0.964,0.964,0.964,0.964,0.964,0.964,0.964,0.964,0.964,0.964,0.964,0.964,0.964,0.964,0.964,0.964,0.964,0.964,0.964,0.964,0.964,0.964,0.343,0.343,0.454,0.454,0.454,0.454,0.454,0.454,0.454,0.454,0.454,0.454,0.454,0.454,0.454,0.454,0.454,0.454,0.454,0.454,0.454,0.454,0.454,0.454,0.454,0.454
RGI60-19.00796,0.96,0.96,0.96,0.96,0.96,0.96,0.96,0.96,0.96,0.96,0.96,0.96,0.96,0.96,0.96,0.96,0.96,0.96,0.96,0.96,0.96,0.96,0.96,0.96,0.337,0.337,0.445,0.445,0.445,0.445,0.445,0.445,0.445,0.445,0.445,0.445,0.445,0.445,0.445,0.445,0.445,0.445,0.445,0.445,0.445,0.445,0.445,0.445,0.445,0.445
RGI60-19.00797,0.962,0.962,0.962,0.962,0.962,0.962,0.962,0.962,0.962,0.962,0.962,0.962,0.962,0.962,0.962,0.962,0.962,0.962,0.962,0.962,0.962,0.962,0.962,0.962,0.34,0.34,0.449,0.449,0.449,0.449,0.449,0.449,0.449,0.449,0.449,0.449,0.449,0.449,0.449,0.449,0.449,0.449,0.449,0.449,0.449,0.449,0.449,0.449,0.449,0.449
RGI60-19.00798,0.958,0.958,0.958,0.958,0.958,0.958,0.958,0.958,0.958,0.958,0.958,0.958,0.958,0.958,0.958,0.958,0.958,0.958,0.958,0.958,0.958,0.958,0.958,0.958,0.334,0.334,0.44,0.44,0.44,0.44,0.44,0.44,0.44,0.44,0.44,0.44,0.44,0.44,0.44,0.44,0.44,0.44,0.44,0.44,0.44,0.44,0.44,0.44,0.44,0.44
RGI60-19.00799,0.956,0.956,0.956,0.956,0.956,0.956,0.956,0.956,0.956,0.956,0.956,0.956,0.956,0.956,0.956,0.956,0.956,0.956,0.956,0.956,0.956,0.956,0.956,0.956,0.331,0.331,0.436,0.436,0.436,0.436,0.436,0.436,0.436,0.436,0.436,0.436,0.436,0.436,0.436,0.436,0.436,0.436,0.436,0.436,0.436,0.436,0.436,0.436,0.436,0.436
RGI60-19.00800,0.973,0.973,0.973,0.973,0.973,0.973,0.973,0.973,0.973,0.973,0.973,0.973,0.973,0.973,0.973,0.973,0.973,0.973,0.973,0.973,0.973,0.973,0.973,0.973,0.357,0.357,0.473,0.473,0.473,0.473,0.473,0.473,0.473,0.473,0.473,0.473,0.473,0.473,0.473,0.473,0.473,0.473,0.473,0.473,0.473,0.473,0.473,0.473,0.473,0.473
RGI60-19.00801,0.973,0.973,0.973,0.973,0.973,0.973,0.973,0.973,0.973,0.973,0.973,0.973,0.973,0.973,0.973,0.973,0.973,0.973,0.973,0.973,0.973,0.973,0.973,0.973,0.357,0.357,0.473,0.473,0.473,0.473,0.473,0.473,0.473,0.473,0.473,0.473,0.473,0.473,0.473,0.473,0.473,0.473,0.473,0.473,0.473,0.473,0.473,0.473,0.473,0.473
RGI60-19.00802,0.973,0.973,0.973,0.973,0.973,0.973,0.973,0.973,0.973,0.973,0.973,0.973,0.973,0.973,0.973,0.973,0.973,0.973,0.973,0.973,0.973,0.973,0.973,0.973,0.357,0.357,0.473,0.473,0.473,0.473,0.473,0.473,0.473,0.473,0.473,0.473,0.473,0.473,0.473,0.473,0.473,0.473,0.473,0.473,0.473,0.473,0.473,0.473,0.473,0.473
RGI60-19.00803,0.973,0.973,0.973,0.973,0.973,0.973,0.973,0.973,0.973,0.973,0.973,0.973,0.973,0.973,0.973,0.973,0.973,0.973,0.973,0.973,0.973,0.973,0.973,0.973,0.357,0.357,0.473,0.473,0.473,0.473,0.473,0.473,0.473,0.473,0.473,0.473,0.473,0.473,0.473,0.473,0.473,0.473,0.473,0.473,0.473,0.473,0.473,0.473,0.473,0.473
RGI60-19.00804,0.973,0.973,0.973,0.973,0.973,0.973,0.973,0.973,0.973,0.973,0.973,0.973,0.973,0.973,0.973,0.973,0.973,0.973,0.973,0.973,0.973,0.973,0.973,0.973,0.357,0.357,0.473,0.473,0.473,0.473,0.473,0.473,0.473,0.473,0.473,0.473,0.473,0.473,0.473,0.473,0.473,0.473,0.473,0.473,0.473,0.473,0.473,0.473,0.473,0.473
RGI60-19.00805,0.973,0.973,0.973,0.973,0.973,0.973,0.973,0.973,0.973,0.973,0.973,0.973,0.973,0.973,0.973,0.973,0.973,0.973,0.973,0.973,0.973,0.973,0.973,0.973,0.357,0.357,0.473,0.473,0.473,0.473,0.473,0.473,0.473,0.473,0.473,0.473,0.473,0.473,0.473,0.473,0.473,0.473,0.473,0.473,0.473,0.473,0.473,0.473,0.473,0.473
RGI60-19.00806,0.973,0.973,0.973,0.973,0.973,0.973,0.973,0.973,0.973,0.973,0.973,0.973,0.973,0.973,0.973,0.973,0.973,0.973,0.973,0.973,0.973,0.973,0.973,0.973,0.357,0.357,0.473,0.473,0.473,0.473,0.473,0.473,0.473,0.473,0.473,0.473,0.473,0.473,0.473,0.473,0.473,0.473,0.473,0.473,0.473,0.473,0.473,0.473,0.473,0.473
RGI60-19.00807,0.973,0.973,0.973,0.973,0.973,0.973,0.973,0.973,0.973,0.973,0.973,0.973,0.973,0.973,0.973,0.973,0.973,0.973,0.973,0.973,0.973,0.973,0.973,0.973,0.357,0.357,0.473,0.473,0.473,0.473,0.473,0.473,0.473,0.473,0.473,0.473,0.473,0.473,0.473,0.473,0.473,0.473,0.473,0.473,0.473,0.473,0.473,0.473,0.473,0.473
RGI60-19.00808,0.973,0.973,0.973,0.973,0.973,0.973,0.973,0.973,0.973,0.973,0.973,0.973,0.973,0.973,0.973,0.973,0.973,0.973,0.973,0.973,0.973,0.973,0.973,0.973,0.357,0.357,0.473,0.473,0.473,0.473,0.473,0.473,0.473,0.473,0.473,0.473,0.473,0.473,0.473,0.473,0.473,0.473,0.473,0.473,0.473,0.473,0.473,0.473,0.473,0.473
RGI60-19.00809,0.973,0.973,0.973,0.973,0.973,0.973,0.973,0.973,0.973,0.973,0.973,0.973,0.973,0.973,0.973,0.973,0.973,0.973,0.973,0.973,0.973,0.973,0.973,0.973,0.357,0.357,0.473,0.473,0.473,0.473,0.473,0.473,0.473,0.473,0.473,0.473,0.473,0.473,0.473,0.473,0.473,0.473,0.473,0.473,0.473,0.473,0.473,0.473,0.473,0.473
RGI60-19.00810,0.973,0.973,0.973,0.973,0.973,0.973,0.973,0.973,0.973,0.973,0.973,0.973,0.973,0.973,0.973,0.973,0.973,0.973,0.973,0.973,0.973,0.973,0.973,0.973,0.357,0.357,0.473,0.473,0.473,0.473,0.473,0.473,0.473,0.473,0.473,0.473,0.473,0.473,0.473,0.473,0.473,0.473,0.473,0.473,0.473,0.473,0.473,0.473,0.473,0.473
RGI60-19.00811,0.973,0.973,0.973,0.973,0.973,0.973,0.973,0.973,0.973,0.973,0.973,0.973,0.973,0.973,0.973,0.973,0.973,0.973,0.973,0.973,0.973,0.973,0.973,0.973,0.357,0.357,0.473,0.473,0.473,0.473,0.473,0.473,0.473,0.473,0.473,0.473,0.473,0.473,0.473,0.473,0.473,0.473,0.473,0.473,0.473,0.473,0.473,0.473,0.473,0.473
RGI60-19.00812,0.973,0.973,0.973,0.973,0.973,0.973,0.973,0.973,0.973,0.973,0.973,0.973,0.973,0.973,0.973,0.973,0.973,0.973,0.973,0.973,0.973,0.973,0.973,0.973,0.357,0.357,0.473,0.473,0.473,0.473,0.473,0.473,0.473,0.473,0.473,0.473,0.473,0.473,0.473,0.473,0.473,0.473,0.473,0.473,0.473,0.473,0.473,0.473,0.473,0.473
RGI60-19.00813,0.973,0.973,0.973,0.973,0.973,0.973,0.973,0.973,0.973,0.973,0.973,0.973,0.973,0.973,0.973,0.973,0.973,0.973,0.973,0.973,0.973,0.973,0.973,0.973,0.357,0.357,0.473,0.473,0.473,0.473,0.473,0.473,0.473,0.473,0.473,0.473,0.473,0.473,0.473,0.473,0.473,0.473,0.473,0.473,0.473,0.473,0.473,0.473,0.473,0.473
RGI60-19.00814,0.945,0.945,0.945,0.945,0.945,0.945,0.945,0.945,0.945,0.945,0.945,0.945,0.945,0.945,0.945,0.945,0.945,0.945,0.945,0.945,0.945,0.945,0.945,0.945,0.315,0.315,0.409,0.409,0.409,0.409,0.409,0.409,0.409,0.409,0.409,0.409,0.409,0.409,0.409,0.409,0.409,0.409,0.409,0.409,0.409,0.409,0.409,0.409,0.409,0.409
RGI60-19.00815,0.973,0.973,0.973,0.973,0.973,0.973,0.973,0.973,0.973,0.973,0.973,0.973,0.973,0.973,0.973,0.973,0.973,0.973,0.973,0.973,0.973,0.973,0.973,0.973,0.357,0.357,0.473,0.473,0.473,0.473,0.473,0.473,0.473,0.473,0.473,0.473,0.473,0.473,0.473,0.473,0.473,0.473,0.473,0.473,0.473,0.473,0.473,0.473,0.473,0.473
RGI60-19.00816,0.973,0.973,0.973,0.973,0.973,0.973,0.973,0.973,0.973,0.973,0.973,0.973,0.973,0.973,0.973,0.973,0.973,0.973,0.973,0.973,0.973,0.973,0.973,0.973,0.357,0.357,0.473,0.473,0.473,0.473,0.473,0.473,0.473,0.473,0.473,0.473,0.473,0.473,0.473,0.473,0.473,0.473,0.473,0.473,0.473,0.473,0.473,0.473,0.473,0.473
RGI60-19.00817,0.973,0.973,0.973,0.973,0.973,0.973,0.973,0.973,0.973,0.973,0.973,0.973,0.973,0.973,0.973,0.973,0.973,0.973,0.973,0.973,0.973,0.973,0.973,0.973,0.357,0.357,0.473,0.473,0.473,0.473,0.473,0.473,0.473,0.473,0.473,0.473,0.473,0.473,0.473,0.473,0.473,0.473,0.473,0.473,0.473,0.473,0.473,0.473,0.473,0.473
RGI60-19.00818,0.973,0.973,0.973,0.973,0.973,0.973,0.973,0.973,0.973,0.973,0.973,0.973,0.973,0.973,0.973,0.973,0.973,0.973,0.973,0.973,0.973,0.973,0.973,0.973,0.357,0.357,0.473,0.473,0.473,0.473,0.473,0.473,0.473,0.473,0.473,0.473,0.473,0.473,0.473,0.473,0.473,0.473,0.473,0.473,0.473,0.473,0.473,0.473,0.473,0.473
RGI60-19.00819,0.973,0.973,0.973,0.973,0.973,0.973,0.973,0.973,0.973,0.973,0.973,0.973,0.973,0.973,0.973,0.973,0.973,0.973,0.973,0.973,0.973,0.973,0.973,0.973,0.357,0.357,0.473,0.473,0.473,0.473,0.473,0.473,0.473,0.473,0.473,0.473,0.473,0.473,0.473,0.473,0.473,0.473,0.473,0.473,0.473,0.473,0.473,0.473,0.473,0.473
RGI60-19.00820,0.973,0.973,0.973,0.973,0.973,0.973,0.973,0.973,0.973,0.973,0.973,0.973,0.973,0.973,0.973,0.973,0.973,0.973,0.973,0.973,0.973,0.973,0.973,0.973,0.357,0.357,0.473,0.473,0.473,0.473,0.473,0.473,0.473,0.473,0.473,0.473,0.473,0.473,0.473,0.473,0.473,0.473,0.473,0.473,0.473,0.473,0.473,0.473,0.473,0.473
RGI60-19.00821,0.945,0.945,0.945,0.945,0.945,0.945,0.945,0.945,0.945,0.945,0.945,0.945,0.945,0.945,0.945,0.945,0.945,0.945,0.945,0.945,0.945,0.945,0.945,0.945,0.315,0.315,0.409,0.409,0.409,0.409,0.409,0.409,0.409,0.409,0.409,0.409,0.409,0.409,0.409,0.409,0.409,0.409,0.409,0.409,0.409,0.409,0.409,0.409,0.409,0.409
RGI60-19.00822,0.945,0.945,0.945,0.945,0.945,0.945,0.945,0.945,0.945,0.945,0.945,0.945,0.945,0.945,0.945,0.945,0.945,0.945,0.945,0.945,0.945,0.945,0.945,0.945,0.315,0.315,0.409,0.409,0.409,0.409,0.409,0.409,0.409,0.409,0.409,0.409,0.409,0.409,0.409,0.409,0.409,0.409,0.409,0.409,0.409,0.409,0.409,0.409,0.409,0.409
RGI60-19.00823,0.973,0.973,0.973,0.973,0.973,0.973,0.973,0.973,0.973,0.973,0.973,0.973,0.973,0.973,0.973,0.973,0.973,0.973,0.973,0.973,0.973,0.973,0.973,0.973,0.356,0.356,0.472,0.472,0.472,0.472,0.472,0.472,0.472,0.472,0.472,0.472,0.472,0.472,0.472,0.472,0.472,0.472,0.472,0.472,0.472,0.472,0.472,0.472,0.472,0.472
RGI60-19.00824,0.973,0.973,0.973,0.973,0.973,0.973,0.973,0.973,0.973,0.973,0.973,0.973,0.973,0.973,0.973,0.973,0.973,0.973,0.973,0.973,0.973,0.973,0.973,0.973,0.357,0.357,0.473,0.473,0.473,0.473,0.473,0.473,0.473,0.473,0.473,0.473,0.473,0.473,0.473,0.473,0.473,0.473,0.473,0.473,0.473,0.473,0.473,0.473,0.473,0.473
RGI60-19.00825,0.973,0.973,0.973,0.973,0.973,0.973,0.973,0.973,0.973,0.973,0.973,0.973,0.973,0.973,0.973,0.973,0.973,0.973,0.973,0.973,0.973,0.973,0.973,0.973,0.357,0.357,0.473,0.473,0.473,0.473,0.473,0.473,0.473,0.473,0.473,0.473,0.473,0.473,0.473,0.473,0.473,0.473,0.473,0.473,0.473,0.473,0.473,0.473,0.473,0.473
RGI60-19.00826,0.973,0.973,0.973,0.973,0.973,0.973,0.973,0.973,0.973,0.973,0.973,0.973,0.973,0.973,0.973,0.973,0.973,0.973,0.973,0.973,0.973,0.973,0.973,0.973,0.357,0.357,0.473,0.473,0.473,0.473,0.473,0.473,0.473,0.473,0.473,0.473,0.473,0.473,0.473,0.473,0.473,0.473,0.473,0.473,0.473,0.473,0.473,0.473,0.473,0.473
RGI60-19.00827,0.973,0.973,0.973,0.973,0.973,0.973,0.973,0.973,0.973,0.973,0.973,0.973,0.973,0.973,0.973,0.973,0.973,0.973,0.973,0.973,0.973,0.973,0.973,0.973,0.357,0.357,0.473,0.473,0.473,0.473,0.473,0.473,0.473,0.473,0.473,0.473,0.473,0.473,0.473,0.473,0.473,0.473,0.473,0.473,0.473,0.473,0.473,0.473,0.473,0.473
RGI60-19.00828,0.974,0.974,0.974,0.974,0.974,0.974,0.974,0.974,0.974,0.974,0.974,0.974,0.974,0.974,0.974,0.974,0.974,0.974,0.974,0.974,0.974,0.974,0.974,0.974,0.358,0.358,0.474,0.474,0.474,0.474,0.474,0.474,0.474,0.474,0.474,0.474,0.474,0.474,0.474,0.474,0.474,0.474,0.474,0.474,0.474,0.474,0.474,0.474,0.474,0.474
RGI60-19.00829,0.974,0.974,0.974,0.974,0.974,0.974,0.974,0.974,0.974,0.974,0.974,0.974,0.974,0.974,0.974,0.974,0.974,0.974,0.974,0.974,0.974,0.974,0.974,0.974,0.358,0.358,0.474,0.474,0.474,0.474,0.474,0.474,0.474,0.474,0.474,0.474,0.474,0.474,0.474,0.474,0.474,0.474,0.474,0.474,0.474,0.474,0.474,0.474,0.474,0.474
RGI60-19.00830,0.974,0.974,0.974,0.974,0.974,0.974,0.974,0.974,0.974,0.974,0.974,0.974,0.974,0.974,0.974,0.974,0.974,0.974,0.974,0.974,0.974,0.974,0.974,0.974,0.358,0.358,0.474,0.474,0.474,0.474,0.474,0.474,0.474,0.474,0.474,0.474,0.474,0.474,0.474,0.474,0.474,0.474,0.474,0.474,0.474,0.474,0.474,0.474,0.474,0.474
RGI60-19.00831,0.974,0.974,0.974,0.974,0.974,0.974,0.974,0.974,0.974,0.974,0.974,0.974,0.974,0.974,0.974,0.974,0.974,0.974,0.974,0.974,0.974,0.974,0.974,0.974,0.358,0.358,0.474,0.474,0.474,0.474,0.474,0.474,0.474,0.474,0.474,0.474,0.474,0.474,0.474,0.474,0.474,0.474,0.474,0.474,0.474,0.474,0.474,0.474,0.474,0.474
RGI60-19.00832,0.974,0.974,0.974,0.974,0.974,0.974,0.974,0.974,0.974,0.974,0.974,0.974,0.974,0.974,0.974,0.974,0.974,0.974,0.974,0.974,0.974,0.974,0.974,0.974,0.358,0.358,0.474,0.474,0.474,0.474,0.474,0.474,0.474,0.474,0.474,0.474,0.474,0.474,0.474,0.474,0.474,0.474,0.474,0.474,0.474,0.474,0.474,0.474,0.474,0.474
RGI60-19.00833,0.974,0.974,0.974,0.974,0.974,0.974,0.974,0.974,0.974,0.974,0.974,0.974,0.974,0.974,0.974,0.974,0.974,0.974,0.974,0.974,0.974,0.974,0.974,0.974,0.358,0.358,0.474,0.474,0.474,0.474,0.474,0.474,0.474,0.474,0.474,0.474,0.474,0.474,0.474,0.474,0.474,0.474,0.474,0.474,0.474,0.474,0.474,0.474,0.474,0.474
RGI60-19.00834,0.974,0.974,0.974,0.974,0.974,0.974,0.974,0.974,0.974,0.974,0.974,0.974,0.974,0.974,0.974,0.974,0.974,0.974,0.974,0.974,0.974,0.974,0.974,0.974,0.358,0.358,0.474,0.474,0.474,0.474,0.474,0.474,0.474,0.474,0.474,0.474,0.474,0.474,0.474,0.474,0.474,0.474,0.474,0.474,0.474,0.474,0.474,0.474,0.474,0.474
RGI60-19.00835,0.974,0.974,0.974,0.974,0.974,0.974,0.974,0.974,0.974,0.974,0.974,0.974,0.974,0.974,0.974,0.974,0.974,0.974,0.974,0.974,0.974,0.974,0.974,0.974,0.358,0.358,0.474,0.474,0.474,0.474,0.474,0.474,0.474,0.474,0.474,0.474,0.474,0.474,0.474,0.474,0.474,0.474,0.474,0.474,0.474,0.474,0.474,0.474,0.474,0.474
RGI60-19.00836,0.974,0.974,0.974,0.974,0.974,0.974,0.974,0.974,0.974,0.974,0.974,0.974,0.974,0.974,0.974,0.974,0.974,0.974,0.974,0.974,0.974,0.974,0.974,0.974,0.358,0.358,0.474,0.474,0.474,0.474,0.474,0.474,0.474,0.474,0.474,0.474,0.474,0.474,0.474,0.474,0.474,0.474,0.474,0.474,0.474,0.474,0.474,0.474,0.474,0.474
RGI60-19.00837,0.974,0.974,0.974,0.974,0.974,0.974,0.974,0.974,0.974,0.974,0.974,0.974,0.974,0.974,0.974,0.974,0.974,0.974,0.974,0.974,0.974,0.974,0.974,0.974,0.358,0.358,0.474,0.474,0.474,0.474,0.474,0.474,0.474,0.474,0.474,0.474,0.474,0.474,0.474,0.474,0.474,0.474,0.474,0.474,0.474,0.474,0.474,0.474,0.474,0.474
RGI60-19.00838,0.974,0.974,0.974,0.974,0.974,0.974,0.974,0.974,0.974,0.974,0.974,0.974,0.974,0.974,0.974,0.974,0.974,0.974,0.974,0.974,0.974,0.974,0.974,0.974,0.358,0.358,0.474,0.474,0.474,0.474,0.474,0.474,0.474,0.474,0.474,0.474,0.474,0.474,0.474,0.474,0.474,0.474,0.474,0.474,0.474,0.474,0.474,0.474,0.474,0.474
RGI60-19.00839,0.974,0.974,0.974,0.974,0.974,0.974,0.974,0.974,0.974,0.974,0.974,0.974,0.974,0.974,0.974,0.974,0.974,0.974,0.974,0.974,0.974,0.974,0.974,0.974,0.358,0.358,0.474,0.474,0.474,0.474,0.474,0.474,0.474,0.474,0.474,0.474,0.474,0.474,0.474,0.474,0.474,0.474,0.474,0.474,0.474,0.474,0.474,0.474,0.474,0.474
RGI60-19.00840,0.974,0.974,0.974,0.974,0.974,0.974,0.974,0.974,0.974,0.974,0.974,0.974,0.974,0.974,0.974,0.974,0.974,0.974,0.974,0.974,0.974,0.974,0.974,0.974,0.358,0.358,0.474,0.474,0.474,0.474,0.474,0.474,0.474,0.474,0.474,0.474,0.474,0.474,0.474,0.474,0.474,0.474,0.474,0.474,0.474,0.474,0.474,0.474,0.474,0.474
RGI60-19.00841,0.974,0.974,0.974,0.974,0.974,0.974,0.974,0.974,0.974,0.974,0.974,0.974,0.974,0.974,0.974,0.974,0.974,0.974,0.974,0.974,0.974,0.974,0.974,0.974,0.358,0.358,0.474,0.474,0.474,0.474,0.474,0.474,0.474,0.474,0.474,0.474,0.474,0.474,0.474,0.474,0.474,0.474,0.474,0.474,0.474,0.474,0.474,0.474,0.474,0.474
RGI60-19.00842,0.974,0.974,0.974,0.974,0.974,0.974,0.974,0.974,0.974,0.974,0.974,0.974,0.974,0.974,0.974,0.974,0.974,0.974,0.974,0.974,0.974,0.974,0.974,0.974,0.358,0.358,0.474,0.474,0.474,0.474,0.474,0.474,0.474,0.474,0.474,0.474,0.474,0.474,0.474,0.474,0.474,0.474,0.474,0.474,0.474,0.474,0.474,0.474,0.474,0.474
RGI60-19.00843,0.973,0.973,0.973,0.973,0.973,0.973,0.973,0.973,0.973,0.973,0.973,0.973,0.973,0.973,0.973,0.973,0.973,0.973,0.973,0.973,0.973,0.973,0.973,0.973,0.356,0.356,0.472,0.472,0.472,0.472,0.472,0.472,0.472,0.472,0.472,0.472,0.472,0.472,0.472,0.472,0.472,0.472,0.472,0.472,0.472,0.472,0.472,0.472,0.472,0.472
RGI60-19.00844,0.974,0.974,0.974,0.974,0.974,0.974,0.974,0.974,0.974,0.974,0.974,0.974,0.974,0.974,0.974,0.974,0.974,0.974,0.974,0.974,0.974,0.974,0.974,0.974,0.358,0.358,0.474,0.474,0.474,0.474,0.474,0.474,0.474,0.474,0.474,0.474,0.474,0.474,0.474,0.474,0.474,0.474,0.474,0.474,0.474,0.474,0.474,0.474,0.474,0.474
RGI60-19.00845,0.974,0.974,0.974,0.974,0.974,0.974,0.974,0.974,0.974,0.974,0.974,0.974,0.974,0.974,0.974,0.974,0.974,0.974,0.974,0.974,0.974,0.974,0.974,0.974,0.358,0.358,0.475,0.475,0.475,0.475,0.475,0.475,0.475,0.475,0.475,0.475,0.475,0.475,0.475,0.475,0.475,0.475,0.475,0.475,0.475,0.475,0.475,0.475,0.475,0.475
RGI60-19.00846,0.974,0.974,0.974,0.974,0.974,0.974,0.974,0.974,0.974,0.974,0.974,0.974,0.974,0.974,0.974,0.974,0.974,0.974,0.974,0.974,0.974,0.974,0.974,0.974,0.358,0.358,0.475,0.475,0.475,0.475,0.475,0.475,0.475,0.475,0.475,0.475,0.475,0.475,0.475,0.475,0.475,0.475,0.475,0.475,0.475,0.475,0.475,0.475,0.475,0.475
RGI60-19.00847,0.973,0.973,0.973,0.973,0.973,0.973,0.973,0.973,0.973,0.973,0.973,0.973,0.973,0.973,0.973,0.973,0.973,0.973,0.973,0.973,0.973,0.973,0.973,0.973,0.357,0.357,0.473,0.473,0.473,0.473,0.473,0.473,0.473,0.473,0.473,0.473,0.473,0.473,0.473,0.473,0.473,0.473,0.473,0.473,0.473,0.473,0.473,0.473,0.473,0.473
RGI60-19.00848,0.973,0.973,0.973,0.973,0.973,0.973,0.973,0.973,0.973,0.973,0.973,0.973,0.973,0.973,0.973,0.973,0.973,0.973,0.973,0.973,0.973,0.973,0.973,0.973,0.357,0.357,0.473,0.473,0.473,0.473,0.473,0.473,0.473,0.473,0.473,0.473,0.473,0.473,0.473,0.473,0.473,0.473,0.473,0.473,0.473,0.473,0.473,0.473,0.473,0.473
RGI60-19.00849,0.973,0.973,0.973,0.973,0.973,0.973,0.973,0.973,0.973,0.973,0.973,0.973,0.973,0.973,0.973,0.973,0.973,0.973,0.973,0.973,0.973,0.973,0.973,0.973,0.357,0.357,0.473,0.473,0.473,0.473,0.473,0.473,0.473,0.473,0.473,0.473,0.473,0.473,0.473,0.473,0.473,0.473,0.473,0.473,0.473,0.473,0.473,0.473,0.473,0.473
RGI60-19.00850,0.974,0.974,0.974,0.974,0.974,0.974,0.974,0.974,0.974,0.974,0.974,0.974,0.974,0.974,0.974,0.974,0.974,0.974,0.974,0.974,0.974,0.974,0.974,0.974,0.358,0.358,0.474,0.474,0.474,0.474,0.474,0.474,0.474,0.474,0.474,0.474,0.474,0.474,0.474,0.474,0.474,0.474,0.474,0.474,0.474,0.474,0.474,0.474,0.474,0.474
RGI60-19.00851,0.974,0.974,0.974,0.974,0.974,0.974,0.974,0.974,0.974,0.974,0.974,0.974,0.974,0.974,0.974,0.974,0.974,0.974,0.974,0.974,0.974,0.974,0.974,0.974,0.358,0.358,0.474,0.474,0.474,0.474,0.474,0.474,0.474,0.474,0.474,0.474,0.474,0.474,0.474,0.474,0.474,0.474,0.474,0.474,0.474,0.474,0.474,0.474,0.474,0.474
RGI60-19.00852,0.974,0.974,0.974,0.974,0.974,0.974,0.974,0.974,0.974,0.974,0.974,0.974,0.974,0.974,0.974,0.974,0.974,0.974,0.974,0.974,0.974,0.974,0.974,0.974,0.358,0.358,0.475,0.475,0.475,0.475,0.475,0.475,0.475,0.475,0.475,0.475,0.475,0.475,0.475,0.475,0.475,0.475,0.475,0.475,0.475,0.475,0.475,0.475,0.475,0.475
RGI60-19.00853,0.973,0.973,0.973,0.973,0.973,0.973,0.973,0.973,0.973,0.973,0.973,0.973,0.973,0.973,0.973,0.973,0.973,0.973,0.973,0.973,0.973,0.973,0.973,0.973,0.357,0.357,0.473,0.473,0.473,0.473,0.473,0.473,0.473,0.473,0.473,0.473,0.473,0.473,0.473,0.473,0.473,0.473,0.473,0.473,0.473,0.473,0.473,0.473,0.473,0.473
RGI60-19.00854,0.974,0.974,0.974,0.974,0.974,0.974,0.974,0.974,0.974,0.974,0.974,0.974,0.974,0.974,0.974,0.974,0.974,0.974,0.974,0.974,0.974,0.974,0.974,0.974,0.358,0.358,0.475,0.475,0.475,0.475,0.475,0.475,0.475,0.475,0.475,0.475,0.475,0.475,0.475,0.475,0.475,0.475,0.475,0.475,0.475,0.475,0.475,0.475,0.475,0.475
RGI60-19.00855,0.973,0.973,0.973,0.973,0.973,0.973,0.973,0.973,0.973,0.973,0.973,0.973,0.973,0.973,0.973,0.973,0.973,0.973,0.973,0.973,0.973,0.973,0.973,0.973,0.357,0.357,0.473,0.473,0.473,0.473,0.473,0.473,0.473,0.473,0.473,0.473,0.473,0.473,0.473,0.473,0.473,0.473,0.473,0.473,0.473,0.473,0.473,0.473,0.473,0.473
RGI60-19.00856,0.973,0.973,0.973,0.973,0.973,0.973,0.973,0.973,0.973,0.973,0.973,0.973,0.973,0.973,0.973,0.973,0.973,0.973,0.973,0.973,0.973,0.973,0.973,0.973,0.357,0.357,0.473,0.473,0.473,0.473,0.473,0.473,0.473,0.473,0.473,0.473,0.473,0.473,0.473,0.473,0.473,0.473,0.473,0.473,0.473,0.473,0.473,0.473,0.473,0.473
RGI60-19.00857,0.945,0.945,0.945,0.945,0.945,0.945,0.945,0.945,0.945,0.945,0.945,0.945,0.945,0.945,0.945,0.945,0.945,0.945,0.945,0.945,0.945,0.945,0.945,0.945,0.315,0.315,0.409,0.409,0.409,0.409,0.409,0.409,0.409,0.409,0.409,0.409,0.409,0.409,0.409,0.409,0.409,0.409,0.409,0.409,0.409,0.409,0.409,0.409,0.409,0.409
RGI60-19.00858,0.973,0.973,0.973,0.973,0.973,0.973,0.973,0.973,0.973,0.973,0.973,0.973,0.973,0.973,0.973,0.973,0.973,0.973,0.973,0.973,0.973,0.973,0.973,0.973,0.357,0.357,0.473,0.473,0.473,0.473,0.473,0.473,0.473,0.473,0.473,0.473,0.473,0.473,0.473,0.473,0.473,0.473,0.473,0.473,0.473,0.473,0.473,0.473,0.473,0.473
RGI60-19.00859,0.974,0.974,0.974,0.974,0.974,0.974,0.974,0.974,0.974,0.974,0.974,0.974,0.974,0.974,0.974,0.974,0.974,0.974,0.974,0.974,0.974,0.974,0.974,0.974,0.358,0.358,0.474,0.474,0.474,0.474,0.474,0.474,0.474,0.474,0.474,0.474,0.474,0.474,0.474,0.474,0.474,0.474,0.474,0.474,0.474,0.474,0.474,0.474,0.474,0.474
RGI60-19.00860,0.973,0.973,0.973,0.973,0.973,0.973,0.973,0.973,0.973,0.973,0.973,0.973,0.973,0.973,0.973,0.973,0.973,0.973,0.973,0.973,0.973,0.973,0.973,0.973,0.357,0.357,0.473,0.473,0.473,0.473,0.473,0.473,0.473,0.473,0.473,0.473,0.473,0.473,0.473,0.473,0.473,0.473,0.473,0.473,0.473,0.473,0.473,0.473,0.473,0.473
RGI60-19.00861,0.974,0.974,0.974,0.974,0.974,0.974,0.974,0.974,0.974,0.974,0.974,0.974,0.974,0.974,0.974,0.974,0.974,0.974,0.974,0.974,0.974,0.974,0.974,0.974,0.358,0.358,0.475,0.475,0.475,0.475,0.475,0.475,0.475,0.475,0.475,0.475,0.475,0.475,0.475,0.475,0.475,0.475,0.475,0.475,0.475,0.475,0.475,0.475,0.475,0.475
RGI60-19.00862,0.974,0.974,0.974,0.974,0.974,0.974,0.974,0.974,0.974,0.974,0.974,0.974,0.974,0.974,0.974,0.974,0.974,0.974,0.974,0.974,0.974,0.974,0.974,0.974,0.358,0.358,0.475,0.475,0.475,0.475,0.475,0.475,0.475,0.475,0.475,0.475,0.475,0.475,0.475,0.475,0.475,0.475,0.475,0.475,0.475,0.475,0.475,0.475,0.475,0.475
RGI60-19.00863,0.974,0.974,0.974,0.974,0.974,0.974,0.974,0.974,0.974,0.974,0.974,0.974,0.974,0.974,0.974,0.974,0.974,0.974,0.974,0.974,0.974,0.974,0.974,0.974,0.358,0.358,0.475,0.475,0.475,0.475,0.475,0.475,0.475,0.475,0.475,0.475,0.475,0.475,0.475,0.475,0.475,0.475,0.475,0.475,0.475,0.475,0.475,0.475,0.475,0.475
RGI60-19.00864,0.973,0.973,0.973,0.973,0.973,0.973,0.973,0.973,0.973,0.973,0.973,0.973,0.973,0.973,0.973,0.973,0.973,0.973,0.973,0.973,0.973,0.973,0.973,0.973,0.356,0.356,0.472,0.472,0.472,0.472,0.472,0.472,0.472,0.472,0.472,0.472,0.472,0.472,0.472,0.472,0.472,0.472,0.472,0.472,0.472,0.472,0.472,0.472,0.472,0.472
RGI60-19.00865,0.973,0.973,0.973,0.973,0.973,0.973,0.973,0.973,0.973,0.973,0.973,0.973,0.973,0.973,0.973,0.973,0.973,0.973,0.973,0.973,0.973,0.973,0.973,0.973,0.356,0.356,0.472,0.472,0.472,0.472,0.472,0.472,0.472,0.472,0.472,0.472,0.472,0.472,0.472,0.472,0.472,0.472,0.472,0.472,0.472,0.472,0.472,0.472,0.472,0.472
RGI60-19.00866,0.973,0.973,0.973,0.973,0.973,0.973,0.973,0.973,0.973,0.973,0.973,0.973,0.973,0.973,0.973,0.973,0.973,0.973,0.973,0.973,0.973,0.973,0.973,0.973,0.356,0.356,0.472,0.472,0.472,0.472,0.472,0.472,0.472,0.472,0.472,0.472,0.472,0.472,0.472,0.472,0.472,0.472,0.472,0.472,0.472,0.472,0.472,0.472,0.472,0.472
RGI60-19.00867,0.973,0.973,0.973,0.973,0.973,0.973,0.973,0.973,0.973,0.973,0.973,0.973,0.973,0.973,0.973,0.973,0.973,0.973,0.973,0.973,0.973,0.973,0.973,0.973,0.356,0.356,0.472,0.472,0.472,0.472,0.472,0.472,0.472,0.472,0.472,0.472,0.472,0.472,0.472,0.472,0.472,0.472,0.472,0.472,0.472,0.472,0.472,0.472,0.472,0.472
RGI60-19.00868,0.973,0.973,0.973,0.973,0.973,0.973,0.973,0.973,0.973,0.973,0.973,0.973,0.973,0.973,0.973,0.973,0.973,0.973,0.973,0.973,0.973,0.973,0.973,0.973,0.356,0.356,0.472,0.472,0.472,0.472,0.472,0.472,0.472,0.472,0.472,0.472,0.472,0.472,0.472,0.472,0.472,0.472,0.472,0.472,0.472,0.472,0.472,0.472,0.472,0.472
RGI60-19.00869,0.973,0.973,0.973,0.973,0.973,0.973,0.973,0.973,0.973,0.973,0.973,0.973,0.973,0.973,0.973,0.973,0.973,0.973,0.973,0.973,0.973,0.973,0.973,0.973,0.356,0.356,0.472,0.472,0.472,0.472,0.472,0.472,0.472,0.472,0.472,0.472,0.472,0.472,0.472,0.472,0.472,0.472,0.472,0.472,0.472,0.472,0.472,0.472,0.472,0.472
RGI60-19.00870,0.973,0.973,0.973,0.973,0.973,0.973,0.973,0.973,0.973,0.973,0.973,0.973,0.973,0.973,0.973,0.973,0.973,0.973,0.973,0.973,0.973,0.973,0.973,0.973,0.356,0.356,0.472,0.472,0.472,0.472,0.472,0.472,0.472,0.472,0.472,0.472,0.472,0.472,0.472,0.472,0.472,0.472,0.472,0.472,0.472,0.472,0.472,0.472,0.472,0.472
RGI60-19.00871,0.973,0.973,0.973,0.973,0.973,0.973,0.973,0.973,0.973,0.973,0.973,0.973,0.973,0.973,0.973,0.973,0.973,0.973,0.973,0.973,0.973,0.973,0.973,0.973,0.356,0.356,0.472,0.472,0.472,0.472,0.472,0.472,0.472,0.472,0.472,0.472,0.472,0.472,0.472,0.472,0.472,0.472,0.472,0.472,0.472,0.472,0.472,0.472,0.472,0.472
RGI60-19.00872,0.973,0.973,0.973,0.973,0.973,0.973,0.973,0.973,0.973,0.973,0.973,0.973,0.973,0.973,0.973,0.973,0.973,0.973,0.973,0.973,0.973,0.973,0.973,0.973,0.356,0.356,0.472,0.472,0.472,0.472,0.472,0.472,0.472,0.472,0.472,0.472,0.472,0.472,0.472,0.472,0.472,0.472,0.472,0.472,0.472,0.472,0.472,0.472,0.472,0.472
RGI60-19.00873,0.973,0.973,0.973,0.973,0.973,0.973,0.973,0.973,0.973,0.973,0.973,0.973,0.973,0.973,0.973,0.973,0.973,0.973,0.973,0.973,0.973,0.973,0.973,0.973,0.356,0.356,0.472,0.472,0.472,0.472,0.472,0.472,0.472,0.472,0.472,0.472,0.472,0.472,0.472,0.472,0.472,0.472,0.472,0.472,0.472,0.472,0.472,0.472,0.472,0.472
RGI60-19.00874,0.973,0.973,0.973,0.973,0.973,0.973,0.973,0.973,0.973,0.973,0.973,0.973,0.973,0.973,0.973,0.973,0.973,0.973,0.973,0.973,0.973,0.973,0.973,0.973,0.356,0.356,0.472,0.472,0.472,0.472,0.472,0.472,0.472,0.472,0.472,0.472,0.472,0.472,0.472,0.472,0.472,0.472,0.472,0.472,0.472,0.472,0.472,0.472,0.472,0.472
RGI60-19.00875,0.973,0.973,0.973,0.973,0.973,0.973,0.973,0.973,0.973,0.973,0.973,0.973,0.973,0.973,0.973,0.973,0.973,0.973,0.973,0.973,0.973,0.973,0.973,0.973,0.356,0.356,0.472,0.472,0.472,0.472,0.472,0.472,0.472,0.472,0.472,0.472,0.472,0.472,0.472,0.472,0.472,0.472,0.472,0.472,0.472,0.472,0.472,0.472,0.472,0.472
RGI60-19.00876,0.973,0.973,0.973,0.973,0.973,0.973,0.973,0.973,0.973,0.973,0.973,0.973,0.973,0.973,0.973,0.973,0.973,0.973,0.973,0.973,0.973,0.973,0.973,0.973,0.356,0.356,0.472,0.472,0.472,0.472,0.472,0.472,0.472,0.472,0.472,0.472,0.472,0.472,0.472,0.472,0.472,0.472,0.472,0.472,0.472,0.472,0.472,0.472,0.472,0.472
RGI60-19.00877,0.973,0.973,0.973,0.973,0.973,0.973,0.973,0.973,0.973,0.973,0.973,0.973,0.973,0.973,0.973,0.973,0.973,0.973,0.973,0.973,0.973,0.973,0.973,0.973,0.356,0.356,0.472,0.472,0.472,0.472,0.472,0.472,0.472,0.472,0.472,0.472,0.472,0.472,0.472,0.472,0.472,0.472,0.472,0.472,0.472,0.472,0.472,0.472,0.472,0.472
RGI60-19.00878,0.973,0.973,0.973,0.973,0.973,0.973,0.973,0.973,0.973,0.973,0.973,0.973,0.973,0.973,0.973,0.973,0.973,0.973,0.973,0.973,0.973,0.973,0.973,0.973,0.356,0.356,0.472,0.472,0.472,0.472,0.472,0.472,0.472,0.472,0.472,0.472,0.472,0.472,0.472,0.472,0.472,0.472,0.472,0.472,0.472,0.472,0.472,0.472,0.472,0.472
RGI60-19.00879,0.973,0.973,0.973,0.973,0.973,0.973,0.973,0.973,0.973,0.973,0.973,0.973,0.973,0.973,0.973,0.973,0.973,0.973,0.973,0.973,0.973,0.973,0.973,0.973,0.356,0.356,0.472,0.472,0.472,0.472,0.472,0.472,0.472,0.472,0.472,0.472,0.472,0.472,0.472,0.472,0.472,0.472,0.472,0.472,0.472,0.472,0.472,0.472,0.472,0.472
RGI60-19.00880,0.973,0.973,0.973,0.973,0.973,0.973,0.973,0.973,0.973,0.973,0.973,0.973,0.973,0.973,0.973,0.973,0.973,0.973,0.973,0.973,0.973,0.973,0.973,0.973,0.356,0.356,0.472,0.472,0.472,0.472,0.472,0.472,0.472,0.472,0.472,0.472,0.472,0.472,0.472,0.472,0.472,0.472,0.472,0.472,0.472,0.472,0.472,0.472,0.472,0.472
RGI60-19.00881,0.973,0.973,0.973,0.973,0.973,0.973,0.973,0.973,0.973,0.973,0.973,0.973,0.973,0.973,0.973,0.973,0.973,0.973,0.973,0.973,0.973,0.973,0.973,0.973,0.356,0.356,0.472,0.472,0.472,0.472,0.472,0.472,0.472,0.472,0.472,0.472,0.472,0.472,0.472,0.472,0.472,0.472,0.472,0.472,0.472,0.472,0.472,0.472,0.472,0.472
RGI60-19.00882,0.973,0.973,0.973,0.973,0.973,0.973,0.973,0.973,0.973,0.973,0.973,0.973,0.973,0.973,0.973,0.973,0.973,0.973,0.973,0.973,0.973,0.973,0.973,0.973,0.356,0.356,0.472,0.472,0.472,0.472,0.472,0.472,0.472,0.472,0.472,0.472,0.472,0.472,0.472,0.472,0.472,0.472,0.472,0.472,0.472,0.472,0.472,0.472,0.472,0.472
RGI60-19.00883,0.973,0.973,0.973,0.973,0.973,0.973,0.973,0.973,0.973,0.973,0.973,0.973,0.973,0.973,0.973,0.973,0.973,0.973,0.973,0.973,0.973,0.973,0.973,0.973,0.356,0.356,0.472,0.472,0.472,0.472,0.472,0.472,0.472,0.472,0.472,0.472,0.472,0.472,0.472,0.472,0.472,0.472,0.472,0.472,0.472,0.472,0.472,0.472,0.472,0.472
RGI60-19.00884,0.973,0.973,0.973,0.973,0.973,0.973,0.973,0.973,0.973,0.973,0.973,0.973,0.973,0.973,0.973,0.973,0.973,0.973,0.973,0.973,0.973,0.973,0.973,0.973,0.356,0.356,0.472,0.472,0.472,0.472,0.472,0.472,0.472,0.472,0.472,0.472,0.472,0.472,0.472,0.472,0.472,0.472,0.472,0.472,0.472,0.472,0.472,0.472,0.472,0.472
RGI60-19.00885,0.973,0.973,0.973,0.973,0.973,0.973,0.973,0.973,0.973,0.973,0.973,0.973,0.973,0.973,0.973,0.973,0.973,0.973,0.973,0.973,0.973,0.973,0.973,0.973,0.356,0.356,0.472,0.472,0.472,0.472,0.472,0.472,0.472,0.472,0.472,0.472,0.472,0.472,0.472,0.472,0.472,0.472,0.472,0.472,0.472,0.472,0.472,0.472,0.472,0.472
RGI60-19.00886,0.973,0.973,0.973,0.973,0.973,0.973,0.973,0.973,0.973,0.973,0.973,0.973,0.973,0.973,0.973,0.973,0.973,0.973,0.973,0.973,0.973,0.973,0.973,0.973,0.356,0.356,0.472,0.472,0.472,0.472,0.472,0.472,0.472,0.472,0.472,0.472,0.472,0.472,0.472,0.472,0.472,0.472,0.472,0.472,0.472,0.472,0.472,0.472,0.472,0.472
RGI60-19.00887,0.973,0.973,0.973,0.973,0.973,0.973,0.973,0.973,0.973,0.973,0.973,0.973,0.973,0.973,0.973,0.973,0.973,0.973,0.973,0.973,0.973,0.973,0.973,0.973,0.356,0.356,0.472,0.472,0.472,0.472,0.472,0.472,0.472,0.472,0.472,0.472,0.472,0.472,0.472,0.472,0.472,0.472,0.472,0.472,0.472,0.472,0.472,0.472,0.472,0.472
RGI60-19.00888,0.973,0.973,0.973,0.973,0.973,0.973,0.973,0.973,0.973,0.973,0.973,0.973,0.973,0.973,0.973,0.973,0.973,0.973,0.973,0.973,0.973,0.973,0.973,0.973,0.356,0.356,0.472,0.472,0.472,0.472,0.472,0.472,0.472,0.472,0.472,0.472,0.472,0.472,0.472,0.472,0.472,0.472,0.472,0.472,0.472,0.472,0.472,0.472,0.472,0.472
RGI60-19.00889,0.945,0.945,0.945,0.945,0.945,0.945,0.945,0.945,0.945,0.945,0.945,0.945,0.945,0.945,0.945,0.945,0.945,0.945,0.945,0.945,0.945,0.945,0.945,0.945,0.315,0.315,0.409,0.409,0.409,0.409,0.409,0.409,0.409,0.409,0.409,0.409,0.409,0.409,0.409,0.409,0.409,0.409,0.409,0.409,0.409,0.409,0.409,0.409,0.409,0.409
RGI60-19.00890,0.974,0.974,0.974,0.974,0.974,0.974,0.974,0.974,0.974,0.974,0.974,0.974,0.974,0.974,0.974,0.974,0.974,0.974,0.974,0.974,0.974,0.974,0.974,0.974,0.359,0.359,0.476,0.476,0.476,0.476,0.476,0.476,0.476,0.476,0.476,0.476,0.476,0.476,0.476,0.476,0.476,0.476,0.476,0.476,0.476,0.476,0.476,0.476,0.476,0.476
RGI60-19.00891,0.974,0.974,0.974,0.974,0.974,0.974,0.974,0.974,0.974,0.974,0.974,0.974,0.974,0.974,0.974,0.974,0.974,0.974,0.974,0.974,0.974,0.974,0.974,0.974,0.359,0.359,0.476,0.476,0.476,0.476,0.476,0.476,0.476,0.476,0.476,0.476,0.476,0.476,0.476,0.476,0.476,0.476,0.476,0.476,0.476,0.476,0.476,0.476,0.476,0.476
RGI60-19.00892,0.974,0.974,0.974,0.974,0.974,0.974,0.974,0.974,0.974,0.974,0.974,0.974,0.974,0.974,0.974,0.974,0.974,0.974,0.974,0.974,0.974,0.974,0.974,0.974,0.359,0.359,0.476,0.476,0.476,0.476,0.476,0.476,0.476,0.476,0.476,0.476,0.476,0.476,0.476,0.476,0.476,0.476,0.476,0.476,0.476,0.476,0.476,0.476,0.476,0.476
RGI60-19.00893,0.895,0.895,0.895,0.895,0.895,0.895,0.895,0.895,0.895,0.895,0.895,0.895,0.895,0.895,0.895,0.895,0.895,0.895,0.895,0.895,0.895,0.895,0.895,0.895,0.221,0.221,0.28,0.28,0.28,0.28,0.28,0.28,0.28,0.28,0.28,0.28,0.28,0.28,0.28,0.28,0.28,0.28,0.28,0.28,0.28,0.28,0.28,0.28,0.28,0.28
RGI60-19.00894,0.974,0.974,0.974,0.974,0.974,0.974,0.974,0.974,0.974,0.974,0.974,0.974,0.974,0.974,0.974,0.974,0.974,0.974,0.974,0.974,0.974,0.974,0.974,0.974,0.359,0.359,0.476,0.476,0.476,0.476,0.476,0.476,0.476,0.476,0.476,0.476,0.476,0.476,0.476,0.476,0.476,0.476,0.476,0.476,0.476,0.476,0.476,0.476,0.476,0.476
RGI60-19.00895,0.974,0.974,0.974,0.974,0.974,0.974,0.974,0.974,0.974,0.974,0.974,0.974,0.974,0.974,0.974,0.974,0.974,0.974,0.974,0.974,0.974,0.974,0.974,0.974,0.359,0.359,0.476,0.476,0.476,0.476,0.476,0.476,0.476,0.476,0.476,0.476,0.476,0.476,0.476,0.476,0.476,0.476,0.476,0.476,0.476,0.476,0.476,0.476,0.476,0.476
RGI60-19.00896,0.945,0.945,0.945,0.945,0.945,0.945,0.945,0.945,0.945,0.945,0.945,0.945,0.945,0.945,0.945,0.945,0.945,0.945,0.945,0.945,0.945,0.945,0.945,0.945,0.315,0.315,0.409,0.409,0.409,0.409,0.409,0.409,0.409,0.409,0.409,0.409,0.409,0.409,0.409,0.409,0.409,0.409,0.409,0.409,0.409,0.409,0.409,0.409,0.409,0.409
RGI60-19.00897,0.974,0.974,0.974,0.974,0.974,0.974,0.974,0.974,0.974,0.974,0.974,0.974,0.974,0.974,0.974,0.974,0.974,0.974,0.974,0.974,0.974,0.974,0.974,0.974,0.359,0.359,0.476,0.476,0.476,0.476,0.476,0.476,0.476,0.476,0.476,0.476,0.476,0.476,0.476,0.476,0.476,0.476,0.476,0.476,0.476,0.476,0.476,0.476,0.476,0.476
RGI60-19.00898,0.974,0.974,0.974,0.974,0.974,0.974,0.974,0.974,0.974,0.974,0.974,0.974,0.974,0.974,0.974,0.974,0.974,0.974,0.974,0.974,0.974,0.974,0.974,0.974,0.359,0.359,0.476,0.476,0.476,0.476,0.476,0.476,0.476,0.476,0.476,0.476,0.476,0.476,0.476,0.476,0.476,0.476,0.476,0.476,0.476,0.476,0.476,0.476,0.476,0.476
RGI60-19.00899,0.975,0.975,0.975,0.975,0.975,0.975,0.975,0.975,0.975,0.975,0.975,0.975,0.975,0.975,0.975,0.975,0.975,0.975,0.975,0.975,0.975,0.975,0.975,0.975,0.359,0.359,0.476,0.476,0.476,0.476,0.476,0.476,0.476,0.476,0.476,0.476,0.476,0.476,0.476,0.476,0.476,0.476,0.476,0.476,0.476,0.476,0.476,0.476,0.476,0.476
RGI60-19.00900,0.975,0.975,0.975,0.975,0.975,0.975,0.975,0.975,0.975,0.975,0.975,0.975,0.975,0.975,0.975,0.975,0.975,0.975,0.975,0.975,0.975,0.975,0.975,0.975,0.359,0.359,0.476,0.476,0.476,0.476,0.476,0.476,0.476,0.476,0.476,0.476,0.476,0.476,0.476,0.476,0.476,0.476,0.476,0.476,0.476,0.476,0.476,0.476,0.476,0.476
RGI60-19.00901,0.975,0.975,0.975,0.975,0.975,0.975,0.975,0.975,0.975,0.975,0.975,0.975,0.975,0.975,0.975,0.975,0.975,0.975,0.975,0.975,0.975,0.975,0.975,0.975,0.359,0.359,0.476,0.476,0.476,0.476,0.476,0.476,0.476,0.476,0.476,0.476,0.476,0.476,0.476,0.476,0.476,0.476,0.476,0.476,0.476,0.476,0.476,0.476,0.476,0.476
RGI60-19.00902,0.975,0.975,0.975,0.975,0.975,0.975,0.975,0.975,0.975,0.975,0.975,0.975,0.975,0.975,0.975,0.975,0.975,0.975,0.975,0.975,0.975,0.975,0.975,0.975,0.359,0.359,0.476,0.476,0.476,0.476,0.476,0.476,0.476,0.476,0.476,0.476,0.476,0.476,0.476,0.476,0.476,0.476,0.476,0.476,0.476,0.476,0.476,0.476,0.476,0.476
RGI60-19.00903,0.975,0.975,0.975,0.975,0.975,0.975,0.975,0.975,0.975,0.975,0.975,0.975,0.975,0.975,0.975,0.975,0.975,0.975,0.975,0.975,0.975,0.975,0.975,0.975,0.359,0.359,0.476,0.476,0.476,0.476,0.476,0.476,0.476,0.476,0.476,0.476,0.476,0.476,0.476,0.476,0.476,0.476,0.476,0.476,0.476,0.476,0.476,0.476,0.476,0.476
RGI60-19.00904,0.975,0.975,0.975,0.975,0.975,0.975,0.975,0.975,0.975,0.975,0.975,0.975,0.975,0.975,0.975,0.975,0.975,0.975,0.975,0.975,0.975,0.975,0.975,0.975,0.359,0.359,0.476,0.476,0.476,0.476,0.476,0.476,0.476,0.476,0.476,0.476,0.476,0.476,0.476,0.476,0.476,0.476,0.476,0.476,0.476,0.476,0.476,0.476,0.476,0.476
RGI60-19.00905,0.975,0.975,0.975,0.975,0.975,0.975,0.975,0.975,0.975,0.975,0.975,0.975,0.975,0.975,0.975,0.975,0.975,0.975,0.975,0.975,0.975,0.975,0.975,0.975,0.359,0.359,0.476,0.476,0.476,0.476,0.476,0.476,0.476,0.476,0.476,0.476,0.476,0.476,0.476,0.476,0.476,0.476,0.476,0.476,0.476,0.476,0.476,0.476,0.476,0.476
RGI60-19.00906,0.975,0.975,0.975,0.975,0.975,0.975,0.975,0.975,0.975,0.975,0.975,0.975,0.975,0.975,0.975,0.975,0.975,0.975,0.975,0.975,0.975,0.975,0.975,0.975,0.359,0.359,0.476,0.476,0.476,0.476,0.476,0.476,0.476,0.476,0.476,0.476,0.476,0.476,0.476,0.476,0.476,0.476,0.476,0.476,0.476,0.476,0.476,0.476,0.476,0.476
RGI60-19.00907,0.867,0.867,0.867,0.867,0.867,0.867,0.867,0.867,0.867,0.867,0.867,0.867,0.867,0.867,0.867,0.867,0.867,0.867,0.867,0.867,0.867,0.867,0.867,0.867,0.124,0.124,0.168,0.168,0.168,0.168,0.168,0.168,0.168,0.168,0.168,0.168,0.168,0.168,0.168,0.168,0.168,0.168,0.168,0.168,0.168,0.168,0.168,0.168,0.168,0.168
RGI60-19.00908,0.871,0.871,0.871,0.871,0.871,0.871,0.871,0.871,0.871,0.871,0.871,0.871,0.871,0.871,0.871,0.871,0.871,0.871,0.871,0.871,0.871,0.871,0.871,0.871,0.142,0.142,0.19,0.19,0.19,0.19,0.19,0.19,0.19,0.19,0.19,0.19,0.19,0.19,0.19,0.19,0.19,0.19,0.19,0.19,0.19,0.19,0.19,0.19,0.19,0.19
RGI60-19.00909,0.887,0.887,0.887,0.887,0.887,0.887,0.887,0.887,0.887,0.887,0.887,0.887,0.887,0.887,0.887,0.887,0.887,0.887,0.887,0.887,0.887,0.887,0.887,0.887,0.212,0.212,0.253,0.253,0.253,0.253,0.253,0.253,0.253,0.253,0.253,0.253,0.253,0.253,0.253,0.253,0.253,0.253,0.253,0.253,0.253,0.253,0.253,0.253,0.253,0.253
RGI60-19.00910,0.891,0.891,0.891,0.891,0.891,0.891,0.891,0.891,0.891,0.891,0.891,0.891,0.891,0.891,0.891,0.891,0.891,0.891,0.891,0.891,0.891,0.891,0.891,0.891,0.203,0.203,0.265,0.265,0.265,0.265,0.265,0.265,0.265,0.265,0.265,0.265,0.265,0.265,0.265,0.265,0.265,0.265,0.265,0.265,0.265,0.265,0.265,0.265,0.265,0.265
RGI60-19.00911,0.888,0.888,0.888,0.888,0.888,0.888,0.888,0.888,0.888,0.888,0.888,0.888,0.888,0.888,0.888,0.888,0.888,0.888,0.888,0.888,0.888,0.888,0.888,0.888,0.197,0.197,0.255,0.255,0.255,0.255,0.255,0.255,0.255,0.255,0.255,0.255,0.255,0.255,0.255,0.255,0.255,0.255,0.255,0.255,0.255,0.255,0.255,0.255,0.255,0.255
RGI60-19.00912,0.891,0.891,0.891,0.891,0.891,0.891,0.891,0.891,0.891,0.891,0.891,0.891,0.891,0.891,0.891,0.891,0.891,0.891,0.891,0.891,0.891,0.891,0.891,0.891,0.23,0.23,0.266,0.266,0.266,0.266,0.266,0.266,0.266,0.266,0.266,0.266,0.266,0.266,0.266,0.266,0.266,0.266,0.266,0.266,0.266,0.266,0.266,0.266,0.266,0.266
RGI60-19.00913,0.896,0.896,0.896,0.896,0.896,0.896,0.896,0.896,0.896,0.896,0.896,0.896,0.896,0.896,0.896,0.896,0.896,0.896,0.896,0.896,0.896,0.896,0.896,0.896,0.242,0.242,0.282,0.282,0.282,0.282,0.282,0.282,0.282,0.282,0.282,0.282,0.282,0.282,0.282,0.282,0.282,0.282,0.282,0.282,0.282,0.282,0.282,0.282,0.282,0.282
RGI60-19.00914,0.897,0.897,0.897,0.897,0.897,0.897,0.897,0.897,0.897,0.897,0.897,0.897,0.897,0.897,0.897,0.897,0.897,0.897,0.897,0.897,0.897,0.897,0.897,0.897,0.244,0.244,0.286,0.286,0.286,0.286,0.286,0.286,0.286,0.286,0.286,0.286,0.286,0.286,0.286,0.286,0.286,0.286,0.286,0.286,0.286,0.286,0.286,0.286,0.286,0.286
RGI60-19.00915,0.903,0.903,0.903,0.903,0.903,0.903,0.903,0.903,0.903,0.903,0.903,0.903,0.903,0.903,0.903,0.903,0.903,0.903,0.903,0.903,0.903,0.903,0.903,0.903,0.242,0.242,0.303,0.303,0.303,0.303,0.303,0.303,0.303,0.303,0.303,0.303,0.303,0.303,0.303,0.303,0.303,0.303,0.303,0.303,0.303,0.303,0.303,0.303,0.303,0.303
RGI60-19.00916,0.904,0.904,0.904,0.904,0.904,0.904,0.904,0.904,0.904,0.904,0.904,0.904,0.904,0.904,0.904,0.904,0.904,0.904,0.904,0.904,0.904,0.904,0.904,0.904,0.244,0.244,0.307,0.307,0.307,0.307,0.307,0.307,0.307,0.307,0.307,0.307,0.307,0.307,0.307,0.307,0.307,0.307,0.307,0.307,0.307,0.307,0.307,0.307,0.307,0.307
RGI60-19.00917,0.897,0.897,0.897,0.897,0.897,0.897,0.897,0.897,0.897,0.897,0.897,0.897,0.897,0.897,0.897,0.897,0.897,0.897,0.897,0.897,0.897,0.897,0.897,0.897,0.254,0.254,0.286,0.286,0.286,0.286,0.286,0.286,0.286,0.286,0.286,0.286,0.286,0.286,0.286,0.286,0.286,0.286,0.286,0.286,0.286,0.286,0.286,0.286,0.286,0.286
RGI60-19.00918,0.901,0.901,0.901,0.901,0.901,0.901,0.901,0.901,0.901,0.901,0.901,0.901,0.901,0.901,0.901,0.901,0.901,0.901,0.901,0.901,0.901,0.901,0.901,0.901,0.246,0.246,0.296,0.296,0.296,0.296,0.296,0.296,0.296,0.296,0.296,0.296,0.296,0.296,0.296,0.296,0.296,0.296,0.296,0.296,0.296,0.296,0.296,0.296,0.296,0.296
RGI60-19.00919,0.899,0.899,0.899,0.899,0.899,0.899,0.899,0.899,0.899,0.899,0.899,0.899,0.899,0.899,0.899,0.899,0.899,0.899,0.899,0.899,0.899,0.899,0.899,0.899,0.248,0.248,0.292,0.292,0.292,0.292,0.292,0.292,0.292,0.292,0.292,0.292,0.292,0.292,0.292,0.292,0.292,0.292,0.292,0.292,0.292,0.292,0.292,0.292,0.292,0.292
RGI60-19.00920,0.975,0.975,0.975,0.975,0.975,0.975,0.975,0.975,0.975,0.975,0.975,0.975,0.975,0.975,0.975,0.975,0.975,0.975,0.975,0.975,0.975,0.975,0.975,0.975,0.36,0.36,0.478,0.478,0.478,0.478,0.478,0.478,0.478,0.478,0.478,0.478,0.478,0.478,0.478,0.478,0.478,0.478,0.478,0.478,0.478,0.478,0.478,0.478,0.478,0.478
RGI60-19.00921,0.901,0.901,0.901,0.901,0.901,0.901,0.901,0.901,0.901,0.901,0.901,0.901,0.901,0.901,0.901,0.901,0.901,0.901,0.901,0.901,0.901,0.901,0.901,0.901,0.246,0.246,0.296,0.296,0.296,0.296,0.296,0.296,0.296,0.296,0.296,0.296,0.296,0.296,0.296,0.296,0.296,0.296,0.296,0.296,0.296,0.296,0.296,0.296,0.296,0.296
RGI60-19.00922,0.975,0.975,0.975,0.975,0.975,0.975,0.975,0.975,0.975,0.975,0.975,0.975,0.975,0.975,0.975,0.975,0.975,0.975,0.975,0.975,0.975,0.975,0.975,0.975,0.36,0.36,0.478,0.478,0.478,0.478,0.478,0.478,0.478,0.478,0.478,0.478,0.478,0.478,0.478,0.478,0.478,0.478,0.478,0.478,0.478,0.478,0.478,0.478,0.478,0.478
RGI60-19.00923,0.905,0.905,0.905,0.905,0.905,0.905,0.905,0.905,0.905,0.905,0.905,0.905,0.905,0.905,0.905,0.905,0.905,0.905,0.905,0.905,0.905,0.905,0.905,0.905,0.246,0.246,0.308,0.308,0.308,0.308,0.308,0.308,0.308,0.308,0.308,0.308,0.308,0.308,0.308,0.308,0.308,0.308,0.308,0.308,0.308,0.308,0.308,0.308,0.308,0.308
RGI60-19.00924,0.899,0.899,0.899,0.899,0.899,0.899,0.899,0.899,0.899,0.899,0.899,0.899,0.899,0.899,0.899,0.899,0.899,0.899,0.899,0.899,0.899,0.899,0.899,0.899,0.251,0.251,0.292,0.292,0.292,0.292,0.292,0.292,0.292,0.292,0.292,0.292,0.292,0.292,0.292,0.292,0.292,0.292,0.292,0.292,0.292,0.292,0.292,0.292,0.292,0.292
RGI60-19.00925,0.901,0.901,0.901,0.901,0.901,0.901,0.901,0.901,0.901,0.901,0.901,0.901,0.901,0.901,0.901,0.901,0.901,0.901,0.901,0.901,0.901,0.901,0.901,0.901,0.246,0.246,0.298,0.298,0.298,0.298,0.298,0.298,0.298,0.298,0.298,0.298,0.298,0.298,0.298,0.298,0.298,0.298,0.298,0.298,0.298,0.298,0.298,0.298,0.298,0.298
RGI60-19.00926,0.901,0.901,0.901,0.901,0.901,0.901,0.901,0.901,0.901,0.901,0.901,0.901,0.901,0.901,0.901,0.901,0.901,0.901,0.901,0.901,0.901,0.901,0.901,0.901,0.246,0.246,0.299,0.299,0.299,0.299,0.299,0.299,0.299,0.299,0.299,0.299,0.299,0.299,0.299,0.299,0.299,0.299,0.299,0.299,0.299,0.299,0.299,0.299,0.299,0.299
RGI60-19.00927,0.975,0.975,0.975,0.975,0.975,0.975,0.975,0.975,0.975,0.975,0.975,0.975,0.975,0.975,0.975,0.975,0.975,0.975,0.975,0.975,0.975,0.975,0.975,0.975,0.36,0.36,0.478,0.478,0.478,0.478,0.478,0.478,0.478,0.478,0.478,0.478,0.478,0.478,0.478,0.478,0.478,0.478,0.478,0.478,0.478,0.478,0.478,0.478,0.478,0.478
RGI60-19.00928,0.975,0.975,0.975,0.975,0.975,0.975,0.975,0.975,0.975,0.975,0.975,0.975,0.975,0.975,0.975,0.975,0.975,0.975,0.975,0.975,0.975,0.975,0.975,0.975,0.36,0.36,0.478,0.478,0.478,0.478,0.478,0.478,0.478,0.478,0.478,0.478,0.478,0.478,0.478,0.478,0.478,0.478,0.478,0.478,0.478,0.478,0.478,0.478,0.478,0.478
RGI60-19.00929,0.975,0.975,0.975,0.975,0.975,0.975,0.975,0.975,0.975,0.975,0.975,0.975,0.975,0.975,0.975,0.975,0.975,0.975,0.975,0.975,0.975,0.975,0.975,0.975,0.36,0.36,0.478,0.478,0.478,0.478,0.478,0.478,0.478,0.478,0.478,0.478,0.478,0.478,0.478,0.478,0.478,0.478,0.478,0.478,0.478,0.478,0.478,0.478,0.478,0.478
RGI60-19.00930,0.975,0.975,0.975,0.975,0.975,0.975,0.975,0.975,0.975,0.975,0.975,0.975,0.975,0.975,0.975,0.975,0.975,0.975,0.975,0.975,0.975,0.975,0.975,0.975,0.36,0.36,0.478,0.478,0.478,0.478,0.478,0.478,0.478,0.478,0.478,0.478,0.478,0.478,0.478,0.478,0.478,0.478,0.478,0.478,0.478,0.478,0.478,0.478,0.478,0.478
RGI60-19.00931,0.975,0.975,0.975,0.975,0.975,0.975,0.975,0.975,0.975,0.975,0.975,0.975,0.975,0.975,0.975,0.975,0.975,0.975,0.975,0.975,0.975,0.975,0.975,0.975,0.36,0.36,0.478,0.478,0.478,0.478,0.478,0.478,0.478,0.478,0.478,0.478,0.478,0.478,0.478,0.478,0.478,0.478,0.478,0.478,0.478,0.478,0.478,0.478,0.478,0.478
RGI60-19.00932,0.975,0.975,0.975,0.975,0.975,0.975,0.975,0.975,0.975,0.975,0.975,0.975,0.975,0.975,0.975,0.975,0.975,0.975,0.975,0.975,0.975,0.975,0.975,0.975,0.36,0.36,0.478,0.478,0.478,0.478,0.478,0.478,0.478,0.478,0.478,0.478,0.478,0.478,0.478,0.478,0.478,0.478,0.478,0.478,0.478,0.478,0.478,0.478,0.478,0.478
RGI60-19.00933,0.975,0.975,0.975,0.975,0.975,0.975,0.975,0.975,0.975,0.975,0.975,0.975,0.975,0.975,0.975,0.975,0.975,0.975,0.975,0.975,0.975,0.975,0.975,0.975,0.36,0.36,0.478,0.478,0.478,0.478,0.478,0.478,0.478,0.478,0.478,0.478,0.478,0.478,0.478,0.478,0.478,0.478,0.478,0.478,0.478,0.478,0.478,0.478,0.478,0.478
RGI60-19.00934,0.902,0.902,0.902,0.902,0.902,0.902,0.902,0.902,0.902,0.902,0.902,0.902,0.902,0.902,0.902,0.902,0.902,0.902,0.902,0.902,0.902,0.902,0.902,0.902,0.252,0.252,0.3,0.3,0.3,0.3,0.3,0.3,0.3,0.3,0.3,0.3,0.3,0.3,0.3,0.3,0.3,0.3,0.3,0.3,0.3,0.3,0.3,0.3,0.3,0.3
RGI60-19.00935,0.903,0.903,0.903,0.903,0.903,0.903,0.903,0.903,0.903,0.903,0.903,0.903,0.903,0.903,0.903,0.903,0.903,0.903,0.903,0.903,0.903,0.903,0.903,0.903,0.25,0.25,0.304,0.304,0.304,0.304,0.304,0.304,0.304,0.304,0.304,0.304,0.304,0.304,0.304,0.304,0.304,0.304,0.304,0.304,0.304,0.304,0.304,0.304,0.304,0.304
RGI60-19.00936,0.903,0.903,0.903,0.903,0.903,0.903,0.903,0.903,0.903,0.903,0.903,0.903,0.903,0.903,0.903,0.903,0.903,0.903,0.903,0.903,0.903,0.903,0.903,0.903,0.25,0.25,0.304,0.304,0.304,0.304,0.304,0.304,0.304,0.304,0.304,0.304,0.304,0.304,0.304,0.304,0.304,0.304,0.304,0.304,0.304,0.304,0.304,0.304,0.304,0.304
RGI60-19.00937,0.975,0.975,0.975,0.975,0.975,0.975,0.975,0.975,0.975,0.975,0.975,0.975,0.975,0.975,0.975,0.975,0.975,0.975,0.975,0.975,0.975,0.975,0.975,0.975,0.36,0.36,0.478,0.478,0.478,0.478,0.478,0.478,0.478,0.478,0.478,0.478,0.478,0.478,0.478,0.478,0.478,0.478,0.478,0.478,0.478,0.478,0.478,0.478,0.478,0.478
RGI60-19.00938,0.975,0.975,0.975,0.975,0.975,0.975,0.975,0.975,0.975,0.975,0.975,0.975,0.975,0.975,0.975,0.975,0.975,0.975,0.975,0.975,0.975,0.975,0.975,0.975,0.36,0.36,0.478,0.478,0.478,0.478,0.478,0.478,0.478,0.478,0.478,0.478,0.478,0.478,0.478,0.478,0.478,0.478,0.478,0.478,0.478,0.478,0.478,0.478,0.478,0.478
RGI60-19.00939,0.945,0.945,0.945,0.945,0.945,0.945,0.945,0.945,0.945,0.945,0.945,0.945,0.945,0.945,0.945,0.945,0.945,0.945,0.945,0.945,0.945,0.945,0.945,0.945,0.315,0.315,0.409,0.409,0.409,0.409,0.409,0.409,0.409,0.409,0.409,0.409,0.409,0.409,0.409,0.409,0.409,0.409,0.409,0.409,0.409,0.409,0.409,0.409,0.409,0.409
RGI60-19.00940,0.975,0.975,0.975,0.975,0.975,0.975,0.975,0.975,0.975,0.975,0.975,0.975,0.975,0.975,0.975,0.975,0.975,0.975,0.975,0.975,0.975,0.975,0.975,0.975,0.36,0.36,0.478,0.478,0.478,0.478,0.478,0.478,0.478,0.478,0.478,0.478,0.478,0.478,0.478,0.478,0.478,0.478,0.478,0.478,0.478,0.478,0.478,0.478,0.478,0.478
RGI60-19.00941,0.903,0.903,0.903,0.903,0.903,0.903,0.903,0.903,0.903,0.903,0.903,0.903,0.903,0.903,0.903,0.903,0.903,0.903,0.903,0.903,0.903,0.903,0.903,0.903,0.253,0.253,0.303,0.303,0.303,0.303,0.303,0.303,0.303,0.303,0.303,0.303,0.303,0.303,0.303,0.303,0.303,0.303,0.303,0.303,0.303,0.303,0.303,0.303,0.303,0.303
RGI60-19.00942,0.904,0.904,0.904,0.904,0.904,0.904,0.904,0.904,0.904,0.904,0.904,0.904,0.904,0.904,0.904,0.904,0.904,0.904,0.904,0.904,0.904,0.904,0.904,0.904,0.253,0.253,0.305,0.305,0.305,0.305,0.305,0.305,0.305,0.305,0.305,0.305,0.305,0.305,0.305,0.305,0.305,0.305,0.305,0.305,0.305,0.305,0.305,0.305,0.305,0.305
RGI60-19.00943,0.904,0.904,0.904,0.904,0.904,0.904,0.904,0.904,0.904,0.904,0.904,0.904,0.904,0.904,0.904,0.904,0.904,0.904,0.904,0.904,0.904,0.904,0.904,0.904,0.253,0.253,0.305,0.305,0.305,0.305,0.305,0.305,0.305,0.305,0.305,0.305,0.305,0.305,0.305,0.305,0.305,0.305,0.305,0.305,0.305,0.305,0.305,0.305,0.305,0.305
RGI60-19.00944,0.905,0.905,0.905,0.905,0.905,0.905,0.905,0.905,0.905,0.905,0.905,0.905,0.905,0.905,0.905,0.905,0.905,0.905,0.905,0.905,0.905,0.905,0.905,0.905,0.254,0.254,0.308,0.308,0.308,0.308,0.308,0.308,0.308,0.308,0.308,0.308,0.308,0.308,0.308,0.308,0.308,0.308,0.308,0.308,0.308,0.308,0.308,0.308,0.308,0.308
RGI60-19.00945,0.905,0.905,0.905,0.905,0.905,0.905,0.905,0.905,0.905,0.905,0.905,0.905,0.905,0.905,0.905,0.905,0.905,0.905,0.905,0.905,0.905,0.905,0.905,0.905,0.254,0.254,0.309,0.309,0.309,0.309,0.309,0.309,0.309,0.309,0.309,0.309,0.309,0.309,0.309,0.309,0.309,0.309,0.309,0.309,0.309,0.309,0.309,0.309,0.309,0.309
RGI60-19.00946,0.975,0.975,0.975,0.975,0.975,0.975,0.975,0.975,0.975,0.975,0.975,0.975,0.975,0.975,0.975,0.975,0.975,0.975,0.975,0.975,0.975,0.975,0.975,0.975,0.36,0.36,0.478,0.478,0.478,0.478,0.478,0.478,0.478,0.478,0.478,0.478,0.478,0.478,0.478,0.478,0.478,0.478,0.478,0.478,0.478,0.478,0.478,0.478,0.478,0.478
RGI60-19.00947,0.975,0.975,0.975,0.975,0.975,0.975,0.975,0.975,0.975,0.975,0.975,0.975,0.975,0.975,0.975,0.975,0.975,0.975,0.975,0.975,0.975,0.975,0.975,0.975,0.36,0.36,0.478,0.478,0.478,0.478,0.478,0.478,0.478,0.478,0.478,0.478,0.478,0.478,0.478,0.478,0.478,0.478,0.478,0.478,0.478,0.478,0.478,0.478,0.478,0.478
RGI60-19.00948,0.975,0.975,0.975,0.975,0.975,0.975,0.975,0.975,0.975,0.975,0.975,0.975,0.975,0.975,0.975,0.975,0.975,0.975,0.975,0.975,0.975,0.975,0.975,0.975,0.36,0.36,0.478,0.478,0.478,0.478,0.478,0.478,0.478,0.478,0.478,0.478,0.478,0.478,0.478,0.478,0.478,0.478,0.478,0.478,0.478,0.478,0.478,0.478,0.478,0.478
RGI60-19.00949,0.975,0.975,0.975,0.975,0.975,0.975,0.975,0.975,0.975,0.975,0.975,0.975,0.975,0.975,0.975,0.975,0.975,0.975,0.975,0.975,0.975,0.975,0.975,0.975,0.36,0.36,0.478,0.478,0.478,0.478,0.478,0.478,0.478,0.478,0.478,0.478,0.478,0.478,0.478,0.478,0.478,0.478,0.478,0.478,0.478,0.478,0.478,0.478,0.478,0.478
RGI60-19.00950,0.905,0.905,0.905,0.905,0.905,0.905,0.905,0.905,0.905,0.905,0.905,0.905,0.905,0.905,0.905,0.905,0.905,0.905,0.905,0.905,0.905,0.905,0.905,0.905,0.255,0.255,0.31,0.31,0.31,0.31,0.31,0.31,0.31,0.31,0.31,0.31,0.31,0.31,0.31,0.31,0.31,0.31,0.31,0.31,0.31,0.31,0.31,0.31,0.31,0.31
RGI60-19.00951,0.906,0.906,0.906,0.906,0.906,0.906,0.906,0.906,0.906,0.906,0.906,0.906,0.906,0.906,0.906,0.906,0.906,0.906,0.906,0.906,0.906,0.906,0.906,0.906,0.255,0.255,0.312,0.312,0.312,0.312,0.312,0.312,0.312,0.312,0.312,0.312,0.312,0.312,0.312,0.312,0.312,0.312,0.312,0.312,0.312,0.312,0.312,0.312,0.312,0.312
RGI60-19.00952,0.945,0.945,0.945,0.945,0.945,0.945,0.945,0.945,0.945,0.945,0.945,0.945,0.945,0.945,0.945,0.945,0.945,0.945,0.945,0.945,0.945,0.945,0.945,0.945,0.315,0.315,0.409,0.409,0.409,0.409,0.409,0.409,0.409,0.409,0.409,0.409,0.409,0.409,0.409,0.409,0.409,0.409,0.409,0.409,0.409,0.409,0.409,0.409,0.409,0.409
RGI60-19.00953,0.975,0.975,0.975,0.975,0.975,0.975,0.975,0.975,0.975,0.975,0.975,0.975,0.975,0.975,0.975,0.975,0.975,0.975,0.975,0.975,0.975,0.975,0.975,0.975,0.36,0.36,0.478,0.478,0.478,0.478,0.478,0.478,0.478,0.478,0.478,0.478,0.478,0.478,0.478,0.478,0.478,0.478,0.478,0.478,0.478,0.478,0.478,0.478,0.478,0.478
RGI60-19.00954,0.906,0.906,0.906,0.906,0.906,0.906,0.906,0.906,0.906,0.906,0.906,0.906,0.906,0.906,0.906,0.906,0.906,0.906,0.906,0.906,0.906,0.906,0.906,0.906,0.256,0.256,0.313,0.313,0.313,0.313,0.313,0.313,0.313,0.313,0.313,0.313,0.313,0.313,0.313,0.313,0.313,0.313,0.313,0.313,0.313,0.313,0.313,0.313,0.313,0.313
RGI60-19.00955,0.906,0.906,0.906,0.906,0.906,0.906,0.906,0.906,0.906,0.906,0.906,0.906,0.906,0.906,0.906,0.906,0.906,0.906,0.906,0.906,0.906,0.906,0.906,0.906,0.257,0.257,0.313,0.313,0.313,0.313,0.313,0.313,0.313,0.313,0.313,0.313,0.313,0.313,0.313,0.313,0.313,0.313,0.313,0.313,0.313,0.313,0.313,0.313,0.313,0.313
RGI60-19.00956,0.906,0.906,0.906,0.906,0.906,0.906,0.906,0.906,0.906,0.906,0.906,0.906,0.906,0.906,0.906,0.906,0.906,0.906,0.906,0.906,0.906,0.906,0.906,0.906,0.258,0.258,0.313,0.313,0.313,0.313,0.313,0.313,0.313,0.313,0.313,0.313,0.313,0.313,0.313,0.313,0.313,0.313,0.313,0.313,0.313,0.313,0.313,0.313,0.313,0.313
RGI60-19.00957,0.906,0.906,0.906,0.906,0.906,0.906,0.906,0.906,0.906,0.906,0.906,0.906,0.906,0.906,0.906,0.906,0.906,0.906,0.906,0.906,0.906,0.906,0.906,0.906,0.258,0.258,0.313,0.313,0.313,0.313,0.313,0.313,0.313,0.313,0.313,0.313,0.313,0.313,0.313,0.313,0.313,0.313,0.313,0.313,0.313,0.313,0.313,0.313,0.313,0.313
RGI60-19.00958,0.906,0.906,0.906,0.906,0.906,0.906,0.906,0.906,0.906,0.906,0.906,0.906,0.906,0.906,0.906,0.906,0.906,0.906,0.906,0.906,0.906,0.906,0.906,0.906,0.258,0.258,0.313,0.313,0.313,0.313,0.313,0.313,0.313,0.313,0.313,0.313,0.313,0.313,0.313,0.313,0.313,0.313,0.313,0.313,0.313,0.313,0.313,0.313,0.313,0.313
RGI60-19.00959,0.906,0.906,0.906,0.906,0.906,0.906,0.906,0.906,0.906,0.906,0.906,0.906,0.906,0.906,0.906,0.906,0.906,0.906,0.906,0.906,0.906,0.906,0.906,0.906,0.258,0.258,0.314,0.314,0.314,0.314,0.314,0.314,0.314,0.314,0.314,0.314,0.314,0.314,0.314,0.314,0.314,0.314,0.314,0.314,0.314,0.314,0.314,0.314,0.314,0.314
RGI60-19.00960,0.907,0.907,0.907,0.907,0.907,0.907,0.907,0.907,0.907,0.907,0.907,0.907,0.907,0.907,0.907,0.907,0.907,0.907,0.907,0.907,0.907,0.907,0.907,0.907,0.258,0.258,0.314,0.314,0.314,0.314,0.314,0.314,0.314,0.314,0.314,0.314,0.314,0.314,0.314,0.314,0.314,0.314,0.314,0.314,0.314,0.314,0.314,0.314,0.314,0.314
RGI60-19.00961,0.907,0.907,0.907,0.907,0.907,0.907,0.907,0.907,0.907,0.907,0.907,0.907,0.907,0.907,0.907,0.907,0.907,0.907,0.907,0.907,0.907,0.907,0.907,0.907,0.258,0.258,0.314,0.314,0.314,0.314,0.314,0.314,0.314,0.314,0.314,0.314,0.314,0.314,0.314,0.314,0.314,0.314,0.314,0.314,0.314,0.314,0.314,0.314,0.314,0.314
RGI60-19.00962,0.907,0.907,0.907,0.907,0.907,0.907,0.907,0.907,0.907,0.907,0.907,0.907,0.907,0.907,0.907,0.907,0.907,0.907,0.907,0.907,0.907,0.907,0.907,0.907,0.258,0.258,0.314,0.314,0.314,0.314,0.314,0.314,0.314,0.314,0.314,0.314,0.314,0.314,0.314,0.314,0.314,0.314,0.314,0.314,0.314,0.314,0.314,0.314,0.314,0.314
RGI60-19.00963,0.907,0.907,0.907,0.907,0.907,0.907,0.907,0.907,0.907,0.907,0.907,0.907,0.907,0.907,0.907,0.907,0.907,0.907,0.907,0.907,0.907,0.907,0.907,0.907,0.258,0.258,0.314,0.314,0.314,0.314,0.314,0.314,0.314,0.314,0.314,0.314,0.314,0.314,0.314,0.314,0.314,0.314,0.314,0.314,0.314,0.314,0.314,0.314,0.314,0.314
RGI60-19.00964,0.907,0.907,0.907,0.907,0.907,0.907,0.907,0.907,0.907,0.907,0.907,0.907,0.907,0.907,0.907,0.907,0.907,0.907,0.907,0.907,0.907,0.907,0.907,0.907,0.258,0.258,0.314,0.314,0.314,0.314,0.314,0.314,0.314,0.314,0.314,0.314,0.314,0.314,0.314,0.314,0.314,0.314,0.314,0.314,0.314,0.314,0.314,0.314,0.314,0.314
RGI60-19.00965,0.907,0.907,0.907,0.907,0.907,0.907,0.907,0.907,0.907,0.907,0.907,0.907,0.907,0.907,0.907,0.907,0.907,0.907,0.907,0.907,0.907,0.907,0.907,0.907,0.259,0.259,0.314,0.314,0.314,0.314,0.314,0.314,0.314,0.314,0.314,0.314,0.314,0.314,0.314,0.314,0.314,0.314,0.314,0.314,0.314,0.314,0.314,0.314,0.314,0.314
RGI60-19.00966,0.945,0.945,0.945,0.945,0.945,0.945,0.945,0.945,0.945,0.945,0.945,0.945,0.945,0.945,0.945,0.945,0.945,0.945,0.945,0.945,0.945,0.945,0.945,0.945,0.315,0.315,0.409,0.409,0.409,0.409,0.409,0.409,0.409,0.409,0.409,0.409,0.409,0.409,0.409,0.409,0.409,0.409,0.409,0.409,0.409,0.409,0.409,0.409,0.409,0.409
RGI60-19.00967,0.907,0.907,0.907,0.907,0.907,0.907,0.907,0.907,0.907,0.907,0.907,0.907,0.907,0.907,0.907,0.907,0.907,0.907,0.907,0.907,0.907,0.907,0.907,0.907,0.258,0.258,0.314,0.314,0.314,0.314,0.314,0.314,0.314,0.314,0.314,0.314,0.314,0.314,0.314,0.314,0.314,0.314,0.314,0.314,0.314,0.314,0.314,0.314,0.314,0.314
RGI60-19.00968,0.907,0.907,0.907,0.907,0.907,0.907,0.907,0.907,0.907,0.907,0.907,0.907,0.907,0.907,0.907,0.907,0.907,0.907,0.907,0.907,0.907,0.907,0.907,0.907,0.258,0.258,0.314,0.314,0.314,0.314,0.314,0.314,0.314,0.314,0.314,0.314,0.314,0.314,0.314,0.314,0.314,0.314,0.314,0.314,0.314,0.314,0.314,0.314,0.314,0.314
RGI60-19.00969,0.907,0.907,0.907,0.907,0.907,0.907,0.907,0.907,0.907,0.907,0.907,0.907,0.907,0.907,0.907,0.907,0.907,0.907,0.907,0.907,0.907,0.907,0.907,0.907,0.258,0.258,0.314,0.314,0.314,0.314,0.314,0.314,0.314,0.314,0.314,0.314,0.314,0.314,0.314,0.314,0.314,0.314,0.314,0.314,0.314,0.314,0.314,0.314,0.314,0.314
RGI60-19.00970,0.945,0.945,0.945,0.945,0.945,0.945,0.945,0.945,0.945,0.945,0.945,0.945,0.945,0.945,0.945,0.945,0.945,0.945,0.945,0.945,0.945,0.945,0.945,0.945,0.315,0.315,0.409,0.409,0.409,0.409,0.409,0.409,0.409,0.409,0.409,0.409,0.409,0.409,0.409,0.409,0.409,0.409,0.409,0.409,0.409,0.409,0.409,0.409,0.409,0.409
RGI60-19.00971,0.945,0.945,0.945,0.945,0.945,0.945,0.945,0.945,0.945,0.945,0.945,0.945,0.945,0.945,0.945,0.945,0.945,0.945,0.945,0.945,0.945,0.945,0.945,0.945,0.315,0.315,0.409,0.409,0.409,0.409,0.409,0.409,0.409,0.409,0.409,0.409,0.409,0.409,0.409,0.409,0.409,0.409,0.409,0.409,0.409,0.409,0.409,0.409,0.409,0.409
RGI60-19.00972,0.907,0.907,0.907,0.907,0.907,0.907,0.907,0.907,0.907,0.907,0.907,0.907,0.907,0.907,0.907,0.907,0.907,0.907,0.907,0.907,0.907,0.907,0.907,0.907,0.259,0.259,0.316,0.316,0.316,0.316,0.316,0.316,0.316,0.316,0.316,0.316,0.316,0.316,0.316,0.316,0.316,0.316,0.316,0.316,0.316,0.316,0.316,0.316,0.316,0.316
RGI60-19.00973,0.945,0.945,0.945,0.945,0.945,0.945,0.945,0.945,0.945,0.945,0.945,0.945,0.945,0.945,0.945,0.945,0.945,0.945,0.945,0.945,0.945,0.945,0.945,0.945,0.315,0.315,0.409,0.409,0.409,0.409,0.409,0.409,0.409,0.409,0.409,0.409,0.409,0.409,0.409,0.409,0.409,0.409,0.409,0.409,0.409,0.409,0.409,0.409,0.409,0.409
RGI60-19.00974,0.907,0.907,0.907,0.907,0.907,0.907,0.907,0.907,0.907,0.907,0.907,0.907,0.907,0.907,0.907,0.907,0.907,0.907,0.907,0.907,0.907,0.907,0.907,0.907,0.259,0.259,0.316,0.316,0.316,0.316,0.316,0.316,0.316,0.316,0.316,0.316,0.316,0.316,0.316,0.316,0.316,0.316,0.316,0.316,0.316,0.316,0.316,0.316,0.316,0.316
RGI60-19.00975,0.907,0.907,0.907,0.907,0.907,0.907,0.907,0.907,0.907,0.907,0.907,0.907,0.907,0.907,0.907,0.907,0.907,0.907,0.907,0.907,0.907,0.907,0.907,0.907,0.259,0.259,0.316,0.316,0.316,0.316,0.316,0.316,0.316,0.316,0.316,0.316,0.316,0.316,0.316,0.316,0.316,0.316,0.316,0.316,0.316,0.316,0.316,0.316,0.316,0.316
RGI60-19.00976,0.907,0.907,0.907,0.907,0.907,0.907,0.907,0.907,0.907,0.907,0.907,0.907,0.907,0.907,0.907,0.907,0.907,0.907,0.907,0.907,0.907,0.907,0.907,0.907,0.259,0.259,0.316,0.316,0.316,0.316,0.316,0.316,0.316,0.316,0.316,0.316,0.316,0.316,0.316,0.316,0.316,0.316,0.316,0.316,0.316,0.316,0.316,0.316,0.316,0.316
RGI60-19.00977,0.907,0.907,0.907,0.907,0.907,0.907,0.907,0.907,0.907,0.907,0.907,0.907,0.907,0.907,0.907,0.907,0.907,0.907,0.907,0.907,0.907,0.907,0.907,0.907,0.259,0.259,0.316,0.316,0.316,0.316,0.316,0.316,0.316,0.316,0.316,0.316,0.316,0.316,0.316,0.316,0.316,0.316,0.316,0.316,0.316,0.316,0.316,0.316,0.316,0.316
RGI60-19.00978,0.907,0.907,0.907,0.907,0.907,0.907,0.907,0.907,0.907,0.907,0.907,0.907,0.907,0.907,0.907,0.907,0.907,0.907,0.907,0.907,0.907,0.907,0.907,0.907,0.259,0.259,0.316,0.316,0.316,0.316,0.316,0.316,0.316,0.316,0.316,0.316,0.316,0.316,0.316,0.316,0.316,0.316,0.316,0.316,0.316,0.316,0.316,0.316,0.316,0.316
RGI60-19.00979,0.907,0.907,0.907,0.907,0.907,0.907,0.907,0.907,0.907,0.907,0.907,0.907,0.907,0.907,0.907,0.907,0.907,0.907,0.907,0.907,0.907,0.907,0.907,0.907,0.26,0.26,0.316,0.316,0.316,0.316,0.316,0.316,0.316,0.316,0.316,0.316,0.316,0.316,0.316,0.316,0.316,0.316,0.316,0.316,0.316,0.316,0.316,0.316,0.316,0.316
RGI60-19.00980,0.907,0.907,0.907,0.907,0.907,0.907,0.907,0.907,0.907,0.907,0.907,0.907,0.907,0.907,0.907,0.907,0.907,0.907,0.907,0.907,0.907,0.907,0.907,0.907,0.259,0.259,0.316,0.316,0.316,0.316,0.316,0.316,0.316,0.316,0.316,0.316,0.316,0.316,0.316,0.316,0.316,0.316,0.316,0.316,0.316,0.316,0.316,0.316,0.316,0.316
RGI60-19.00981,0.907,0.907,0.907,0.907,0.907,0.907,0.907,0.907,0.907,0.907,0.907,0.907,0.907,0.907,0.907,0.907,0.907,0.907,0.907,0.907,0.907,0.907,0.907,0.907,0.26,0.26,0.316,0.316,0.316,0.316,0.316,0.316,0.316,0.316,0.316,0.316,0.316,0.316,0.316,0.316,0.316,0.316,0.316,0.316,0.316,0.316,0.316,0.316,0.316,0.316
RGI60-19.00982,0.907,0.907,0.907,0.907,0.907,0.907,0.907,0.907,0.907,0.907,0.907,0.907,0.907,0.907,0.907,0.907,0.907,0.907,0.907,0.907,0.907,0.907,0.907,0.907,0.26,0.26,0.317,0.317,0.317,0.317,0.317,0.317,0.317,0.317,0.317,0.317,0.317,0.317,0.317,0.317,0.317,0.317,0.317,0.317,0.317,0.317,0.317,0.317,0.317,0.317
RGI60-19.00983,0.907,0.907,0.907,0.907,0.907,0.907,0.907,0.907,0.907,0.907,0.907,0.907,0.907,0.907,0.907,0.907,0.907,0.907,0.907,0.907,0.907,0.907,0.907,0.907,0.261,0.261,0.316,0.316,0.316,0.316,0.316,0.316,0.316,0.316,0.316,0.316,0.316,0.316,0.316,0.316,0.316,0.316,0.316,0.316,0.316,0.316,0.316,0.316,0.316,0.316
RGI60-19.00984,0.907,0.907,0.907,0.907,0.907,0.907,0.907,0.907,0.907,0.907,0.907,0.907,0.907,0.907,0.907,0.907,0.907,0.907,0.907,0.907,0.907,0.907,0.907,0.907,0.261,0.261,0.316,0.316,0.316,0.316,0.316,0.316,0.316,0.316,0.316,0.316,0.316,0.316,0.316,0.316,0.316,0.316,0.316,0.316,0.316,0.316,0.316,0.316,0.316,0.316
RGI60-19.00985,0.907,0.907,0.907,0.907,0.907,0.907,0.907,0.907,0.907,0.907,0.907,0.907,0.907,0.907,0.907,0.907,0.907,0.907,0.907,0.907,0.907,0.907,0.907,0.907,0.261,0.261,0.316,0.316,0.316,0.316,0.316,0.316,0.316,0.316,0.316,0.316,0.316,0.316,0.316,0.316,0.316,0.316,0.316,0.316,0.316,0.316,0.316,0.316,0.316,0.316
RGI60-19.00986,0.908,0.908,0.908,0.908,0.908,0.908,0.908,0.908,0.908,0.908,0.908,0.908,0.908,0.908,0.908,0.908,0.908,0.908,0.908,0.908,0.908,0.908,0.908,0.908,0.261,0.261,0.317,0.317,0.317,0.317,0.317,0.317,0.317,0.317,0.317,0.317,0.317,0.317,0.317,0.317,0.317,0.317,0.317,0.317,0.317,0.317,0.317,0.317,0.317,0.317
RGI60-19.00987,0.908,0.908,0.908,0.908,0.908,0.908,0.908,0.908,0.908,0.908,0.908,0.908,0.908,0.908,0.908,0.908,0.908,0.908,0.908,0.908,0.908,0.908,0.908,0.908,0.26,0.26,0.318,0.318,0.318,0.318,0.318,0.318,0.318,0.318,0.318,0.318,0.318,0.318,0.318,0.318,0.318,0.318,0.318,0.318,0.318,0.318,0.318,0.318,0.318,0.318
RGI60-19.00988,0.908,0.908,0.908,0.908,0.908,0.908,0.908,0.908,0.908,0.908,0.908,0.908,0.908,0.908,0.908,0.908,0.908,0.908,0.908,0.908,0.908,0.908,0.908,0.908,0.26,0.26,0.319,0.319,0.319,0.319,0.319,0.319,0.319,0.319,0.319,0.319,0.319,0.319,0.319,0.319,0.319,0.319,0.319,0.319,0.319,0.319,0.319,0.319,0.319,0.319
RGI60-19.00989,0.908,0.908,0.908,0.908,0.908,0.908,0.908,0.908,0.908,0.908,0.908,0.908,0.908,0.908,0.908,0.908,0.908,0.908,0.908,0.908,0.908,0.908,0.908,0.908,0.261,0.261,0.318,0.318,0.318,0.318,0.318,0.318,0.318,0.318,0.318,0.318,0.318,0.318,0.318,0.318,0.318,0.318,0.318,0.318,0.318,0.318,0.318,0.318,0.318,0.318
RGI60-19.00990,0.908,0.908,0.908,0.908,0.908,0.908,0.908,0.908,0.908,0.908,0.908,0.908,0.908,0.908,0.908,0.908,0.908,0.908,0.908,0.908,0.908,0.908,0.908,0.908,0.262,0.262,0.318,0.318,0.318,0.318,0.318,0.318,0.318,0.318,0.318,0.318,0.318,0.318,0.318,0.318,0.318,0.318,0.318,0.318,0.318,0.318,0.318,0.318,0.318,0.318
RGI60-19.00991,0.908,0.908,0.908,0.908,0.908,0.908,0.908,0.908,0.908,0.908,0.908,0.908,0.908,0.908,0.908,0.908,0.908,0.908,0.908,0.908,0.908,0.908,0.908,0.908,0.262,0.262,0.318,0.318,0.318,0.318,0.318,0.318,0.318,0.318,0.318,0.318,0.318,0.318,0.318,0.318,0.318,0.318,0.318,0.318,0.318,0.318,0.318,0.318,0.318,0.318
RGI60-19.00992,0.908,0.908,0.908,0.908,0.908,0.908,0.908,0.908,0.908,0.908,0.908,0.908,0.908,0.908,0.908,0.908,0.908,0.908,0.908,0.908,0.908,0.908,0.908,0.908,0.262,0.262,0.318,0.318,0.318,0.318,0.318,0.318,0.318,0.318,0.318,0.318,0.318,0.318,0.318,0.318,0.318,0.318,0.318,0.318,0.318,0.318,0.318,0.318,0.318,0.318
RGI60-19.00993,0.908,0.908,0.908,0.908,0.908,0.908,0.908,0.908,0.908,0.908,0.908,0.908,0.908,0.908,0.908,0.908,0.908,0.908,0.908,0.908,0.908,0.908,0.908,0.908,0.262,0.262,0.318,0.318,0.318,0.318,0.318,0.318,0.318,0.318,0.318,0.318,0.318,0.318,0.318,0.318,0.318,0.318,0.318,0.318,0.318,0.318,0.318,0.318,0.318,0.318
RGI60-19.00994,0.908,0.908,0.908,0.908,0.908,0.908,0.908,0.908,0.908,0.908,0.908,0.908,0.908,0.908,0.908,0.908,0.908,0.908,0.908,0.908,0.908,0.908,0.908,0.908,0.262,0.262,0.318,0.318,0.318,0.318,0.318,0.318,0.318,0.318,0.318,0.318,0.318,0.318,0.318,0.318,0.318,0.318,0.318,0.318,0.318,0.318,0.318,0.318,0.318,0.318
RGI60-19.00995,0.908,0.908,0.908,0.908,0.908,0.908,0.908,0.908,0.908,0.908,0.908,0.908,0.908,0.908,0.908,0.908,0.908,0.908,0.908,0.908,0.908,0.908,0.908,0.908,0.262,0.262,0.319,0.319,0.319,0.319,0.319,0.319,0.319,0.319,0.319,0.319,0.319,0.319,0.319,0.319,0.319,0.319,0.319,0.319,0.319,0.319,0.319,0.319,0.319,0.319
RGI60-19.00996,0.908,0.908,0.908,0.908,0.908,0.908,0.908,0.908,0.908,0.908,0.908,0.908,0.908,0.908,0.908,0.908,0.908,0.908,0.908,0.908,0.908,0.908,0.908,0.908,0.262,0.262,0.319,0.319,0.319,0.319,0.319,0.319,0.319,0.319,0.319,0.319,0.319,0.319,0.319,0.319,0.319,0.319,0.319,0.319,0.319,0.319,0.319,0.319,0.319,0.319
RGI60-19.00997,0.945,0.945,0.945,0.945,0.945,0.945,0.945,0.945,0.945,0.945,0.945,0.945,0.945,0.945,0.945,0.945,0.945,0.945,0.945,0.945,0.945,0.945,0.945,0.945,0.315,0.315,0.409,0.409,0.409,0.409,0.409,0.409,0.409,0.409,0.409,0.409,0.409,0.409,0.409,0.409,0.409,0.409,0.409,0.409,0.409,0.409,0.409,0.409,0.409,0.409
RGI60-19.00998,0.945,0.945,0.945,0.945,0.945,0.945,0.945,0.945,0.945,0.945,0.945,0.945,0.945,0.945,0.945,0.945,0.945,0.945,0.945,0.945,0.945,0.945,0.945,0.945,0.315,0.315,0.409,0.409,0.409,0.409,0.409,0.409,0.409,0.409,0.409,0.409,0.409,0.409,0.409,0.409,0.409,0.409,0.409,0.409,0.409,0.409,0.409,0.409,0.409,0.409
RGI60-19.00999,0.909,0.909,0.909,0.909,0.909,0.909,0.909,0.909,0.909,0.909,0.909,0.909,0.909,0.909,0.909,0.909,0.909,0.909,0.909,0.909,0.909,0.909,0.909,0.909,0.261,0.261,0.321,0.321,0.321,0.321,0.321,0.321,0.321,0.321,0.321,0.321,0.321,0.321,0.321,0.321,0.321,0.321,0.321,0.321,0.321,0.321,0.321,0.321,0.321,0.321
RGI60-19.01000,0.909,0.909,0.909,0.909,0.909,0.909,0.909,0.909,0.909,0.909,0.909,0.909,0.909,0.909,0.909,0.909,0.909,0.909,0.909,0.909,0.909,0.909,0.909,0.909,0.262,0.262,0.32,0.32,0.32,0.32,0.32,0.32,0.32,0.32,0.32,0.32,0.32,0.32,0.32,0.32,0.32,0.32,0.32,0.32,0.32,0.32,0.32,0.32,0.32,0.32
RGI60-19.01001,0.909,0.909,0.909,0.909,0.909,0.909,0.909,0.909,0.909,0.909,0.909,0.909,0.909,0.909,0.909,0.909,0.909,0.909,0.909,0.909,0.909,0.909,0.909,0.909,0.262,0.262,0.32,0.32,0.32,0.32,0.32,0.32,0.32,0.32,0.32,0.32,0.32,0.32,0.32,0.32,0.32,0.32,0.32,0.32,0.32,0.32,0.32,0.32,0.32,0.32
RGI60-19.01002,0.909,0.909,0.909,0.909,0.909,0.909,0.909,0.909,0.909,0.909,0.909,0.909,0.909,0.909,0.909,0.909,0.909,0.909,0.909,0.909,0.909,0.909,0.909,0.909,0.262,0.262,0.32,0.32,0.32,0.32,0.32,0.32,0.32,0.32,0.32,0.32,0.32,0.32,0.32,0.32,0.32,0.32,0.32,0.32,0.32,0.32,0.32,0.32,0.32,0.32
RGI60-19.01003,0.91,0.91,0.91,0.91,0.91,0.91,0.91,0.91,0.91,0.91,0.91,0.91,0.91,0.91,0.91,0.91,0.91,0.91,0.91,0.91,0.91,0.91,0.91,0.91,0.261,0.261,0.322,0.322,0.322,0.322,0.322,0.322,0.322,0.322,0.322,0.322,0.322,0.322,0.322,0.322,0.322,0.322,0.322,0.322,0.322,0.322,0.322,0.322,0.322,0.322
RGI60-19.01004,0.91,0.91,0.91,0.91,0.91,0.91,0.91,0.91,0.91,0.91,0.91,0.91,0.91,0.91,0.91,0.91,0.91,0.91,0.91,0.91,0.91,0.91,0.91,0.91,0.261,0.261,0.322,0.322,0.322,0.322,0.322,0.322,0.322,0.322,0.322,0.322,0.322,0.322,0.322,0.322,0.322,0.322,0.322,0.322,0.322,0.322,0.322,0.322,0.322,0.322
RGI60-19.01005,0.91,0.91,0.91,0.91,0.91,0.91,0.91,0.91,0.91,0.91,0.91,0.91,0.91,0.91,0.91,0.91,0.91,0.91,0.91,0.91,0.91,0.91,0.91,0.91,0.261,0.261,0.322,0.322,0.322,0.322,0.322,0.322,0.322,0.322,0.322,0.322,0.322,0.322,0.322,0.322,0.322,0.322,0.322,0.322,0.322,0.322,0.322,0.322,0.322,0.322
RGI60-19.01006,0.91,0.91,0.91,0.91,0.91,0.91,0.91,0.91,0.91,0.91,0.91,0.91,0.91,0.91,0.91,0.91,0.91,0.91,0.91,0.91,0.91,0.91,0.91,0.91,0.262,0.262,0.322,0.322,0.322,0.322,0.322,0.322,0.322,0.322,0.322,0.322,0.322,0.322,0.322,0.322,0.322,0.322,0.322,0.322,0.322,0.322,0.322,0.322,0.322,0.322
RGI60-19.01007,0.91,0.91,0.91,0.91,0.91,0.91,0.91,0.91,0.91,0.91,0.91,0.91,0.91,0.91,0.91,0.91,0.91,0.91,0.91,0.91,0.91,0.91,0.91,0.91,0.262,0.262,0.322,0.322,0.322,0.322,0.322,0.322,0.322,0.322,0.322,0.322,0.322,0.322,0.322,0.322,0.322,0.322,0.322,0.322,0.322,0.322,0.322,0.322,0.322,0.322
RGI60-19.01008,0.909,0.909,0.909,0.909,0.909,0.909,0.909,0.909,0.909,0.909,0.909,0.909,0.909,0.909,0.909,0.909,0.909,0.909,0.909,0.909,0.909,0.909,0.909,0.909,0.263,0.263,0.321,0.321,0.321,0.321,0.321,0.321,0.321,0.321,0.321,0.321,0.321,0.321,0.321,0.321,0.321,0.321,0.321,0.321,0.321,0.321,0.321,0.321,0.321,0.321
RGI60-19.01009,0.91,0.91,0.91,0.91,0.91,0.91,0.91,0.91,0.91,0.91,0.91,0.91,0.91,0.91,0.91,0.91,0.91,0.91,0.91,0.91,0.91,0.91,0.91,0.91,0.262,0.262,0.323,0.323,0.323,0.323,0.323,0.323,0.323,0.323,0.323,0.323,0.323,0.323,0.323,0.323,0.323,0.323,0.323,0.323,0.323,0.323,0.323,0.323,0.323,0.323
RGI60-19.01010,0.91,0.91,0.91,0.91,0.91,0.91,0.91,0.91,0.91,0.91,0.91,0.91,0.91,0.91,0.91,0.91,0.91,0.91,0.91,0.91,0.91,0.91,0.91,0.91,0.262,0.262,0.323,0.323,0.323,0.323,0.323,0.323,0.323,0.323,0.323,0.323,0.323,0.323,0.323,0.323,0.323,0.323,0.323,0.323,0.323,0.323,0.323,0.323,0.323,0.323
RGI60-19.01011,0.91,0.91,0.91,0.91,0.91,0.91,0.91,0.91,0.91,0.91,0.91,0.91,0.91,0.91,0.91,0.91,0.91,0.91,0.91,0.91,0.91,0.91,0.91,0.91,0.263,0.263,0.322,0.322,0.322,0.322,0.322,0.322,0.322,0.322,0.322,0.322,0.322,0.322,0.322,0.322,0.322,0.322,0.322,0.322,0.322,0.322,0.322,0.322,0.322,0.322
RGI60-19.01012,0.91,0.91,0.91,0.91,0.91,0.91,0.91,0.91,0.91,0.91,0.91,0.91,0.91,0.91,0.91,0.91,0.91,0.91,0.91,0.91,0.91,0.91,0.91,0.91,0.262,0.262,0.324,0.324,0.324,0.324,0.324,0.324,0.324,0.324,0.324,0.324,0.324,0.324,0.324,0.324,0.324,0.324,0.324,0.324,0.324,0.324,0.324,0.324,0.324,0.324
RGI60-19.01013,0.91,0.91,0.91,0.91,0.91,0.91,0.91,0.91,0.91,0.91,0.91,0.91,0.91,0.91,0.91,0.91,0.91,0.91,0.91,0.91,0.91,0.91,0.91,0.91,0.264,0.264,0.323,0.323,0.323,0.323,0.323,0.323,0.323,0.323,0.323,0.323,0.323,0.323,0.323,0.323,0.323,0.323,0.323,0.323,0.323,0.323,0.323,0.323,0.323,0.323
RGI60-19.01014,0.911,0.911,0.911,0.911,0.911,0.911,0.911,0.911,0.911,0.911,0.911,0.911,0.911,0.911,0.911,0.911,0.911,0.911,0.911,0.911,0.911,0.911,0.911,0.911,0.264,0.264,0.325,0.325,0.325,0.325,0.325,0.325,0.325,0.325,0.325,0.325,0.325,0.325,0.325,0.325,0.325,0.325,0.325,0.325,0.325,0.325,0.325,0.325,0.325,0.325
RGI60-19.01015,0.91,0.91,0.91,0.91,0.91,0.91,0.91,0.91,0.91,0.91,0.91,0.91,0.91,0.91,0.91,0.91,0.91,0.91,0.91,0.91,0.91,0.91,0.91,0.91,0.264,0.264,0.324,0.324,0.324,0.324,0.324,0.324,0.324,0.324,0.324,0.324,0.324,0.324,0.324,0.324,0.324,0.324,0.324,0.324,0.324,0.324,0.324,0.324,0.324,0.324
RGI60-19.01016,0.911,0.911,0.911,0.911,0.911,0.911,0.911,0.911,0.911,0.911,0.911,0.911,0.911,0.911,0.911,0.911,0.911,0.911,0.911,0.911,0.911,0.911,0.911,0.911,0.264,0.264,0.325,0.325,0.325,0.325,0.325,0.325,0.325,0.325,0.325,0.325,0.325,0.325,0.325,0.325,0.325,0.325,0.325,0.325,0.325,0.325,0.325,0.325,0.325,0.325
RGI60-19.01017,0.91,0.91,0.91,0.91,0.91,0.91,0.91,0.91,0.91,0.91,0.91,0.91,0.91,0.91,0.91,0.91,0.91,0.91,0.91,0.91,0.91,0.91,0.91,0.91,0.264,0.264,0.324,0.324,0.324,0.324,0.324,0.324,0.324,0.324,0.324,0.324,0.324,0.324,0.324,0.324,0.324,0.324,0.324,0.324,0.324,0.324,0.324,0.324,0.324,0.324
RGI60-19.01018,0.91,0.91,0.91,0.91,0.91,0.91,0.91,0.91,0.91,0.91,0.91,0.91,0.91,0.91,0.91,0.91,0.91,0.91,0.91,0.91,0.91,0.91,0.91,0.91,0.264,0.264,0.324,0.324,0.324,0.324,0.324,0.324,0.324,0.324,0.324,0.324,0.324,0.324,0.324,0.324,0.324,0.324,0.324,0.324,0.324,0.324,0.324,0.324,0.324,0.324
RGI60-19.01019,0.911,0.911,0.911,0.911,0.911,0.911,0.911,0.911,0.911,0.911,0.911,0.911,0.911,0.911,0.911,0.911,0.911,0.911,0.911,0.911,0.911,0.911,0.911,0.911,0.264,0.264,0.325,0.325,0.325,0.325,0.325,0.325,0.325,0.325,0.325,0.325,0.325,0.325,0.325,0.325,0.325,0.325,0.325,0.325,0.325,0.325,0.325,0.325,0.325,0.325
RGI60-19.01020,0.911,0.911,0.911,0.911,0.911,0.911,0.911,0.911,0.911,0.911,0.911,0.911,0.911,0.911,0.911,0.911,0.911,0.911,0.911,0.911,0.911,0.911,0.911,0.911,0.264,0.264,0.325,0.325,0.325,0.325,0.325,0.325,0.325,0.325,0.325,0.325,0.325,0.325,0.325,0.325,0.325,0.325,0.325,0.325,0.325,0.325,0.325,0.325,0.325,0.325
RGI60-19.01021,0.91,0.91,0.91,0.91,0.91,0.91,0.91,0.91,0.91,0.91,0.91,0.91,0.91,0.91,0.91,0.91,0.91,0.91,0.91,0.91,0.91,0.91,0.91,0.91,0.265,0.265,0.325,0.325,0.325,0.325,0.325,0.325,0.325,0.325,0.325,0.325,0.325,0.325,0.325,0.325,0.325,0.325,0.325,0.325,0.325,0.325,0.325,0.325,0.325,0.325
RGI60-19.01022,0.911,0.911,0.911,0.911,0.911,0.911,0.911,0.911,0.911,0.911,0.911,0.911,0.911,0.911,0.911,0.911,0.911,0.911,0.911,0.911,0.911,0.911,0.911,0.911,0.264,0.264,0.326,0.326,0.326,0.326,0.326,0.326,0.326,0.326,0.326,0.326,0.326,0.326,0.326,0.326,0.326,0.326,0.326,0.326,0.326,0.326,0.326,0.326,0.326,0.326
RGI60-19.01023,0.911,0.911,0.911,0.911,0.911,0.911,0.911,0.911,0.911,0.911,0.911,0.911,0.911,0.911,0.911,0.911,0.911,0.911,0.911,0.911,0.911,0.911,0.911,0.911,0.264,0.264,0.326,0.326,0.326,0.326,0.326,0.326,0.326,0.326,0.326,0.326,0.326,0.326,0.326,0.326,0.326,0.326,0.326,0.326,0.326,0.326,0.326,0.326,0.326,0.326
RGI60-19.01024,0.911,0.911,0.911,0.911,0.911,0.911,0.911,0.911,0.911,0.911,0.911,0.911,0.911,0.911,0.911,0.911,0.911,0.911,0.911,0.911,0.911,0.911,0.911,0.911,0.264,0.264,0.326,0.326,0.326,0.326,0.326,0.326,0.326,0.326,0.326,0.326,0.326,0.326,0.326,0.326,0.326,0.326,0.326,0.326,0.326,0.326,0.326,0.326,0.326,0.326
RGI60-19.01025,0.911,0.911,0.911,0.911,0.911,0.911,0.911,0.911,0.911,0.911,0.911,0.911,0.911,0.911,0.911,0.911,0.911,0.911,0.911,0.911,0.911,0.911,0.911,0.911,0.264,0.264,0.326,0.326,0.326,0.326,0.326,0.326,0.326,0.326,0.326,0.326,0.326,0.326,0.326,0.326,0.326,0.326,0.326,0.326,0.326,0.326,0.326,0.326,0.326,0.326
RGI60-19.01026,0.911,0.911,0.911,0.911,0.911,0.911,0.911,0.911,0.911,0.911,0.911,0.911,0.911,0.911,0.911,0.911,0.911,0.911,0.911,0.911,0.911,0.911,0.911,0.911,0.264,0.264,0.326,0.326,0.326,0.326,0.326,0.326,0.326,0.326,0.326,0.326,0.326,0.326,0.326,0.326,0.326,0.326,0.326,0.326,0.326,0.326,0.326,0.326,0.326,0.326
RGI60-19.01027,0.945,0.945,0.945,0.945,0.945,0.945,0.945,0.945,0.945,0.945,0.945,0.945,0.945,0.945,0.945,0.945,0.945,0.945,0.945,0.945,0.945,0.945,0.945,0.945,0.315,0.315,0.409,0.409,0.409,0.409,0.409,0.409,0.409,0.409,0.409,0.409,0.409,0.409,0.409,0.409,0.409,0.409,0.409,0.409,0.409,0.409,0.409,0.409,0.409,0.409
RGI60-19.01028,0.911,0.911,0.911,0.911,0.911,0.911,0.911,0.911,0.911,0.911,0.911,0.911,0.911,0.911,0.911,0.911,0.911,0.911,0.911,0.911,0.911,0.911,0.911,0.911,0.264,0.264,0.326,0.326,0.326,0.326,0.326,0.326,0.326,0.326,0.326,0.326,0.326,0.326,0.326,0.326,0.326,0.326,0.326,0.326,0.326,0.326,0.326,0.326,0.326,0.326
RGI60-19.01029,0.911,0.911,0.911,0.911,0.911,0.911,0.911,0.911,0.911,0.911,0.911,0.911,0.911,0.911,0.911,0.911,0.911,0.911,0.911,0.911,0.911,0.911,0.911,0.911,0.264,0.264,0.326,0.326,0.326,0.326,0.326,0.326,0.326,0.326,0.326,0.326,0.326,0.326,0.326,0.326,0.326,0.326,0.326,0.326,0.326,0.326,0.326,0.326,0.326,0.326
RGI60-19.01030,0.911,0.911,0.911,0.911,0.911,0.911,0.911,0.911,0.911,0.911,0.911,0.911,0.911,0.911,0.911,0.911,0.911,0.911,0.911,0.911,0.911,0.911,0.911,0.911,0.264,0.264,0.326,0.326,0.326,0.326,0.326,0.326,0.326,0.326,0.326,0.326,0.326,0.326,0.326,0.326,0.326,0.326,0.326,0.326,0.326,0.326,0.326,0.326,0.326,0.326
RGI60-19.01031,0.911,0.911,0.911,0.911,0.911,0.911,0.911,0.911,0.911,0.911,0.911,0.911,0.911,0.911,0.911,0.911,0.911,0.911,0.911,0.911,0.911,0.911,0.911,0.911,0.264,0.264,0.327,0.327,0.327,0.327,0.327,0.327,0.327,0.327,0.327,0.327,0.327,0.327,0.327,0.327,0.327,0.327,0.327,0.327,0.327,0.327,0.327,0.327,0.327,0.327
RGI60-19.01032,0.911,0.911,0.911,0.911,0.911,0.911,0.911,0.911,0.911,0.911,0.911,0.911,0.911,0.911,0.911,0.911,0.911,0.911,0.911,0.911,0.911,0.911,0.911,0.911,0.264,0.264,0.327,0.327,0.327,0.327,0.327,0.327,0.327,0.327,0.327,0.327,0.327,0.327,0.327,0.327,0.327,0.327,0.327,0.327,0.327,0.327,0.327,0.327,0.327,0.327
RGI60-19.01033,0.976,0.976,0.976,0.976,0.976,0.976,0.976,0.976,0.976,0.976,0.976,0.976,0.976,0.976,0.976,0.976,0.976,0.976,0.976,0.976,0.976,0.976,0.976,0.976,0.36,0.36,0.478,0.478,0.478,0.478,0.478,0.478,0.478,0.478,0.478,0.478,0.478,0.478,0.478,0.478,0.478,0.478,0.478,0.478,0.478,0.478,0.478,0.478,0.478,0.478
RGI60-19.01034,0.912,0.912,0.912,0.912,0.912,0.912,0.912,0.912,0.912,0.912,0.912,0.912,0.912,0.912,0.912,0.912,0.912,0.912,0.912,0.912,0.912,0.912,0.912,0.912,0.266,0.266,0.329,0.329,0.329,0.329,0.329,0.329,0.329,0.329,0.329,0.329,0.329,0.329,0.329,0.329,0.329,0.329,0.329,0.329,0.329,0.329,0.329,0.329,0.329,0.329
RGI60-19.01035,0.912,0.912,0.912,0.912,0.912,0.912,0.912,0.912,0.912,0.912,0.912,0.912,0.912,0.912,0.912,0.912,0.912,0.912,0.912,0.912,0.912,0.912,0.912,0.912,0.266,0.266,0.331,0.331,0.331,0.331,0.331,0.331,0.331,0.331,0.331,0.331,0.331,0.331,0.331,0.331,0.331,0.331,0.331,0.331,0.331,0.331,0.331,0.331,0.331,0.331
RGI60-19.01036,0.912,0.912,0.912,0.912,0.912,0.912,0.912,0.912,0.912,0.912,0.912,0.912,0.912,0.912,0.912,0.912,0.912,0.912,0.912,0.912,0.912,0.912,0.912,0.912,0.266,0.266,0.33,0.33,0.33,0.33,0.33,0.33,0.33,0.33,0.33,0.33,0.33,0.33,0.33,0.33,0.33,0.33,0.33,0.33,0.33,0.33,0.33,0.33,0.33,0.33
RGI60-19.01037,0.912,0.912,0.912,0.912,0.912,0.912,0.912,0.912,0.912,0.912,0.912,0.912,0.912,0.912,0.912,0.912,0.912,0.912,0.912,0.912,0.912,0.912,0.912,0.912,0.266,0.266,0.33,0.33,0.33,0.33,0.33,0.33,0.33,0.33,0.33,0.33,0.33,0.33,0.33,0.33,0.33,0.33,0.33,0.33,0.33,0.33,0.33,0.33,0.33,0.33
RGI60-19.01038,0.912,0.912,0.912,0.912,0.912,0.912,0.912,0.912,0.912,0.912,0.912,0.912,0.912,0.912,0.912,0.912,0.912,0.912,0.912,0.912,0.912,0.912,0.912,0.912,0.266,0.266,0.33,0.33,0.33,0.33,0.33,0.33,0.33,0.33,0.33,0.33,0.33,0.33,0.33,0.33,0.33,0.33,0.33,0.33,0.33,0.33,0.33,0.33,0.33,0.33
RGI60-19.01039,0.913,0.913,0.913,0.913,0.913,0.913,0.913,0.913,0.913,0.913,0.913,0.913,0.913,0.913,0.913,0.913,0.913,0.913,0.913,0.913,0.913,0.913,0.913,0.913,0.267,0.267,0.331,0.331,0.331,0.331,0.331,0.331,0.331,0.331,0.331,0.331,0.331,0.331,0.331,0.331,0.331,0.331,0.331,0.331,0.331,0.331,0.331,0.331,0.331,0.331
RGI60-19.01040,0.913,0.913,0.913,0.913,0.913,0.913,0.913,0.913,0.913,0.913,0.913,0.913,0.913,0.913,0.913,0.913,0.913,0.913,0.913,0.913,0.913,0.913,0.913,0.913,0.267,0.267,0.333,0.333,0.333,0.333,0.333,0.333,0.333,0.333,0.333,0.333,0.333,0.333,0.333,0.333,0.333,0.333,0.333,0.333,0.333,0.333,0.333,0.333,0.333,0.333
RGI60-19.01041,0.913,0.913,0.913,0.913,0.913,0.913,0.913,0.913,0.913,0.913,0.913,0.913,0.913,0.913,0.913,0.913,0.913,0.913,0.913,0.913,0.913,0.913,0.913,0.913,0.267,0.267,0.333,0.333,0.333,0.333,0.333,0.333,0.333,0.333,0.333,0.333,0.333,0.333,0.333,0.333,0.333,0.333,0.333,0.333,0.333,0.333,0.333,0.333,0.333,0.333
RGI60-19.01042,0.914,0.914,0.914,0.914,0.914,0.914,0.914,0.914,0.914,0.914,0.914,0.914,0.914,0.914,0.914,0.914,0.914,0.914,0.914,0.914,0.914,0.914,0.914,0.914,0.268,0.268,0.333,0.333,0.333,0.333,0.333,0.333,0.333,0.333,0.333,0.333,0.333,0.333,0.333,0.333,0.333,0.333,0.333,0.333,0.333,0.333,0.333,0.333,0.333,0.333
RGI60-19.01043,0.913,0.913,0.913,0.913,0.913,0.913,0.913,0.913,0.913,0.913,0.913,0.913,0.913,0.913,0.913,0.913,0.913,0.913,0.913,0.913,0.913,0.913,0.913,0.913,0.268,0.268,0.333,0.333,0.333,0.333,0.333,0.333,0.333,0.333,0.333,0.333,0.333,0.333,0.333,0.333,0.333,0.333,0.333,0.333,0.333,0.333,0.333,0.333,0.333,0.333
RGI60-19.01044,0.914,0.914,0.914,0.914,0.914,0.914,0.914,0.914,0.914,0.914,0.914,0.914,0.914,0.914,0.914,0.914,0.914,0.914,0.914,0.914,0.914,0.914,0.914,0.914,0.268,0.268,0.333,0.333,0.333,0.333,0.333,0.333,0.333,0.333,0.333,0.333,0.333,0.333,0.333,0.333,0.333,0.333,0.333,0.333,0.333,0.333,0.333,0.333,0.333,0.333
RGI60-19.01045,0.914,0.914,0.914,0.914,0.914,0.914,0.914,0.914,0.914,0.914,0.914,0.914,0.914,0.914,0.914,0.914,0.914,0.914,0.914,0.914,0.914,0.914,0.914,0.914,0.269,0.269,0.335,0.335,0.335,0.335,0.335,0.335,0.335,0.335,0.335,0.335,0.335,0.335,0.335,0.335,0.335,0.335,0.335,0.335,0.335,0.335,0.335,0.335,0.335,0.335
RGI60-19.01046,0.914,0.914,0.914,0.914,0.914,0.914,0.914,0.914,0.914,0.914,0.914,0.914,0.914,0.914,0.914,0.914,0.914,0.914,0.914,0.914,0.914,0.914,0.914,0.914,0.269,0.269,0.335,0.335,0.335,0.335,0.335,0.335,0.335,0.335,0.335,0.335,0.335,0.335,0.335,0.335,0.335,0.335,0.335,0.335,0.335,0.335,0.335,0.335,0.335,0.335
RGI60-19.01047,0.914,0.914,0.914,0.914,0.914,0.914,0.914,0.914,0.914,0.914,0.914,0.914,0.914,0.914,0.914,0.914,0.914,0.914,0.914,0.914,0.914,0.914,0.914,0.914,0.269,0.269,0.335,0.335,0.335,0.335,0.335,0.335,0.335,0.335,0.335,0.335,0.335,0.335,0.335,0.335,0.335,0.335,0.335,0.335,0.335,0.335,0.335,0.335,0.335,0.335
RGI60-19.01048,0.945,0.945,0.945,0.945,0.945,0.945,0.945,0.945,0.945,0.945,0.945,0.945,0.945,0.945,0.945,0.945,0.945,0.945,0.945,0.945,0.945,0.945,0.945,0.945,0.315,0.315,0.409,0.409,0.409,0.409,0.409,0.409,0.409,0.409,0.409,0.409,0.409,0.409,0.409,0.409,0.409,0.409,0.409,0.409,0.409,0.409,0.409,0.409,0.409,0.409
RGI60-19.01049,0.916,0.916,0.916,0.916,0.916,0.916,0.916,0.916,0.916,0.916,0.916,0.916,0.916,0.916,0.916,0.916,0.916,0.916,0.916,0.916,0.916,0.916,0.916,0.916,0.27,0.27,0.34,0.34,0.34,0.34,0.34,0.34,0.34,0.34,0.34,0.34,0.34,0.34,0.34,0.34,0.34,0.34,0.34,0.34,0.34,0.34,0.34,0.34,0.34,0.34
RGI60-19.01050,0.915,0.915,0.915,0.915,0.915,0.915,0.915,0.915,0.915,0.915,0.915,0.915,0.915,0.915,0.915,0.915,0.915,0.915,0.915,0.915,0.915,0.915,0.915,0.915,0.27,0.27,0.336,0.336,0.336,0.336,0.336,0.336,0.336,0.336,0.336,0.336,0.336,0.336,0.336,0.336,0.336,0.336,0.336,0.336,0.336,0.336,0.336,0.336,0.336,0.336
RGI60-19.01051,0.915,0.915,0.915,0.915,0.915,0.915,0.915,0.915,0.915,0.915,0.915,0.915,0.915,0.915,0.915,0.915,0.915,0.915,0.915,0.915,0.915,0.915,0.915,0.915,0.27,0.27,0.337,0.337,0.337,0.337,0.337,0.337,0.337,0.337,0.337,0.337,0.337,0.337,0.337,0.337,0.337,0.337,0.337,0.337,0.337,0.337,0.337,0.337,0.337,0.337
RGI60-19.01052,0.914,0.914,0.914,0.914,0.914,0.914,0.914,0.914,0.914,0.914,0.914,0.914,0.914,0.914,0.914,0.914,0.914,0.914,0.914,0.914,0.914,0.914,0.914,0.914,0.27,0.27,0.336,0.336,0.336,0.336,0.336,0.336,0.336,0.336,0.336,0.336,0.336,0.336,0.336,0.336,0.336,0.336,0.336,0.336,0.336,0.336,0.336,0.336,0.336,0.336
RGI60-19.01053,0.915,0.915,0.915,0.915,0.915,0.915,0.915,0.915,0.915,0.915,0.915,0.915,0.915,0.915,0.915,0.915,0.915,0.915,0.915,0.915,0.915,0.915,0.915,0.915,0.27,0.27,0.336,0.336,0.336,0.336,0.336,0.336,0.336,0.336,0.336,0.336,0.336,0.336,0.336,0.336,0.336,0.336,0.336,0.336,0.336,0.336,0.336,0.336,0.336,0.336
RGI60-19.01054,0.915,0.915,0.915,0.915,0.915,0.915,0.915,0.915,0.915,0.915,0.915,0.915,0.915,0.915,0.915,0.915,0.915,0.915,0.915,0.915,0.915,0.915,0.915,0.915,0.27,0.27,0.336,0.336,0.336,0.336,0.336,0.336,0.336,0.336,0.336,0.336,0.336,0.336,0.336,0.336,0.336,0.336,0.336,0.336,0.336,0.336,0.336,0.336,0.336,0.336
RGI60-19.01055,0.915,0.915,0.915,0.915,0.915,0.915,0.915,0.915,0.915,0.915,0.915,0.915,0.915,0.915,0.915,0.915,0.915,0.915,0.915,0.915,0.915,0.915,0.915,0.915,0.271,0.271,0.339,0.339,0.339,0.339,0.339,0.339,0.339,0.339,0.339,0.339,0.339,0.339,0.339,0.339,0.339,0.339,0.339,0.339,0.339,0.339,0.339,0.339,0.339,0.339
RGI60-19.01056,0.915,0.915,0.915,0.915,0.915,0.915,0.915,0.915,0.915,0.915,0.915,0.915,0.915,0.915,0.915,0.915,0.915,0.915,0.915,0.915,0.915,0.915,0.915,0.915,0.271,0.271,0.337,0.337,0.337,0.337,0.337,0.337,0.337,0.337,0.337,0.337,0.337,0.337,0.337,0.337,0.337,0.337,0.337,0.337,0.337,0.337,0.337,0.337,0.337,0.337
RGI60-19.01057,0.915,0.915,0.915,0.915,0.915,0.915,0.915,0.915,0.915,0.915,0.915,0.915,0.915,0.915,0.915,0.915,0.915,0.915,0.915,0.915,0.915,0.915,0.915,0.915,0.271,0.271,0.337,0.337,0.337,0.337,0.337,0.337,0.337,0.337,0.337,0.337,0.337,0.337,0.337,0.337,0.337,0.337,0.337,0.337,0.337,0.337,0.337,0.337,0.337,0.337
RGI60-19.01058,0.915,0.915,0.915,0.915,0.915,0.915,0.915,0.915,0.915,0.915,0.915,0.915,0.915,0.915,0.915,0.915,0.915,0.915,0.915,0.915,0.915,0.915,0.915,0.915,0.271,0.271,0.338,0.338,0.338,0.338,0.338,0.338,0.338,0.338,0.338,0.338,0.338,0.338,0.338,0.338,0.338,0.338,0.338,0.338,0.338,0.338,0.338,0.338,0.338,0.338
RGI60-19.01059,0.915,0.915,0.915,0.915,0.915,0.915,0.915,0.915,0.915,0.915,0.915,0.915,0.915,0.915,0.915,0.915,0.915,0.915,0.915,0.915,0.915,0.915,0.915,0.915,0.271,0.271,0.338,0.338,0.338,0.338,0.338,0.338,0.338,0.338,0.338,0.338,0.338,0.338,0.338,0.338,0.338,0.338,0.338,0.338,0.338,0.338,0.338,0.338,0.338,0.338
RGI60-19.01060,0.915,0.915,0.915,0.915,0.915,0.915,0.915,0.915,0.915,0.915,0.915,0.915,0.915,0.915,0.915,0.915,0.915,0.915,0.915,0.915,0.915,0.915,0.915,0.915,0.271,0.271,0.337,0.337,0.337,0.337,0.337,0.337,0.337,0.337,0.337,0.337,0.337,0.337,0.337,0.337,0.337,0.337,0.337,0.337,0.337,0.337,0.337,0.337,0.337,0.337
RGI60-19.01061,0.915,0.915,0.915,0.915,0.915,0.915,0.915,0.915,0.915,0.915,0.915,0.915,0.915,0.915,0.915,0.915,0.915,0.915,0.915,0.915,0.915,0.915,0.915,0.915,0.271,0.271,0.337,0.337,0.337,0.337,0.337,0.337,0.337,0.337,0.337,0.337,0.337,0.337,0.337,0.337,0.337,0.337,0.337,0.337,0.337,0.337,0.337,0.337,0.337,0.337
RGI60-19.01062,0.915,0.915,0.915,0.915,0.915,0.915,0.915,0.915,0.915,0.915,0.915,0.915,0.915,0.915,0.915,0.915,0.915,0.915,0.915,0.915,0.915,0.915,0.915,0.915,0.271,0.271,0.338,0.338,0.338,0.338,0.338,0.338,0.338,0.338,0.338,0.338,0.338,0.338,0.338,0.338,0.338,0.338,0.338,0.338,0.338,0.338,0.338,0.338,0.338,0.338
RGI60-19.01063,0.915,0.915,0.915,0.915,0.915,0.915,0.915,0.915,0.915,0.915,0.915,0.915,0.915,0.915,0.915,0.915,0.915,0.915,0.915,0.915,0.915,0.915,0.915,0.915,0.271,0.271,0.337,0.337,0.337,0.337,0.337,0.337,0.337,0.337,0.337,0.337,0.337,0.337,0.337,0.337,0.337,0.337,0.337,0.337,0.337,0.337,0.337,0.337,0.337,0.337
RGI60-19.01064,0.915,0.915,0.915,0.915,0.915,0.915,0.915,0.915,0.915,0.915,0.915,0.915,0.915,0.915,0.915,0.915,0.915,0.915,0.915,0.915,0.915,0.915,0.915,0.915,0.271,0.271,0.337,0.337,0.337,0.337,0.337,0.337,0.337,0.337,0.337,0.337,0.337,0.337,0.337,0.337,0.337,0.337,0.337,0.337,0.337,0.337,0.337,0.337,0.337,0.337
RGI60-19.01065,0.915,0.915,0.915,0.915,0.915,0.915,0.915,0.915,0.915,0.915,0.915,0.915,0.915,0.915,0.915,0.915,0.915,0.915,0.915,0.915,0.915,0.915,0.915,0.915,0.271,0.271,0.338,0.338,0.338,0.338,0.338,0.338,0.338,0.338,0.338,0.338,0.338,0.338,0.338,0.338,0.338,0.338,0.338,0.338,0.338,0.338,0.338,0.338,0.338,0.338
RGI60-19.01066,0.915,0.915,0.915,0.915,0.915,0.915,0.915,0.915,0.915,0.915,0.915,0.915,0.915,0.915,0.915,0.915,0.915,0.915,0.915,0.915,0.915,0.915,0.915,0.915,0.271,0.271,0.337,0.337,0.337,0.337,0.337,0.337,0.337,0.337,0.337,0.337,0.337,0.337,0.337,0.337,0.337,0.337,0.337,0.337,0.337,0.337,0.337,0.337,0.337,0.337
RGI60-19.01067,0.915,0.915,0.915,0.915,0.915,0.915,0.915,0.915,0.915,0.915,0.915,0.915,0.915,0.915,0.915,0.915,0.915,0.915,0.915,0.915,0.915,0.915,0.915,0.915,0.271,0.271,0.338,0.338,0.338,0.338,0.338,0.338,0.338,0.338,0.338,0.338,0.338,0.338,0.338,0.338,0.338,0.338,0.338,0.338,0.338,0.338,0.338,0.338,0.338,0.338
RGI60-19.01068,0.915,0.915,0.915,0.915,0.915,0.915,0.915,0.915,0.915,0.915,0.915,0.915,0.915,0.915,0.915,0.915,0.915,0.915,0.915,0.915,0.915,0.915,0.915,0.915,0.271,0.271,0.338,0.338,0.338,0.338,0.338,0.338,0.338,0.338,0.338,0.338,0.338,0.338,0.338,0.338,0.338,0.338,0.338,0.338,0.338,0.338,0.338,0.338,0.338,0.338
RGI60-19.01069,0.915,0.915,0.915,0.915,0.915,0.915,0.915,0.915,0.915,0.915,0.915,0.915,0.915,0.915,0.915,0.915,0.915,0.915,0.915,0.915,0.915,0.915,0.915,0.915,0.271,0.271,0.337,0.337,0.337,0.337,0.337,0.337,0.337,0.337,0.337,0.337,0.337,0.337,0.337,0.337,0.337,0.337,0.337,0.337,0.337,0.337,0.337,0.337,0.337,0.337
RGI60-19.01070,0.915,0.915,0.915,0.915,0.915,0.915,0.915,0.915,0.915,0.915,0.915,0.915,0.915,0.915,0.915,0.915,0.915,0.915,0.915,0.915,0.915,0.915,0.915,0.915,0.271,0.271,0.338,0.338,0.338,0.338,0.338,0.338,0.338,0.338,0.338,0.338,0.338,0.338,0.338,0.338,0.338,0.338,0.338,0.338,0.338,0.338,0.338,0.338,0.338,0.338
RGI60-19.01071,0.915,0.915,0.915,0.915,0.915,0.915,0.915,0.915,0.915,0.915,0.915,0.915,0.915,0.915,0.915,0.915,0.915,0.915,0.915,0.915,0.915,0.915,0.915,0.915,0.271,0.271,0.338,0.338,0.338,0.338,0.338,0.338,0.338,0.338,0.338,0.338,0.338,0.338,0.338,0.338,0.338,0.338,0.338,0.338,0.338,0.338,0.338,0.338,0.338,0.338
RGI60-19.01072,0.915,0.915,0.915,0.915,0.915,0.915,0.915,0.915,0.915,0.915,0.915,0.915,0.915,0.915,0.915,0.915,0.915,0.915,0.915,0.915,0.915,0.915,0.915,0.915,0.271,0.271,0.338,0.338,0.338,0.338,0.338,0.338,0.338,0.338,0.338,0.338,0.338,0.338,0.338,0.338,0.338,0.338,0.338,0.338,0.338,0.338,0.338,0.338,0.338,0.338
RGI60-19.01073,0.915,0.915,0.915,0.915,0.915,0.915,0.915,0.915,0.915,0.915,0.915,0.915,0.915,0.915,0.915,0.915,0.915,0.915,0.915,0.915,0.915,0.915,0.915,0.915,0.271,0.271,0.338,0.338,0.338,0.338,0.338,0.338,0.338,0.338,0.338,0.338,0.338,0.338,0.338,0.338,0.338,0.338,0.338,0.338,0.338,0.338,0.338,0.338,0.338,0.338
RGI60-19.01074,0.915,0.915,0.915,0.915,0.915,0.915,0.915,0.915,0.915,0.915,0.915,0.915,0.915,0.915,0.915,0.915,0.915,0.915,0.915,0.915,0.915,0.915,0.915,0.915,0.271,0.271,0.339,0.339,0.339,0.339,0.339,0.339,0.339,0.339,0.339,0.339,0.339,0.339,0.339,0.339,0.339,0.339,0.339,0.339,0.339,0.339,0.339,0.339,0.339,0.339
RGI60-19.01075,0.916,0.916,0.916,0.916,0.916,0.916,0.916,0.916,0.916,0.916,0.916,0.916,0.916,0.916,0.916,0.916,0.916,0.916,0.916,0.916,0.916,0.916,0.916,0.916,0.271,0.271,0.339,0.339,0.339,0.339,0.339,0.339,0.339,0.339,0.339,0.339,0.339,0.339,0.339,0.339,0.339,0.339,0.339,0.339,0.339,0.339,0.339,0.339,0.339,0.339
RGI60-19.01076,0.945,0.945,0.945,0.945,0.945,0.945,0.945,0.945,0.945,0.945,0.945,0.945,0.945,0.945,0.945,0.945,0.945,0.945,0.945,0.945,0.945,0.945,0.945,0.945,0.315,0.315,0.409,0.409,0.409,0.409,0.409,0.409,0.409,0.409,0.409,0.409,0.409,0.409,0.409,0.409,0.409,0.409,0.409,0.409,0.409,0.409,0.409,0.409,0.409,0.409
RGI60-19.01077,0.915,0.915,0.915,0.915,0.915,0.915,0.915,0.915,0.915,0.915,0.915,0.915,0.915,0.915,0.915,0.915,0.915,0.915,0.915,0.915,0.915,0.915,0.915,0.915,0.271,0.271,0.338,0.338,0.338,0.338,0.338,0.338,0.338,0.338,0.338,0.338,0.338,0.338,0.338,0.338,0.338,0.338,0.338,0.338,0.338,0.338,0.338,0.338,0.338,0.338
RGI60-19.01078,0.916,0.916,0.916,0.916,0.916,0.916,0.916,0.916,0.916,0.916,0.916,0.916,0.916,0.916,0.916,0.916,0.916,0.916,0.916,0.916,0.916,0.916,0.916,0.916,0.273,0.273,0.341,0.341,0.341,0.341,0.341,0.341,0.341,0.341,0.341,0.341,0.341,0.341,0.341,0.341,0.341,0.341,0.341,0.341,0.341,0.341,0.341,0.341,0.341,0.341
RGI60-19.01079,0.976,0.976,0.976,0.976,0.976,0.976,0.976,0.976,0.976,0.976,0.976,0.976,0.976,0.976,0.976,0.976,0.976,0.976,0.976,0.976,0.976,0.976,0.976,0.976,0.361,0.361,0.478,0.478,0.478,0.478,0.478,0.478,0.478,0.478,0.478,0.478,0.478,0.478,0.478,0.478,0.478,0.478,0.478,0.478,0.478,0.478,0.478,0.478,0.478,0.478
RGI60-19.01080,0.916,0.916,0.916,0.916,0.916,0.916,0.916,0.916,0.916,0.916,0.916,0.916,0.916,0.916,0.916,0.916,0.916,0.916,0.916,0.916,0.916,0.916,0.916,0.916,0.272,0.272,0.34,0.34,0.34,0.34,0.34,0.34,0.34,0.34,0.34,0.34,0.34,0.34,0.34,0.34,0.34,0.34,0.34,0.34,0.34,0.34,0.34,0.34,0.34,0.34
RGI60-19.01081,0.976,0.976,0.976,0.976,0.976,0.976,0.976,0.976,0.976,0.976,0.976,0.976,0.976,0.976,0.976,0.976,0.976,0.976,0.976,0.976,0.976,0.976,0.976,0.976,0.361,0.361,0.478,0.478,0.478,0.478,0.478,0.478,0.478,0.478,0.478,0.478,0.478,0.478,0.478,0.478,0.478,0.478,0.478,0.478,0.478,0.478,0.478,0.478,0.478,0.478
RGI60-19.01082,0.976,0.976,0.976,0.976,0.976,0.976,0.976,0.976,0.976,0.976,0.976,0.976,0.976,0.976,0.976,0.976,0.976,0.976,0.976,0.976,0.976,0.976,0.976,0.976,0.361,0.361,0.478,0.478,0.478,0.478,0.478,0.478,0.478,0.478,0.478,0.478,0.478,0.478,0.478,0.478,0.478,0.478,0.478,0.478,0.478,0.478,0.478,0.478,0.478,0.478
RGI60-19.01083,0.976,0.976,0.976,0.976,0.976,0.976,0.976,0.976,0.976,0.976,0.976,0.976,0.976,0.976,0.976,0.976,0.976,0.976,0.976,0.976,0.976,0.976,0.976,0.976,0.361,0.361,0.478,0.478,0.478,0.478,0.478,0.478,0.478,0.478,0.478,0.478,0.478,0.478,0.478,0.478,0.478,0.478,0.478,0.478,0.478,0.478,0.478,0.478,0.478,0.478
RGI60-19.01084,0.976,0.976,0.976,0.976,0.976,0.976,0.976,0.976,0.976,0.976,0.976,0.976,0.976,0.976,0.976,0.976,0.976,0.976,0.976,0.976,0.976,0.976,0.976,0.976,0.361,0.361,0.478,0.478,0.478,0.478,0.478,0.478,0.478,0.478,0.478,0.478,0.478,0.478,0.478,0.478,0.478,0.478,0.478,0.478,0.478,0.478,0.478,0.478,0.478,0.478
RGI60-19.01085,0.945,0.945,0.945,0.945,0.945,0.945,0.945,0.945,0.945,0.945,0.945,0.945,0.945,0.945,0.945,0.945,0.945,0.945,0.945,0.945,0.945,0.945,0.945,0.945,0.315,0.315,0.409,0.409,0.409,0.409,0.409,0.409,0.409,0.409,0.409,0.409,0.409,0.409,0.409,0.409,0.409,0.409,0.409,0.409,0.409,0.409,0.409,0.409,0.409,0.409
RGI60-19.01086,0.945,0.945,0.945,0.945,0.945,0.945,0.945,0.945,0.945,0.945,0.945,0.945,0.945,0.945,0.945,0.945,0.945,0.945,0.945,0.945,0.945,0.945,0.945,0.945,0.315,0.315,0.409,0.409,0.409,0.409,0.409,0.409,0.409,0.409,0.409,0.409,0.409,0.409,0.409,0.409,0.409,0.409,0.409,0.409,0.409,0.409,0.409,0.409,0.409,0.409
RGI60-19.01087,0.976,0.976,0.976,0.976,0.976,0.976,0.976,0.976,0.976,0.976,0.976,0.976,0.976,0.976,0.976,0.976,0.976,0.976,0.976,0.976,0.976,0.976,0.976,0.976,0.361,0.361,0.478,0.478,0.478,0.478,0.478,0.478,0.478,0.478,0.478,0.478,0.478,0.478,0.478,0.478,0.478,0.478,0.478,0.478,0.478,0.478,0.478,0.478,0.478,0.478
RGI60-19.01088,0.916,0.916,0.916,0.916,0.916,0.916,0.916,0.916,0.916,0.916,0.916,0.916,0.916,0.916,0.916,0.916,0.916,0.916,0.916,0.916,0.916,0.916,0.916,0.916,0.272,0.272,0.34,0.34,0.34,0.34,0.34,0.34,0.34,0.34,0.34,0.34,0.34,0.34,0.34,0.34,0.34,0.34,0.34,0.34,0.34,0.34,0.34,0.34,0.34,0.34
RGI60-19.01089,0.945,0.945,0.945,0.945,0.945,0.945,0.945,0.945,0.945,0.945,0.945,0.945,0.945,0.945,0.945,0.945,0.945,0.945,0.945,0.945,0.945,0.945,0.945,0.945,0.315,0.315,0.409,0.409,0.409,0.409,0.409,0.409,0.409,0.409,0.409,0.409,0.409,0.409,0.409,0.409,0.409,0.409,0.409,0.409,0.409,0.409,0.409,0.409,0.409,0.409
RGI60-19.01090,0.916,0.916,0.916,0.916,0.916,0.916,0.916,0.916,0.916,0.916,0.916,0.916,0.916,0.916,0.916,0.916,0.916,0.916,0.916,0.916,0.916,0.916,0.916,0.916,0.272,0.272,0.339,0.339,0.339,0.339,0.339,0.339,0.339,0.339,0.339,0.339,0.339,0.339,0.339,0.339,0.339,0.339,0.339,0.339,0.339,0.339,0.339,0.339,0.339,0.339
RGI60-19.01091,0.976,0.976,0.976,0.976,0.976,0.976,0.976,0.976,0.976,0.976,0.976,0.976,0.976,0.976,0.976,0.976,0.976,0.976,0.976,0.976,0.976,0.976,0.976,0.976,0.361,0.361,0.478,0.478,0.478,0.478,0.478,0.478,0.478,0.478,0.478,0.478,0.478,0.478,0.478,0.478,0.478,0.478,0.478,0.478,0.478,0.478,0.478,0.478,0.478,0.478
RGI60-19.01092,0.916,0.916,0.916,0.916,0.916,0.916,0.916,0.916,0.916,0.916,0.916,0.916,0.916,0.916,0.916,0.916,0.916,0.916,0.916,0.916,0.916,0.916,0.916,0.916,0.272,0.272,0.339,0.339,0.339,0.339,0.339,0.339,0.339,0.339,0.339,0.339,0.339,0.339,0.339,0.339,0.339,0.339,0.339,0.339,0.339,0.339,0.339,0.339,0.339,0.339
RGI60-19.01093,0.976,0.976,0.976,0.976,0.976,0.976,0.976,0.976,0.976,0.976,0.976,0.976,0.976,0.976,0.976,0.976,0.976,0.976,0.976,0.976,0.976,0.976,0.976,0.976,0.361,0.361,0.478,0.478,0.478,0.478,0.478,0.478,0.478,0.478,0.478,0.478,0.478,0.478,0.478,0.478,0.478,0.478,0.478,0.478,0.478,0.478,0.478,0.478,0.478,0.478
RGI60-19.01094,0.976,0.976,0.976,0.976,0.976,0.976,0.976,0.976,0.976,0.976,0.976,0.976,0.976,0.976,0.976,0.976,0.976,0.976,0.976,0.976,0.976,0.976,0.976,0.976,0.361,0.361,0.478,0.478,0.478,0.478,0.478,0.478,0.478,0.478,0.478,0.478,0.478,0.478,0.478,0.478,0.478,0.478,0.478,0.478,0.478,0.478,0.478,0.478,0.478,0.478
RGI60-19.01095,0.976,0.976,0.976,0.976,0.976,0.976,0.976,0.976,0.976,0.976,0.976,0.976,0.976,0.976,0.976,0.976,0.976,0.976,0.976,0.976,0.976,0.976,0.976,0.976,0.361,0.361,0.478,0.478,0.478,0.478,0.478,0.478,0.478,0.478,0.478,0.478,0.478,0.478,0.478,0.478,0.478,0.478,0.478,0.478,0.478,0.478,0.478,0.478,0.478,0.478
RGI60-19.01096,0.916,0.916,0.916,0.916,0.916,0.916,0.916,0.916,0.916,0.916,0.916,0.916,0.916,0.916,0.916,0.916,0.916,0.916,0.916,0.916,0.916,0.916,0.916,0.916,0.272,0.272,0.341,0.341,0.341,0.341,0.341,0.341,0.341,0.341,0.341,0.341,0.341,0.341,0.341,0.341,0.341,0.341,0.341,0.341,0.341,0.341,0.341,0.341,0.341,0.341
RGI60-19.01097,0.916,0.916,0.916,0.916,0.916,0.916,0.916,0.916,0.916,0.916,0.916,0.916,0.916,0.916,0.916,0.916,0.916,0.916,0.916,0.916,0.916,0.916,0.916,0.916,0.273,0.273,0.341,0.341,0.341,0.341,0.341,0.341,0.341,0.341,0.341,0.341,0.341,0.341,0.341,0.341,0.341,0.341,0.341,0.341,0.341,0.341,0.341,0.341,0.341,0.341
RGI60-19.01098,0.916,0.916,0.916,0.916,0.916,0.916,0.916,0.916,0.916,0.916,0.916,0.916,0.916,0.916,0.916,0.916,0.916,0.916,0.916,0.916,0.916,0.916,0.916,0.916,0.272,0.272,0.34,0.34,0.34,0.34,0.34,0.34,0.34,0.34,0.34,0.34,0.34,0.34,0.34,0.34,0.34,0.34,0.34,0.34,0.34,0.34,0.34,0.34,0.34,0.34
RGI60-19.01099,0.916,0.916,0.916,0.916,0.916,0.916,0.916,0.916,0.916,0.916,0.916,0.916,0.916,0.916,0.916,0.916,0.916,0.916,0.916,0.916,0.916,0.916,0.916,0.916,0.272,0.272,0.34,0.34,0.34,0.34,0.34,0.34,0.34,0.34,0.34,0.34,0.34,0.34,0.34,0.34,0.34,0.34,0.34,0.34,0.34,0.34,0.34,0.34,0.34,0.34
RGI60-19.01100,0.916,0.916,0.916,0.916,0.916,0.916,0.916,0.916,0.916,0.916,0.916,0.916,0.916,0.916,0.916,0.916,0.916,0.916,0.916,0.916,0.916,0.916,0.916,0.916,0.272,0.272,0.341,0.341,0.341,0.341,0.341,0.341,0.341,0.341,0.341,0.341,0.341,0.341,0.341,0.341,0.341,0.341,0.341,0.341,0.341,0.341,0.341,0.341,0.341,0.341
RGI60-19.01101,0.976,0.976,0.976,0.976,0.976,0.976,0.976,0.976,0.976,0.976,0.976,0.976,0.976,0.976,0.976,0.976,0.976,0.976,0.976,0.976,0.976,0.976,0.976,0.976,0.361,0.361,0.478,0.478,0.478,0.478,0.478,0.478,0.478,0.478,0.478,0.478,0.478,0.478,0.478,0.478,0.478,0.478,0.478,0.478,0.478,0.478,0.478,0.478,0.478,0.478
RGI60-19.01102,0.945,0.945,0.945,0.945,0.945,0.945,0.945,0.945,0.945,0.945,0.945,0.945,0.945,0.945,0.945,0.945,0.945,0.945,0.945,0.945,0.945,0.945,0.945,0.945,0.315,0.315,0.409,0.409,0.409,0.409,0.409,0.409,0.409,0.409,0.409,0.409,0.409,0.409,0.409,0.409,0.409,0.409,0.409,0.409,0.409,0.409,0.409,0.409,0.409,0.409
RGI60-19.01103,0.916,0.916,0.916,0.916,0.916,0.916,0.916,0.916,0.916,0.916,0.916,0.916,0.916,0.916,0.916,0.916,0.916,0.916,0.916,0.916,0.916,0.916,0.916,0.916,0.273,0.273,0.341,0.341,0.341,0.341,0.341,0.341,0.341,0.341,0.341,0.341,0.341,0.341,0.341,0.341,0.341,0.341,0.341,0.341,0.341,0.341,0.341,0.341,0.341,0.341
RGI60-19.01104,0.945,0.945,0.945,0.945,0.945,0.945,0.945,0.945,0.945,0.945,0.945,0.945,0.945,0.945,0.945,0.945,0.945,0.945,0.945,0.945,0.945,0.945,0.945,0.945,0.315,0.315,0.409,0.409,0.409,0.409,0.409,0.409,0.409,0.409,0.409,0.409,0.409,0.409,0.409,0.409,0.409,0.409,0.409,0.409,0.409,0.409,0.409,0.409,0.409,0.409
RGI60-19.01105,0.945,0.945,0.945,0.945,0.945,0.945,0.945,0.945,0.945,0.945,0.945,0.945,0.945,0.945,0.945,0.945,0.945,0.945,0.945,0.945,0.945,0.945,0.945,0.945,0.315,0.315,0.409,0.409,0.409,0.409,0.409,0.409,0.409,0.409,0.409,0.409,0.409,0.409,0.409,0.409,0.409,0.409,0.409,0.409,0.409,0.409,0.409,0.409,0.409,0.409
RGI60-19.01106,0.916,0.916,0.916,0.916,0.916,0.916,0.916,0.916,0.916,0.916,0.916,0.916,0.916,0.916,0.916,0.916,0.916,0.916,0.916,0.916,0.916,0.916,0.916,0.916,0.273,0.273,0.341,0.341,0.341,0.341,0.341,0.341,0.341,0.341,0.341,0.341,0.341,0.341,0.341,0.341,0.341,0.341,0.341,0.341,0.341,0.341,0.341,0.341,0.341,0.341
RGI60-19.01107,0.916,0.916,0.916,0.916,0.916,0.916,0.916,0.916,0.916,0.916,0.916,0.916,0.916,0.916,0.916,0.916,0.916,0.916,0.916,0.916,0.916,0.916,0.916,0.916,0.273,0.273,0.341,0.341,0.341,0.341,0.341,0.341,0.341,0.341,0.341,0.341,0.341,0.341,0.341,0.341,0.341,0.341,0.341,0.341,0.341,0.341,0.341,0.341,0.341,0.341
RGI60-19.01108,0.916,0.916,0.916,0.916,0.916,0.916,0.916,0.916,0.916,0.916,0.916,0.916,0.916,0.916,0.916,0.916,0.916,0.916,0.916,0.916,0.916,0.916,0.916,0.916,0.273,0.273,0.341,0.341,0.341,0.341,0.341,0.341,0.341,0.341,0.341,0.341,0.341,0.341,0.341,0.341,0.341,0.341,0.341,0.341,0.341,0.341,0.341,0.341,0.341,0.341
RGI60-19.01109,0.945,0.945,0.945,0.945,0.945,0.945,0.945,0.945,0.945,0.945,0.945,0.945,0.945,0.945,0.945,0.945,0.945,0.945,0.945,0.945,0.945,0.945,0.945,0.945,0.315,0.315,0.409,0.409,0.409,0.409,0.409,0.409,0.409,0.409,0.409,0.409,0.409,0.409,0.409,0.409,0.409,0.409,0.409,0.409,0.409,0.409,0.409,0.409,0.409,0.409
RGI60-19.01110,0.916,0.916,0.916,0.916,0.916,0.916,0.916,0.916,0.916,0.916,0.916,0.916,0.916,0.916,0.916,0.916,0.916,0.916,0.916,0.916,0.916,0.916,0.916,0.916,0.273,0.273,0.341,0.341,0.341,0.341,0.341,0.341,0.341,0.341,0.341,0.341,0.341,0.341,0.341,0.341,0.341,0.341,0.341,0.341,0.341,0.341,0.341,0.341,0.341,0.341
RGI60-19.01111,0.916,0.916,0.916,0.916,0.916,0.916,0.916,0.916,0.916,0.916,0.916,0.916,0.916,0.916,0.916,0.916,0.916,0.916,0.916,0.916,0.916,0.916,0.916,0.916,0.273,0.273,0.341,0.341,0.341,0.341,0.341,0.341,0.341,0.341,0.341,0.341,0.341,0.341,0.341,0.341,0.341,0.341,0.341,0.341,0.341,0.341,0.341,0.341,0.341,0.341
RGI60-19.01112,0.976,0.976,0.976,0.976,0.976,0.976,0.976,0.976,0.976,0.976,0.976,0.976,0.976,0.976,0.976,0.976,0.976,0.976,0.976,0.976,0.976,0.976,0.976,0.976,0.361,0.361,0.478,0.478,0.478,0.478,0.478,0.478,0.478,0.478,0.478,0.478,0.478,0.478,0.478,0.478,0.478,0.478,0.478,0.478,0.478,0.478,0.478,0.478,0.478,0.478
RGI60-19.01113,0.917,0.917,0.917,0.917,0.917,0.917,0.917,0.917,0.917,0.917,0.917,0.917,0.917,0.917,0.917,0.917,0.917,0.917,0.917,0.917,0.917,0.917,0.917,0.917,0.273,0.273,0.342,0.342,0.342,0.342,0.342,0.342,0.342,0.342,0.342,0.342,0.342,0.342,0.342,0.342,0.342,0.342,0.342,0.342,0.342,0.342,0.342,0.342,0.342,0.342
RGI60-19.01114,0.917,0.917,0.917,0.917,0.917,0.917,0.917,0.917,0.917,0.917,0.917,0.917,0.917,0.917,0.917,0.917,0.917,0.917,0.917,0.917,0.917,0.917,0.917,0.917,0.273,0.273,0.342,0.342,0.342,0.342,0.342,0.342,0.342,0.342,0.342,0.342,0.342,0.342,0.342,0.342,0.342,0.342,0.342,0.342,0.342,0.342,0.342,0.342,0.342,0.342
RGI60-19.01115,0.917,0.917,0.917,0.917,0.917,0.917,0.917,0.917,0.917,0.917,0.917,0.917,0.917,0.917,0.917,0.917,0.917,0.917,0.917,0.917,0.917,0.917,0.917,0.917,0.273,0.273,0.342,0.342,0.342,0.342,0.342,0.342,0.342,0.342,0.342,0.342,0.342,0.342,0.342,0.342,0.342,0.342,0.342,0.342,0.342,0.342,0.342,0.342,0.342,0.342
RGI60-19.01116,0.917,0.917,0.917,0.917,0.917,0.917,0.917,0.917,0.917,0.917,0.917,0.917,0.917,0.917,0.917,0.917,0.917,0.917,0.917,0.917,0.917,0.917,0.917,0.917,0.273,0.273,0.342,0.342,0.342,0.342,0.342,0.342,0.342,0.342,0.342,0.342,0.342,0.342,0.342,0.342,0.342,0.342,0.342,0.342,0.342,0.342,0.342,0.342,0.342,0.342
RGI60-19.01117,0.945,0.945,0.945,0.945,0.945,0.945,0.945,0.945,0.945,0.945,0.945,0.945,0.945,0.945,0.945,0.945,0.945,0.945,0.945,0.945,0.945,0.945,0.945,0.945,0.315,0.315,0.409,0.409,0.409,0.409,0.409,0.409,0.409,0.409,0.409,0.409,0.409,0.409,0.409,0.409,0.409,0.409,0.409,0.409,0.409,0.409,0.409,0.409,0.409,0.409
RGI60-19.01118,0.917,0.917,0.917,0.917,0.917,0.917,0.917,0.917,0.917,0.917,0.917,0.917,0.917,0.917,0.917,0.917,0.917,0.917,0.917,0.917,0.917,0.917,0.917,0.917,0.274,0.274,0.342,0.342,0.342,0.342,0.342,0.342,0.342,0.342,0.342,0.342,0.342,0.342,0.342,0.342,0.342,0.342,0.342,0.342,0.342,0.342,0.342,0.342,0.342,0.342
RGI60-19.01119,0.917,0.917,0.917,0.917,0.917,0.917,0.917,0.917,0.917,0.917,0.917,0.917,0.917,0.917,0.917,0.917,0.917,0.917,0.917,0.917,0.917,0.917,0.917,0.917,0.274,0.274,0.343,0.343,0.343,0.343,0.343,0.343,0.343,0.343,0.343,0.343,0.343,0.343,0.343,0.343,0.343,0.343,0.343,0.343,0.343,0.343,0.343,0.343,0.343,0.343
RGI60-19.01120,0.917,0.917,0.917,0.917,0.917,0.917,0.917,0.917,0.917,0.917,0.917,0.917,0.917,0.917,0.917,0.917,0.917,0.917,0.917,0.917,0.917,0.917,0.917,0.917,0.274,0.274,0.343,0.343,0.343,0.343,0.343,0.343,0.343,0.343,0.343,0.343,0.343,0.343,0.343,0.343,0.343,0.343,0.343,0.343,0.343,0.343,0.343,0.343,0.343,0.343
RGI60-19.01121,0.917,0.917,0.917,0.917,0.917,0.917,0.917,0.917,0.917,0.917,0.917,0.917,0.917,0.917,0.917,0.917,0.917,0.917,0.917,0.917,0.917,0.917,0.917,0.917,0.274,0.274,0.343,0.343,0.343,0.343,0.343,0.343,0.343,0.343,0.343,0.343,0.343,0.343,0.343,0.343,0.343,0.343,0.343,0.343,0.343,0.343,0.343,0.343,0.343,0.343
RGI60-19.01122,0.918,0.918,0.918,0.918,0.918,0.918,0.918,0.918,0.918,0.918,0.918,0.918,0.918,0.918,0.918,0.918,0.918,0.918,0.918,0.918,0.918,0.918,0.918,0.918,0.275,0.275,0.346,0.346,0.346,0.346,0.346,0.346,0.346,0.346,0.346,0.346,0.346,0.346,0.346,0.346,0.346,0.346,0.346,0.346,0.346,0.346,0.346,0.346,0.346,0.346
RGI60-19.01123,0.918,0.918,0.918,0.918,0.918,0.918,0.918,0.918,0.918,0.918,0.918,0.918,0.918,0.918,0.918,0.918,0.918,0.918,0.918,0.918,0.918,0.918,0.918,0.918,0.275,0.275,0.346,0.346,0.346,0.346,0.346,0.346,0.346,0.346,0.346,0.346,0.346,0.346,0.346,0.346,0.346,0.346,0.346,0.346,0.346,0.346,0.346,0.346,0.346,0.346
RGI60-19.01124,0.919,0.919,0.919,0.919,0.919,0.919,0.919,0.919,0.919,0.919,0.919,0.919,0.919,0.919,0.919,0.919,0.919,0.919,0.919,0.919,0.919,0.919,0.919,0.919,0.277,0.277,0.347,0.347,0.347,0.347,0.347,0.347,0.347,0.347,0.347,0.347,0.347,0.347,0.347,0.347,0.347,0.347,0.347,0.347,0.347,0.347,0.347,0.347,0.347,0.347
RGI60-19.01125,0.919,0.919,0.919,0.919,0.919,0.919,0.919,0.919,0.919,0.919,0.919,0.919,0.919,0.919,0.919,0.919,0.919,0.919,0.919,0.919,0.919,0.919,0.919,0.919,0.276,0.276,0.348,0.348,0.348,0.348,0.348,0.348,0.348,0.348,0.348,0.348,0.348,0.348,0.348,0.348,0.348,0.348,0.348,0.348,0.348,0.348,0.348,0.348,0.348,0.348
RGI60-19.01126,0.919,0.919,0.919,0.919,0.919,0.919,0.919,0.919,0.919,0.919,0.919,0.919,0.919,0.919,0.919,0.919,0.919,0.919,0.919,0.919,0.919,0.919,0.919,0.919,0.277,0.277,0.348,0.348,0.348,0.348,0.348,0.348,0.348,0.348,0.348,0.348,0.348,0.348,0.348,0.348,0.348,0.348,0.348,0.348,0.348,0.348,0.348,0.348,0.348,0.348
RGI60-19.01127,0.919,0.919,0.919,0.919,0.919,0.919,0.919,0.919,0.919,0.919,0.919,0.919,0.919,0.919,0.919,0.919,0.919,0.919,0.919,0.919,0.919,0.919,0.919,0.919,0.278,0.278,0.349,0.349,0.349,0.349,0.349,0.349,0.349,0.349,0.349,0.349,0.349,0.349,0.349,0.349,0.349,0.349,0.349,0.349,0.349,0.349,0.349,0.349,0.349,0.349
RGI60-19.01128,0.922,0.922,0.922,0.922,0.922,0.922,0.922,0.922,0.922,0.922,0.922,0.922,0.922,0.922,0.922,0.922,0.922,0.922,0.922,0.922,0.922,0.922,0.922,0.922,0.281,0.281,0.357,0.357,0.357,0.357,0.357,0.357,0.357,0.357,0.357,0.357,0.357,0.357,0.357,0.357,0.357,0.357,0.357,0.357,0.357,0.357,0.357,0.357,0.357,0.357
RGI60-19.01129,0.92,0.92,0.92,0.92,0.92,0.92,0.92,0.92,0.92,0.92,0.92,0.92,0.92,0.92,0.92,0.92,0.92,0.92,0.92,0.92,0.92,0.92,0.92,0.92,0.278,0.278,0.35,0.35,0.35,0.35,0.35,0.35,0.35,0.35,0.35,0.35,0.35,0.35,0.35,0.35,0.35,0.35,0.35,0.35,0.35,0.35,0.35,0.35,0.35,0.35
RGI60-19.01130,0.919,0.919,0.919,0.919,0.919,0.919,0.919,0.919,0.919,0.919,0.919,0.919,0.919,0.919,0.919,0.919,0.919,0.919,0.919,0.919,0.919,0.919,0.919,0.919,0.278,0.278,0.349,0.349,0.349,0.349,0.349,0.349,0.349,0.349,0.349,0.349,0.349,0.349,0.349,0.349,0.349,0.349,0.349,0.349,0.349,0.349,0.349,0.349,0.349,0.349
RGI60-19.01131,0.92,0.92,0.92,0.92,0.92,0.92,0.92,0.92,0.92,0.92,0.92,0.92,0.92,0.92,0.92,0.92,0.92,0.92,0.92,0.92,0.92,0.92,0.92,0.92,0.278,0.278,0.35,0.35,0.35,0.35,0.35,0.35,0.35,0.35,0.35,0.35,0.35,0.35,0.35,0.35,0.35,0.35,0.35,0.35,0.35,0.35,0.35,0.35,0.35,0.35
RGI60-19.01132,0.92,0.92,0.92,0.92,0.92,0.92,0.92,0.92,0.92,0.92,0.92,0.92,0.92,0.92,0.92,0.92,0.92,0.92,0.92,0.92,0.92,0.92,0.92,0.92,0.278,0.278,0.35,0.35,0.35,0.35,0.35,0.35,0.35,0.35,0.35,0.35,0.35,0.35,0.35,0.35,0.35,0.35,0.35,0.35,0.35,0.35,0.35,0.35,0.35,0.35
RGI60-19.01133,0.92,0.92,0.92,0.92,0.92,0.92,0.92,0.92,0.92,0.92,0.92,0.92,0.92,0.92,0.92,0.92,0.92,0.92,0.92,0.92,0.92,0.92,0.92,0.92,0.279,0.279,0.352,0.352,0.352,0.352,0.352,0.352,0.352,0.352,0.352,0.352,0.352,0.352,0.352,0.352,0.352,0.352,0.352,0.352,0.352,0.352,0.352,0.352,0.352,0.352
RGI60-19.01134,0.922,0.922,0.922,0.922,0.922,0.922,0.922,0.922,0.922,0.922,0.922,0.922,0.922,0.922,0.922,0.922,0.922,0.922,0.922,0.922,0.922,0.922,0.922,0.922,0.281,0.281,0.355,0.355,0.355,0.355,0.355,0.355,0.355,0.355,0.355,0.355,0.355,0.355,0.355,0.355,0.355,0.355,0.355,0.355,0.355,0.355,0.355,0.355,0.355,0.355
RGI60-19.01135,0.922,0.922,0.922,0.922,0.922,0.922,0.922,0.922,0.922,0.922,0.922,0.922,0.922,0.922,0.922,0.922,0.922,0.922,0.922,0.922,0.922,0.922,0.922,0.922,0.281,0.281,0.355,0.355,0.355,0.355,0.355,0.355,0.355,0.355,0.355,0.355,0.355,0.355,0.355,0.355,0.355,0.355,0.355,0.355,0.355,0.355,0.355,0.355,0.355,0.355
RGI60-19.01136,0.935,0.935,0.935,0.935,0.935,0.935,0.935,0.935,0.935,0.935,0.935,0.935,0.935,0.935,0.935,0.935,0.935,0.935,0.935,0.935,0.935,0.935,0.935,0.935,0.3,0.3,0.388,0.388,0.388,0.388,0.388,0.388,0.388,0.388,0.388,0.388,0.388,0.388,0.388,0.388,0.388,0.388,0.388,0.388,0.388,0.388,0.388,0.388,0.388,0.388
RGI60-19.01137,0.922,0.922,0.922,0.922,0.922,0.922,0.922,0.922,0.922,0.922,0.922,0.922,0.922,0.922,0.922,0.922,0.922,0.922,0.922,0.922,0.922,0.922,0.922,0.922,0.282,0.282,0.356,0.356,0.356,0.356,0.356,0.356,0.356,0.356,0.356,0.356,0.356,0.356,0.356,0.356,0.356,0.356,0.356,0.356,0.356,0.356,0.356,0.356,0.356,0.356
RGI60-19.01138,0.923,0.923,0.923,0.923,0.923,0.923,0.923,0.923,0.923,0.923,0.923,0.923,0.923,0.923,0.923,0.923,0.923,0.923,0.923,0.923,0.923,0.923,0.923,0.923,0.283,0.283,0.36,0.36,0.36,0.36,0.36,0.36,0.36,0.36,0.36,0.36,0.36,0.36,0.36,0.36,0.36,0.36,0.36,0.36,0.36,0.36,0.36,0.36,0.36,0.36
RGI60-19.01139,0.923,0.923,0.923,0.923,0.923,0.923,0.923,0.923,0.923,0.923,0.923,0.923,0.923,0.923,0.923,0.923,0.923,0.923,0.923,0.923,0.923,0.923,0.923,0.923,0.283,0.283,0.359,0.359,0.359,0.359,0.359,0.359,0.359,0.359,0.359,0.359,0.359,0.359,0.359,0.359,0.359,0.359,0.359,0.359,0.359,0.359,0.359,0.359,0.359,0.359
RGI60-19.01140,0.923,0.923,0.923,0.923,0.923,0.923,0.923,0.923,0.923,0.923,0.923,0.923,0.923,0.923,0.923,0.923,0.923,0.923,0.923,0.923,0.923,0.923,0.923,0.923,0.283,0.283,0.359,0.359,0.359,0.359,0.359,0.359,0.359,0.359,0.359,0.359,0.359,0.359,0.359,0.359,0.359,0.359,0.359,0.359,0.359,0.359,0.359,0.359,0.359,0.359
RGI60-19.01141,0.923,0.923,0.923,0.923,0.923,0.923,0.923,0.923,0.923,0.923,0.923,0.923,0.923,0.923,0.923,0.923,0.923,0.923,0.923,0.923,0.923,0.923,0.923,0.923,0.283,0.283,0.359,0.359,0.359,0.359,0.359,0.359,0.359,0.359,0.359,0.359,0.359,0.359,0.359,0.359,0.359,0.359,0.359,0.359,0.359,0.359,0.359,0.359,0.359,0.359
RGI60-19.01142,0.923,0.923,0.923,0.923,0.923,0.923,0.923,0.923,0.923,0.923,0.923,0.923,0.923,0.923,0.923,0.923,0.923,0.923,0.923,0.923,0.923,0.923,0.923,0.923,0.283,0.283,0.359,0.359,0.359,0.359,0.359,0.359,0.359,0.359,0.359,0.359,0.359,0.359,0.359,0.359,0.359,0.359,0.359,0.359,0.359,0.359,0.359,0.359,0.359,0.359
RGI60-19.01143,0.923,0.923,0.923,0.923,0.923,0.923,0.923,0.923,0.923,0.923,0.923,0.923,0.923,0.923,0.923,0.923,0.923,0.923,0.923,0.923,0.923,0.923,0.923,0.923,0.283,0.283,0.359,0.359,0.359,0.359,0.359,0.359,0.359,0.359,0.359,0.359,0.359,0.359,0.359,0.359,0.359,0.359,0.359,0.359,0.359,0.359,0.359,0.359,0.359,0.359
RGI60-19.01144,0.924,0.924,0.924,0.924,0.924,0.924,0.924,0.924,0.924,0.924,0.924,0.924,0.924,0.924,0.924,0.924,0.924,0.924,0.924,0.924,0.924,0.924,0.924,0.924,0.283,0.283,0.36,0.36,0.36,0.36,0.36,0.36,0.36,0.36,0.36,0.36,0.36,0.36,0.36,0.36,0.36,0.36,0.36,0.36,0.36,0.36,0.36,0.36,0.36,0.36
RGI60-19.01145,0.923,0.923,0.923,0.923,0.923,0.923,0.923,0.923,0.923,0.923,0.923,0.923,0.923,0.923,0.923,0.923,0.923,0.923,0.923,0.923,0.923,0.923,0.923,0.923,0.283,0.283,0.36,0.36,0.36,0.36,0.36,0.36,0.36,0.36,0.36,0.36,0.36,0.36,0.36,0.36,0.36,0.36,0.36,0.36,0.36,0.36,0.36,0.36,0.36,0.36
RGI60-19.01146,0.945,0.945,0.945,0.945,0.945,0.945,0.945,0.945,0.945,0.945,0.945,0.945,0.945,0.945,0.945,0.945,0.945,0.945,0.945,0.945,0.945,0.945,0.945,0.945,0.315,0.315,0.409,0.409,0.409,0.409,0.409,0.409,0.409,0.409,0.409,0.409,0.409,0.409,0.409,0.409,0.409,0.409,0.409,0.409,0.409,0.409,0.409,0.409,0.409,0.409
RGI60-19.01147,0.924,0.924,0.924,0.924,0.924,0.924,0.924,0.924,0.924,0.924,0.924,0.924,0.924,0.924,0.924,0.924,0.924,0.924,0.924,0.924,0.924,0.924,0.924,0.924,0.284,0.284,0.36,0.36,0.36,0.36,0.36,0.36,0.36,0.36,0.36,0.36,0.36,0.36,0.36,0.36,0.36,0.36,0.36,0.36,0.36,0.36,0.36,0.36,0.36,0.36
RGI60-19.01148,0.923,0.923,0.923,0.923,0.923,0.923,0.923,0.923,0.923,0.923,0.923,0.923,0.923,0.923,0.923,0.923,0.923,0.923,0.923,0.923,0.923,0.923,0.923,0.923,0.283,0.283,0.358,0.358,0.358,0.358,0.358,0.358,0.358,0.358,0.358,0.358,0.358,0.358,0.358,0.358,0.358,0.358,0.358,0.358,0.358,0.358,0.358,0.358,0.358,0.358
RGI60-19.01149,0.923,0.923,0.923,0.923,0.923,0.923,0.923,0.923,0.923,0.923,0.923,0.923,0.923,0.923,0.923,0.923,0.923,0.923,0.923,0.923,0.923,0.923,0.923,0.923,0.283,0.283,0.358,0.358,0.358,0.358,0.358,0.358,0.358,0.358,0.358,0.358,0.358,0.358,0.358,0.358,0.358,0.358,0.358,0.358,0.358,0.358,0.358,0.358,0.358,0.358
RGI60-19.01150,0.925,0.925,0.925,0.925,0.925,0.925,0.925,0.925,0.925,0.925,0.925,0.925,0.925,0.925,0.925,0.925,0.925,0.925,0.925,0.925,0.925,0.925,0.925,0.925,0.285,0.285,0.363,0.363,0.363,0.363,0.363,0.363,0.363,0.363,0.363,0.363,0.363,0.363,0.363,0.363,0.363,0.363,0.363,0.363,0.363,0.363,0.363,0.363,0.363,0.363
RGI60-19.01151,0.924,0.924,0.924,0.924,0.924,0.924,0.924,0.924,0.924,0.924,0.924,0.924,0.924,0.924,0.924,0.924,0.924,0.924,0.924,0.924,0.924,0.924,0.924,0.924,0.285,0.285,0.362,0.362,0.362,0.362,0.362,0.362,0.362,0.362,0.362,0.362,0.362,0.362,0.362,0.362,0.362,0.362,0.362,0.362,0.362,0.362,0.362,0.362,0.362,0.362
RGI60-19.01152,0.924,0.924,0.924,0.924,0.924,0.924,0.924,0.924,0.924,0.924,0.924,0.924,0.924,0.924,0.924,0.924,0.924,0.924,0.924,0.924,0.924,0.924,0.924,0.924,0.285,0.285,0.362,0.362,0.362,0.362,0.362,0.362,0.362,0.362,0.362,0.362,0.362,0.362,0.362,0.362,0.362,0.362,0.362,0.362,0.362,0.362,0.362,0.362,0.362,0.362
RGI60-19.01153,0.925,0.925,0.925,0.925,0.925,0.925,0.925,0.925,0.925,0.925,0.925,0.925,0.925,0.925,0.925,0.925,0.925,0.925,0.925,0.925,0.925,0.925,0.925,0.925,0.285,0.285,0.363,0.363,0.363,0.363,0.363,0.363,0.363,0.363,0.363,0.363,0.363,0.363,0.363,0.363,0.363,0.363,0.363,0.363,0.363,0.363,0.363,0.363,0.363,0.363
RGI60-19.01154,0.925,0.925,0.925,0.925,0.925,0.925,0.925,0.925,0.925,0.925,0.925,0.925,0.925,0.925,0.925,0.925,0.925,0.925,0.925,0.925,0.925,0.925,0.925,0.925,0.285,0.285,0.363,0.363,0.363,0.363,0.363,0.363,0.363,0.363,0.363,0.363,0.363,0.363,0.363,0.363,0.363,0.363,0.363,0.363,0.363,0.363,0.363,0.363,0.363,0.363
RGI60-19.01155,0.925,0.925,0.925,0.925,0.925,0.925,0.925,0.925,0.925,0.925,0.925,0.925,0.925,0.925,0.925,0.925,0.925,0.925,0.925,0.925,0.925,0.925,0.925,0.925,0.285,0.285,0.363,0.363,0.363,0.363,0.363,0.363,0.363,0.363,0.363,0.363,0.363,0.363,0.363,0.363,0.363,0.363,0.363,0.363,0.363,0.363,0.363,0.363,0.363,0.363
RGI60-19.01156,0.925,0.925,0.925,0.925,0.925,0.925,0.925,0.925,0.925,0.925,0.925,0.925,0.925,0.925,0.925,0.925,0.925,0.925,0.925,0.925,0.925,0.925,0.925,0.925,0.285,0.285,0.363,0.363,0.363,0.363,0.363,0.363,0.363,0.363,0.363,0.363,0.363,0.363,0.363,0.363,0.363,0.363,0.363,0.363,0.363,0.363,0.363,0.363,0.363,0.363
RGI60-19.01157,0.925,0.925,0.925,0.925,0.925,0.925,0.925,0.925,0.925,0.925,0.925,0.925,0.925,0.925,0.925,0.925,0.925,0.925,0.925,0.925,0.925,0.925,0.925,0.925,0.285,0.285,0.363,0.363,0.363,0.363,0.363,0.363,0.363,0.363,0.363,0.363,0.363,0.363,0.363,0.363,0.363,0.363,0.363,0.363,0.363,0.363,0.363,0.363,0.363,0.363
RGI60-19.01158,0.925,0.925,0.925,0.925,0.925,0.925,0.925,0.925,0.925,0.925,0.925,0.925,0.925,0.925,0.925,0.925,0.925,0.925,0.925,0.925,0.925,0.925,0.925,0.925,0.285,0.285,0.363,0.363,0.363,0.363,0.363,0.363,0.363,0.363,0.363,0.363,0.363,0.363,0.363,0.363,0.363,0.363,0.363,0.363,0.363,0.363,0.363,0.363,0.363,0.363
RGI60-19.01159,0.925,0.925,0.925,0.925,0.925,0.925,0.925,0.925,0.925,0.925,0.925,0.925,0.925,0.925,0.925,0.925,0.925,0.925,0.925,0.925,0.925,0.925,0.925,0.925,0.285,0.285,0.363,0.363,0.363,0.363,0.363,0.363,0.363,0.363,0.363,0.363,0.363,0.363,0.363,0.363,0.363,0.363,0.363,0.363,0.363,0.363,0.363,0.363,0.363,0.363
RGI60-19.01160,0.925,0.925,0.925,0.925,0.925,0.925,0.925,0.925,0.925,0.925,0.925,0.925,0.925,0.925,0.925,0.925,0.925,0.925,0.925,0.925,0.925,0.925,0.925,0.925,0.285,0.285,0.362,0.362,0.362,0.362,0.362,0.362,0.362,0.362,0.362,0.362,0.362,0.362,0.362,0.362,0.362,0.362,0.362,0.362,0.362,0.362,0.362,0.362,0.362,0.362
RGI60-19.01161,0.925,0.925,0.925,0.925,0.925,0.925,0.925,0.925,0.925,0.925,0.925,0.925,0.925,0.925,0.925,0.925,0.925,0.925,0.925,0.925,0.925,0.925,0.925,0.925,0.285,0.285,0.363,0.363,0.363,0.363,0.363,0.363,0.363,0.363,0.363,0.363,0.363,0.363,0.363,0.363,0.363,0.363,0.363,0.363,0.363,0.363,0.363,0.363,0.363,0.363
RGI60-19.01162,0.925,0.925,0.925,0.925,0.925,0.925,0.925,0.925,0.925,0.925,0.925,0.925,0.925,0.925,0.925,0.925,0.925,0.925,0.925,0.925,0.925,0.925,0.925,0.925,0.285,0.285,0.363,0.363,0.363,0.363,0.363,0.363,0.363,0.363,0.363,0.363,0.363,0.363,0.363,0.363,0.363,0.363,0.363,0.363,0.363,0.363,0.363,0.363,0.363,0.363
RGI60-19.01163,0.925,0.925,0.925,0.925,0.925,0.925,0.925,0.925,0.925,0.925,0.925,0.925,0.925,0.925,0.925,0.925,0.925,0.925,0.925,0.925,0.925,0.925,0.925,0.925,0.285,0.285,0.363,0.363,0.363,0.363,0.363,0.363,0.363,0.363,0.363,0.363,0.363,0.363,0.363,0.363,0.363,0.363,0.363,0.363,0.363,0.363,0.363,0.363,0.363,0.363
RGI60-19.01164,0.945,0.945,0.945,0.945,0.945,0.945,0.945,0.945,0.945,0.945,0.945,0.945,0.945,0.945,0.945,0.945,0.945,0.945,0.945,0.945,0.945,0.945,0.945,0.945,0.315,0.315,0.409,0.409,0.409,0.409,0.409,0.409,0.409,0.409,0.409,0.409,0.409,0.409,0.409,0.409,0.409,0.409,0.409,0.409,0.409,0.409,0.409,0.409,0.409,0.409
RGI60-19.01165,0.923,0.923,0.923,0.923,0.923,0.923,0.923,0.923,0.923,0.923,0.923,0.923,0.923,0.923,0.923,0.923,0.923,0.923,0.923,0.923,0.923,0.923,0.923,0.923,0.284,0.284,0.36,0.36,0.36,0.36,0.36,0.36,0.36,0.36,0.36,0.36,0.36,0.36,0.36,0.36,0.36,0.36,0.36,0.36,0.36,0.36,0.36,0.36,0.36,0.36
RGI60-19.01166,0.923,0.923,0.923,0.923,0.923,0.923,0.923,0.923,0.923,0.923,0.923,0.923,0.923,0.923,0.923,0.923,0.923,0.923,0.923,0.923,0.923,0.923,0.923,0.923,0.284,0.284,0.36,0.36,0.36,0.36,0.36,0.36,0.36,0.36,0.36,0.36,0.36,0.36,0.36,0.36,0.36,0.36,0.36,0.36,0.36,0.36,0.36,0.36,0.36,0.36
RGI60-19.01167,0.923,0.923,0.923,0.923,0.923,0.923,0.923,0.923,0.923,0.923,0.923,0.923,0.923,0.923,0.923,0.923,0.923,0.923,0.923,0.923,0.923,0.923,0.923,0.923,0.284,0.284,0.36,0.36,0.36,0.36,0.36,0.36,0.36,0.36,0.36,0.36,0.36,0.36,0.36,0.36,0.36,0.36,0.36,0.36,0.36,0.36,0.36,0.36,0.36,0.36
RGI60-19.01168,0.923,0.923,0.923,0.923,0.923,0.923,0.923,0.923,0.923,0.923,0.923,0.923,0.923,0.923,0.923,0.923,0.923,0.923,0.923,0.923,0.923,0.923,0.923,0.923,0.284,0.284,0.36,0.36,0.36,0.36,0.36,0.36,0.36,0.36,0.36,0.36,0.36,0.36,0.36,0.36,0.36,0.36,0.36,0.36,0.36,0.36,0.36,0.36,0.36,0.36
RGI60-19.01169,0.925,0.925,0.925,0.925,0.925,0.925,0.925,0.925,0.925,0.925,0.925,0.925,0.925,0.925,0.925,0.925,0.925,0.925,0.925,0.925,0.925,0.925,0.925,0.925,0.285,0.285,0.363,0.363,0.363,0.363,0.363,0.363,0.363,0.363,0.363,0.363,0.363,0.363,0.363,0.363,0.363,0.363,0.363,0.363,0.363,0.363,0.363,0.363,0.363,0.363
RGI60-19.01170,0.925,0.925,0.925,0.925,0.925,0.925,0.925,0.925,0.925,0.925,0.925,0.925,0.925,0.925,0.925,0.925,0.925,0.925,0.925,0.925,0.925,0.925,0.925,0.925,0.285,0.285,0.363,0.363,0.363,0.363,0.363,0.363,0.363,0.363,0.363,0.363,0.363,0.363,0.363,0.363,0.363,0.363,0.363,0.363,0.363,0.363,0.363,0.363,0.363,0.363
RGI60-19.01171,0.925,0.925,0.925,0.925,0.925,0.925,0.925,0.925,0.925,0.925,0.925,0.925,0.925,0.925,0.925,0.925,0.925,0.925,0.925,0.925,0.925,0.925,0.925,0.925,0.285,0.285,0.363,0.363,0.363,0.363,0.363,0.363,0.363,0.363,0.363,0.363,0.363,0.363,0.363,0.363,0.363,0.363,0.363,0.363,0.363,0.363,0.363,0.363,0.363,0.363
RGI60-19.01172,0.936,0.936,0.936,0.936,0.936,0.936,0.936,0.936,0.936,0.936,0.936,0.936,0.936,0.936,0.936,0.936,0.936,0.936,0.936,0.936,0.936,0.936,0.936,0.936,0.301,0.301,0.391,0.391,0.391,0.391,0.391,0.391,0.391,0.391,0.391,0.391,0.391,0.391,0.391,0.391,0.391,0.391,0.391,0.391,0.391,0.391,0.391,0.391,0.391,0.391
RGI60-19.01173,0.925,0.925,0.925,0.925,0.925,0.925,0.925,0.925,0.925,0.925,0.925,0.925,0.925,0.925,0.925,0.925,0.925,0.925,0.925,0.925,0.925,0.925,0.925,0.925,0.285,0.285,0.363,0.363,0.363,0.363,0.363,0.363,0.363,0.363,0.363,0.363,0.363,0.363,0.363,0.363,0.363,0.363,0.363,0.363,0.363,0.363,0.363,0.363,0.363,0.363
RGI60-19.01174,0.925,0.925,0.925,0.925,0.925,0.925,0.925,0.925,0.925,0.925,0.925,0.925,0.925,0.925,0.925,0.925,0.925,0.925,0.925,0.925,0.925,0.925,0.925,0.925,0.285,0.285,0.363,0.363,0.363,0.363,0.363,0.363,0.363,0.363,0.363,0.363,0.363,0.363,0.363,0.363,0.363,0.363,0.363,0.363,0.363,0.363,0.363,0.363,0.363,0.363
RGI60-19.01175,0.925,0.925,0.925,0.925,0.925,0.925,0.925,0.925,0.925,0.925,0.925,0.925,0.925,0.925,0.925,0.925,0.925,0.925,0.925,0.925,0.925,0.925,0.925,0.925,0.285,0.285,0.363,0.363,0.363,0.363,0.363,0.363,0.363,0.363,0.363,0.363,0.363,0.363,0.363,0.363,0.363,0.363,0.363,0.363,0.363,0.363,0.363,0.363,0.363,0.363
RGI60-19.01176,0.945,0.945,0.945,0.945,0.945,0.945,0.945,0.945,0.945,0.945,0.945,0.945,0.945,0.945,0.945,0.945,0.945,0.945,0.945,0.945,0.945,0.945,0.945,0.945,0.315,0.315,0.409,0.409,0.409,0.409,0.409,0.409,0.409,0.409,0.409,0.409,0.409,0.409,0.409,0.409,0.409,0.409,0.409,0.409,0.409,0.409,0.409,0.409,0.409,0.409
RGI60-19.01177,0.925,0.925,0.925,0.925,0.925,0.925,0.925,0.925,0.925,0.925,0.925,0.925,0.925,0.925,0.925,0.925,0.925,0.925,0.925,0.925,0.925,0.925,0.925,0.925,0.286,0.286,0.364,0.364,0.364,0.364,0.364,0.364,0.364,0.364,0.364,0.364,0.364,0.364,0.364,0.364,0.364,0.364,0.364,0.364,0.364,0.364,0.364,0.364,0.364,0.364
RGI60-19.01178,0.925,0.925,0.925,0.925,0.925,0.925,0.925,0.925,0.925,0.925,0.925,0.925,0.925,0.925,0.925,0.925,0.925,0.925,0.925,0.925,0.925,0.925,0.925,0.925,0.286,0.286,0.364,0.364,0.364,0.364,0.364,0.364,0.364,0.364,0.364,0.364,0.364,0.364,0.364,0.364,0.364,0.364,0.364,0.364,0.364,0.364,0.364,0.364,0.364,0.364
RGI60-19.01179,0.925,0.925,0.925,0.925,0.925,0.925,0.925,0.925,0.925,0.925,0.925,0.925,0.925,0.925,0.925,0.925,0.925,0.925,0.925,0.925,0.925,0.925,0.925,0.925,0.286,0.286,0.364,0.364,0.364,0.364,0.364,0.364,0.364,0.364,0.364,0.364,0.364,0.364,0.364,0.364,0.364,0.364,0.364,0.364,0.364,0.364,0.364,0.364,0.364,0.364
RGI60-19.01180,0.925,0.925,0.925,0.925,0.925,0.925,0.925,0.925,0.925,0.925,0.925,0.925,0.925,0.925,0.925,0.925,0.925,0.925,0.925,0.925,0.925,0.925,0.925,0.925,0.286,0.286,0.364,0.364,0.364,0.364,0.364,0.364,0.364,0.364,0.364,0.364,0.364,0.364,0.364,0.364,0.364,0.364,0.364,0.364,0.364,0.364,0.364,0.364,0.364,0.364
RGI60-19.01181,0.925,0.925,0.925,0.925,0.925,0.925,0.925,0.925,0.925,0.925,0.925,0.925,0.925,0.925,0.925,0.925,0.925,0.925,0.925,0.925,0.925,0.925,0.925,0.925,0.286,0.286,0.364,0.364,0.364,0.364,0.364,0.364,0.364,0.364,0.364,0.364,0.364,0.364,0.364,0.364,0.364,0.364,0.364,0.364,0.364,0.364,0.364,0.364,0.364,0.364
RGI60-19.01182,0.925,0.925,0.925,0.925,0.925,0.925,0.925,0.925,0.925,0.925,0.925,0.925,0.925,0.925,0.925,0.925,0.925,0.925,0.925,0.925,0.925,0.925,0.925,0.925,0.286,0.286,0.364,0.364,0.364,0.364,0.364,0.364,0.364,0.364,0.364,0.364,0.364,0.364,0.364,0.364,0.364,0.364,0.364,0.364,0.364,0.364,0.364,0.364,0.364,0.364
RGI60-19.01183,0.925,0.925,0.925,0.925,0.925,0.925,0.925,0.925,0.925,0.925,0.925,0.925,0.925,0.925,0.925,0.925,0.925,0.925,0.925,0.925,0.925,0.925,0.925,0.925,0.285,0.285,0.363,0.363,0.363,0.363,0.363,0.363,0.363,0.363,0.363,0.363,0.363,0.363,0.363,0.363,0.363,0.363,0.363,0.363,0.363,0.363,0.363,0.363,0.363,0.363
RGI60-19.01184,0.925,0.925,0.925,0.925,0.925,0.925,0.925,0.925,0.925,0.925,0.925,0.925,0.925,0.925,0.925,0.925,0.925,0.925,0.925,0.925,0.925,0.925,0.925,0.925,0.285,0.285,0.363,0.363,0.363,0.363,0.363,0.363,0.363,0.363,0.363,0.363,0.363,0.363,0.363,0.363,0.363,0.363,0.363,0.363,0.363,0.363,0.363,0.363,0.363,0.363
RGI60-19.01185,0.925,0.925,0.925,0.925,0.925,0.925,0.925,0.925,0.925,0.925,0.925,0.925,0.925,0.925,0.925,0.925,0.925,0.925,0.925,0.925,0.925,0.925,0.925,0.925,0.285,0.285,0.363,0.363,0.363,0.363,0.363,0.363,0.363,0.363,0.363,0.363,0.363,0.363,0.363,0.363,0.363,0.363,0.363,0.363,0.363,0.363,0.363,0.363,0.363,0.363
RGI60-19.01186,0.925,0.925,0.925,0.925,0.925,0.925,0.925,0.925,0.925,0.925,0.925,0.925,0.925,0.925,0.925,0.925,0.925,0.925,0.925,0.925,0.925,0.925,0.925,0.925,0.285,0.285,0.363,0.363,0.363,0.363,0.363,0.363,0.363,0.363,0.363,0.363,0.363,0.363,0.363,0.363,0.363,0.363,0.363,0.363,0.363,0.363,0.363,0.363,0.363,0.363
RGI60-19.01187,0.925,0.925,0.925,0.925,0.925,0.925,0.925,0.925,0.925,0.925,0.925,0.925,0.925,0.925,0.925,0.925,0.925,0.925,0.925,0.925,0.925,0.925,0.925,0.925,0.285,0.285,0.363,0.363,0.363,0.363,0.363,0.363,0.363,0.363,0.363,0.363,0.363,0.363,0.363,0.363,0.363,0.363,0.363,0.363,0.363,0.363,0.363,0.363,0.363,0.363
RGI60-19.01188,0.925,0.925,0.925,0.925,0.925,0.925,0.925,0.925,0.925,0.925,0.925,0.925,0.925,0.925,0.925,0.925,0.925,0.925,0.925,0.925,0.925,0.925,0.925,0.925,0.286,0.286,0.364,0.364,0.364,0.364,0.364,0.364,0.364,0.364,0.364,0.364,0.364,0.364,0.364,0.364,0.364,0.364,0.364,0.364,0.364,0.364,0.364,0.364,0.364,0.364
RGI60-19.01189,0.925,0.925,0.925,0.925,0.925,0.925,0.925,0.925,0.925,0.925,0.925,0.925,0.925,0.925,0.925,0.925,0.925,0.925,0.925,0.925,0.925,0.925,0.925,0.925,0.285,0.285,0.363,0.363,0.363,0.363,0.363,0.363,0.363,0.363,0.363,0.363,0.363,0.363,0.363,0.363,0.363,0.363,0.363,0.363,0.363,0.363,0.363,0.363,0.363,0.363
RGI60-19.01190,0.945,0.945,0.945,0.945,0.945,0.945,0.945,0.945,0.945,0.945,0.945,0.945,0.945,0.945,0.945,0.945,0.945,0.945,0.945,0.945,0.945,0.945,0.945,0.945,0.315,0.315,0.409,0.409,0.409,0.409,0.409,0.409,0.409,0.409,0.409,0.409,0.409,0.409,0.409,0.409,0.409,0.409,0.409,0.409,0.409,0.409,0.409,0.409,0.409,0.409
RGI60-19.01191,0.925,0.925,0.925,0.925,0.925,0.925,0.925,0.925,0.925,0.925,0.925,0.925,0.925,0.925,0.925,0.925,0.925,0.925,0.925,0.925,0.925,0.925,0.925,0.925,0.285,0.285,0.363,0.363,0.363,0.363,0.363,0.363,0.363,0.363,0.363,0.363,0.363,0.363,0.363,0.363,0.363,0.363,0.363,0.363,0.363,0.363,0.363,0.363,0.363,0.363
RGI60-19.01192,0.925,0.925,0.925,0.925,0.925,0.925,0.925,0.925,0.925,0.925,0.925,0.925,0.925,0.925,0.925,0.925,0.925,0.925,0.925,0.925,0.925,0.925,0.925,0.925,0.285,0.285,0.363,0.363,0.363,0.363,0.363,0.363,0.363,0.363,0.363,0.363,0.363,0.363,0.363,0.363,0.363,0.363,0.363,0.363,0.363,0.363,0.363,0.363,0.363,0.363
RGI60-19.01193,0.925,0.925,0.925,0.925,0.925,0.925,0.925,0.925,0.925,0.925,0.925,0.925,0.925,0.925,0.925,0.925,0.925,0.925,0.925,0.925,0.925,0.925,0.925,0.925,0.285,0.285,0.363,0.363,0.363,0.363,0.363,0.363,0.363,0.363,0.363,0.363,0.363,0.363,0.363,0.363,0.363,0.363,0.363,0.363,0.363,0.363,0.363,0.363,0.363,0.363
RGI60-19.01194,0.925,0.925,0.925,0.925,0.925,0.925,0.925,0.925,0.925,0.925,0.925,0.925,0.925,0.925,0.925,0.925,0.925,0.925,0.925,0.925,0.925,0.925,0.925,0.925,0.285,0.285,0.363,0.363,0.363,0.363,0.363,0.363,0.363,0.363,0.363,0.363,0.363,0.363,0.363,0.363,0.363,0.363,0.363,0.363,0.363,0.363,0.363,0.363,0.363,0.363
RGI60-19.01195,0.925,0.925,0.925,0.925,0.925,0.925,0.925,0.925,0.925,0.925,0.925,0.925,0.925,0.925,0.925,0.925,0.925,0.925,0.925,0.925,0.925,0.925,0.925,0.925,0.285,0.285,0.363,0.363,0.363,0.363,0.363,0.363,0.363,0.363,0.363,0.363,0.363,0.363,0.363,0.363,0.363,0.363,0.363,0.363,0.363,0.363,0.363,0.363,0.363,0.363
RGI60-19.01196,0.925,0.925,0.925,0.925,0.925,0.925,0.925,0.925,0.925,0.925,0.925,0.925,0.925,0.925,0.925,0.925,0.925,0.925,0.925,0.925,0.925,0.925,0.925,0.925,0.286,0.286,0.364,0.364,0.364,0.364,0.364,0.364,0.364,0.364,0.364,0.364,0.364,0.364,0.364,0.364,0.364,0.364,0.364,0.364,0.364,0.364,0.364,0.364,0.364,0.364
RGI60-19.01197,0.925,0.925,0.925,0.925,0.925,0.925,0.925,0.925,0.925,0.925,0.925,0.925,0.925,0.925,0.925,0.925,0.925,0.925,0.925,0.925,0.925,0.925,0.925,0.925,0.286,0.286,0.364,0.364,0.364,0.364,0.364,0.364,0.364,0.364,0.364,0.364,0.364,0.364,0.364,0.364,0.364,0.364,0.364,0.364,0.364,0.364,0.364,0.364,0.364,0.364
RGI60-19.01198,0.925,0.925,0.925,0.925,0.925,0.925,0.925,0.925,0.925,0.925,0.925,0.925,0.925,0.925,0.925,0.925,0.925,0.925,0.925,0.925,0.925,0.925,0.925,0.925,0.286,0.286,0.364,0.364,0.364,0.364,0.364,0.364,0.364,0.364,0.364,0.364,0.364,0.364,0.364,0.364,0.364,0.364,0.364,0.364,0.364,0.364,0.364,0.364,0.364,0.364
RGI60-19.01199,0.925,0.925,0.925,0.925,0.925,0.925,0.925,0.925,0.925,0.925,0.925,0.925,0.925,0.925,0.925,0.925,0.925,0.925,0.925,0.925,0.925,0.925,0.925,0.925,0.286,0.286,0.364,0.364,0.364,0.364,0.364,0.364,0.364,0.364,0.364,0.364,0.364,0.364,0.364,0.364,0.364,0.364,0.364,0.364,0.364,0.364,0.364,0.364,0.364,0.364
RGI60-19.01200,0.925,0.925,0.925,0.925,0.925,0.925,0.925,0.925,0.925,0.925,0.925,0.925,0.925,0.925,0.925,0.925,0.925,0.925,0.925,0.925,0.925,0.925,0.925,0.925,0.286,0.286,0.364,0.364,0.364,0.364,0.364,0.364,0.364,0.364,0.364,0.364,0.364,0.364,0.364,0.364,0.364,0.364,0.364,0.364,0.364,0.364,0.364,0.364,0.364,0.364
RGI60-19.01201,0.925,0.925,0.925,0.925,0.925,0.925,0.925,0.925,0.925,0.925,0.925,0.925,0.925,0.925,0.925,0.925,0.925,0.925,0.925,0.925,0.925,0.925,0.925,0.925,0.286,0.286,0.364,0.364,0.364,0.364,0.364,0.364,0.364,0.364,0.364,0.364,0.364,0.364,0.364,0.364,0.364,0.364,0.364,0.364,0.364,0.364,0.364,0.364,0.364,0.364
RGI60-19.01202,0.925,0.925,0.925,0.925,0.925,0.925,0.925,0.925,0.925,0.925,0.925,0.925,0.925,0.925,0.925,0.925,0.925,0.925,0.925,0.925,0.925,0.925,0.925,0.925,0.286,0.286,0.364,0.364,0.364,0.364,0.364,0.364,0.364,0.364,0.364,0.364,0.364,0.364,0.364,0.364,0.364,0.364,0.364,0.364,0.364,0.364,0.364,0.364,0.364,0.364
RGI60-19.01203,0.924,0.924,0.924,0.924,0.924,0.924,0.924,0.924,0.924,0.924,0.924,0.924,0.924,0.924,0.924,0.924,0.924,0.924,0.924,0.924,0.924,0.924,0.924,0.924,0.285,0.285,0.362,0.362,0.362,0.362,0.362,0.362,0.362,0.362,0.362,0.362,0.362,0.362,0.362,0.362,0.362,0.362,0.362,0.362,0.362,0.362,0.362,0.362,0.362,0.362
RGI60-19.01204,0.927,0.927,0.927,0.927,0.927,0.927,0.927,0.927,0.927,0.927,0.927,0.927,0.927,0.927,0.927,0.927,0.927,0.927,0.927,0.927,0.927,0.927,0.927,0.927,0.288,0.288,0.368,0.368,0.368,0.368,0.368,0.368,0.368,0.368,0.368,0.368,0.368,0.368,0.368,0.368,0.368,0.368,0.368,0.368,0.368,0.368,0.368,0.368,0.368,0.368
RGI60-19.01205,0.945,0.945,0.945,0.945,0.945,0.945,0.945,0.945,0.945,0.945,0.945,0.945,0.945,0.945,0.945,0.945,0.945,0.945,0.945,0.945,0.945,0.945,0.945,0.945,0.315,0.315,0.409,0.409,0.409,0.409,0.409,0.409,0.409,0.409,0.409,0.409,0.409,0.409,0.409,0.409,0.409,0.409,0.409,0.409,0.409,0.409,0.409,0.409,0.409,0.409
RGI60-19.01206,0.927,0.927,0.927,0.927,0.927,0.927,0.927,0.927,0.927,0.927,0.927,0.927,0.927,0.927,0.927,0.927,0.927,0.927,0.927,0.927,0.927,0.927,0.927,0.927,0.288,0.288,0.368,0.368,0.368,0.368,0.368,0.368,0.368,0.368,0.368,0.368,0.368,0.368,0.368,0.368,0.368,0.368,0.368,0.368,0.368,0.368,0.368,0.368,0.368,0.368
RGI60-19.01207,0.927,0.927,0.927,0.927,0.927,0.927,0.927,0.927,0.927,0.927,0.927,0.927,0.927,0.927,0.927,0.927,0.927,0.927,0.927,0.927,0.927,0.927,0.927,0.927,0.288,0.288,0.368,0.368,0.368,0.368,0.368,0.368,0.368,0.368,0.368,0.368,0.368,0.368,0.368,0.368,0.368,0.368,0.368,0.368,0.368,0.368,0.368,0.368,0.368,0.368
RGI60-19.01208,0.927,0.927,0.927,0.927,0.927,0.927,0.927,0.927,0.927,0.927,0.927,0.927,0.927,0.927,0.927,0.927,0.927,0.927,0.927,0.927,0.927,0.927,0.927,0.927,0.288,0.288,0.368,0.368,0.368,0.368,0.368,0.368,0.368,0.368,0.368,0.368,0.368,0.368,0.368,0.368,0.368,0.368,0.368,0.368,0.368,0.368,0.368,0.368,0.368,0.368
RGI60-19.01209,0.927,0.927,0.927,0.927,0.927,0.927,0.927,0.927,0.927,0.927,0.927,0.927,0.927,0.927,0.927,0.927,0.927,0.927,0.927,0.927,0.927,0.927,0.927,0.927,0.288,0.288,0.368,0.368,0.368,0.368,0.368,0.368,0.368,0.368,0.368,0.368,0.368,0.368,0.368,0.368,0.368,0.368,0.368,0.368,0.368,0.368,0.368,0.368,0.368,0.368
RGI60-19.01210,0.927,0.927,0.927,0.927,0.927,0.927,0.927,0.927,0.927,0.927,0.927,0.927,0.927,0.927,0.927,0.927,0.927,0.927,0.927,0.927,0.927,0.927,0.927,0.927,0.288,0.288,0.368,0.368,0.368,0.368,0.368,0.368,0.368,0.368,0.368,0.368,0.368,0.368,0.368,0.368,0.368,0.368,0.368,0.368,0.368,0.368,0.368,0.368,0.368,0.368
RGI60-19.01211,0.927,0.927,0.927,0.927,0.927,0.927,0.927,0.927,0.927,0.927,0.927,0.927,0.927,0.927,0.927,0.927,0.927,0.927,0.927,0.927,0.927,0.927,0.927,0.927,0.289,0.289,0.37,0.37,0.37,0.37,0.37,0.37,0.37,0.37,0.37,0.37,0.37,0.37,0.37,0.37,0.37,0.37,0.37,0.37,0.37,0.37,0.37,0.37,0.37,0.37
RGI60-19.01212,0.927,0.927,0.927,0.927,0.927,0.927,0.927,0.927,0.927,0.927,0.927,0.927,0.927,0.927,0.927,0.927,0.927,0.927,0.927,0.927,0.927,0.927,0.927,0.927,0.288,0.288,0.368,0.368,0.368,0.368,0.368,0.368,0.368,0.368,0.368,0.368,0.368,0.368,0.368,0.368,0.368,0.368,0.368,0.368,0.368,0.368,0.368,0.368,0.368,0.368
RGI60-19.01213,0.927,0.927,0.927,0.927,0.927,0.927,0.927,0.927,0.927,0.927,0.927,0.927,0.927,0.927,0.927,0.927,0.927,0.927,0.927,0.927,0.927,0.927,0.927,0.927,0.288,0.288,0.368,0.368,0.368,0.368,0.368,0.368,0.368,0.368,0.368,0.368,0.368,0.368,0.368,0.368,0.368,0.368,0.368,0.368,0.368,0.368,0.368,0.368,0.368,0.368
RGI60-19.01214,0.927,0.927,0.927,0.927,0.927,0.927,0.927,0.927,0.927,0.927,0.927,0.927,0.927,0.927,0.927,0.927,0.927,0.927,0.927,0.927,0.927,0.927,0.927,0.927,0.288,0.288,0.368,0.368,0.368,0.368,0.368,0.368,0.368,0.368,0.368,0.368,0.368,0.368,0.368,0.368,0.368,0.368,0.368,0.368,0.368,0.368,0.368,0.368,0.368,0.368
RGI60-19.01215,0.926,0.926,0.926,0.926,0.926,0.926,0.926,0.926,0.926,0.926,0.926,0.926,0.926,0.926,0.926,0.926,0.926,0.926,0.926,0.926,0.926,0.926,0.926,0.926,0.288,0.288,0.367,0.367,0.367,0.367,0.367,0.367,0.367,0.367,0.367,0.367,0.367,0.367,0.367,0.367,0.367,0.367,0.367,0.367,0.367,0.367,0.367,0.367,0.367,0.367
RGI60-19.01216,0.926,0.926,0.926,0.926,0.926,0.926,0.926,0.926,0.926,0.926,0.926,0.926,0.926,0.926,0.926,0.926,0.926,0.926,0.926,0.926,0.926,0.926,0.926,0.926,0.288,0.288,0.367,0.367,0.367,0.367,0.367,0.367,0.367,0.367,0.367,0.367,0.367,0.367,0.367,0.367,0.367,0.367,0.367,0.367,0.367,0.367,0.367,0.367,0.367,0.367
RGI60-19.01217,0.926,0.926,0.926,0.926,0.926,0.926,0.926,0.926,0.926,0.926,0.926,0.926,0.926,0.926,0.926,0.926,0.926,0.926,0.926,0.926,0.926,0.926,0.926,0.926,0.288,0.288,0.367,0.367,0.367,0.367,0.367,0.367,0.367,0.367,0.367,0.367,0.367,0.367,0.367,0.367,0.367,0.367,0.367,0.367,0.367,0.367,0.367,0.367,0.367,0.367
RGI60-19.01218,0.928,0.928,0.928,0.928,0.928,0.928,0.928,0.928,0.928,0.928,0.928,0.928,0.928,0.928,0.928,0.928,0.928,0.928,0.928,0.928,0.928,0.928,0.928,0.928,0.29,0.29,0.371,0.371,0.371,0.371,0.371,0.371,0.371,0.371,0.371,0.371,0.371,0.371,0.371,0.371,0.371,0.371,0.371,0.371,0.371,0.371,0.371,0.371,0.371,0.371
RGI60-19.01219,0.927,0.927,0.927,0.927,0.927,0.927,0.927,0.927,0.927,0.927,0.927,0.927,0.927,0.927,0.927,0.927,0.927,0.927,0.927,0.927,0.927,0.927,0.927,0.927,0.288,0.288,0.368,0.368,0.368,0.368,0.368,0.368,0.368,0.368,0.368,0.368,0.368,0.368,0.368,0.368,0.368,0.368,0.368,0.368,0.368,0.368,0.368,0.368,0.368,0.368
RGI60-19.01220,0.927,0.927,0.927,0.927,0.927,0.927,0.927,0.927,0.927,0.927,0.927,0.927,0.927,0.927,0.927,0.927,0.927,0.927,0.927,0.927,0.927,0.927,0.927,0.927,0.288,0.288,0.368,0.368,0.368,0.368,0.368,0.368,0.368,0.368,0.368,0.368,0.368,0.368,0.368,0.368,0.368,0.368,0.368,0.368,0.368,0.368,0.368,0.368,0.368,0.368
RGI60-19.01221,0.927,0.927,0.927,0.927,0.927,0.927,0.927,0.927,0.927,0.927,0.927,0.927,0.927,0.927,0.927,0.927,0.927,0.927,0.927,0.927,0.927,0.927,0.927,0.927,0.288,0.288,0.368,0.368,0.368,0.368,0.368,0.368,0.368,0.368,0.368,0.368,0.368,0.368,0.368,0.368,0.368,0.368,0.368,0.368,0.368,0.368,0.368,0.368,0.368,0.368
RGI60-19.01222,0.927,0.927,0.927,0.927,0.927,0.927,0.927,0.927,0.927,0.927,0.927,0.927,0.927,0.927,0.927,0.927,0.927,0.927,0.927,0.927,0.927,0.927,0.927,0.927,0.288,0.288,0.368,0.368,0.368,0.368,0.368,0.368,0.368,0.368,0.368,0.368,0.368,0.368,0.368,0.368,0.368,0.368,0.368,0.368,0.368,0.368,0.368,0.368,0.368,0.368
RGI60-19.01223,0.927,0.927,0.927,0.927,0.927,0.927,0.927,0.927,0.927,0.927,0.927,0.927,0.927,0.927,0.927,0.927,0.927,0.927,0.927,0.927,0.927,0.927,0.927,0.927,0.288,0.288,0.368,0.368,0.368,0.368,0.368,0.368,0.368,0.368,0.368,0.368,0.368,0.368,0.368,0.368,0.368,0.368,0.368,0.368,0.368,0.368,0.368,0.368,0.368,0.368
RGI60-19.01224,0.927,0.927,0.927,0.927,0.927,0.927,0.927,0.927,0.927,0.927,0.927,0.927,0.927,0.927,0.927,0.927,0.927,0.927,0.927,0.927,0.927,0.927,0.927,0.927,0.288,0.288,0.368,0.368,0.368,0.368,0.368,0.368,0.368,0.368,0.368,0.368,0.368,0.368,0.368,0.368,0.368,0.368,0.368,0.368,0.368,0.368,0.368,0.368,0.368,0.368
RGI60-19.01225,0.927,0.927,0.927,0.927,0.927,0.927,0.927,0.927,0.927,0.927,0.927,0.927,0.927,0.927,0.927,0.927,0.927,0.927,0.927,0.927,0.927,0.927,0.927,0.927,0.288,0.288,0.368,0.368,0.368,0.368,0.368,0.368,0.368,0.368,0.368,0.368,0.368,0.368,0.368,0.368,0.368,0.368,0.368,0.368,0.368,0.368,0.368,0.368,0.368,0.368
RGI60-19.01226,0.927,0.927,0.927,0.927,0.927,0.927,0.927,0.927,0.927,0.927,0.927,0.927,0.927,0.927,0.927,0.927,0.927,0.927,0.927,0.927,0.927,0.927,0.927,0.927,0.288,0.288,0.368,0.368,0.368,0.368,0.368,0.368,0.368,0.368,0.368,0.368,0.368,0.368,0.368,0.368,0.368,0.368,0.368,0.368,0.368,0.368,0.368,0.368,0.368,0.368
RGI60-19.01227,0.927,0.927,0.927,0.927,0.927,0.927,0.927,0.927,0.927,0.927,0.927,0.927,0.927,0.927,0.927,0.927,0.927,0.927,0.927,0.927,0.927,0.927,0.927,0.927,0.288,0.288,0.368,0.368,0.368,0.368,0.368,0.368,0.368,0.368,0.368,0.368,0.368,0.368,0.368,0.368,0.368,0.368,0.368,0.368,0.368,0.368,0.368,0.368,0.368,0.368
RGI60-19.01228,0.927,0.927,0.927,0.927,0.927,0.927,0.927,0.927,0.927,0.927,0.927,0.927,0.927,0.927,0.927,0.927,0.927,0.927,0.927,0.927,0.927,0.927,0.927,0.927,0.289,0.289,0.37,0.37,0.37,0.37,0.37,0.37,0.37,0.37,0.37,0.37,0.37,0.37,0.37,0.37,0.37,0.37,0.37,0.37,0.37,0.37,0.37,0.37,0.37,0.37
RGI60-19.01229,0.927,0.927,0.927,0.927,0.927,0.927,0.927,0.927,0.927,0.927,0.927,0.927,0.927,0.927,0.927,0.927,0.927,0.927,0.927,0.927,0.927,0.927,0.927,0.927,0.289,0.289,0.368,0.368,0.368,0.368,0.368,0.368,0.368,0.368,0.368,0.368,0.368,0.368,0.368,0.368,0.368,0.368,0.368,0.368,0.368,0.368,0.368,0.368,0.368,0.368
RGI60-19.01230,0.927,0.927,0.927,0.927,0.927,0.927,0.927,0.927,0.927,0.927,0.927,0.927,0.927,0.927,0.927,0.927,0.927,0.927,0.927,0.927,0.927,0.927,0.927,0.927,0.289,0.289,0.368,0.368,0.368,0.368,0.368,0.368,0.368,0.368,0.368,0.368,0.368,0.368,0.368,0.368,0.368,0.368,0.368,0.368,0.368,0.368,0.368,0.368,0.368,0.368
RGI60-19.01231,0.927,0.927,0.927,0.927,0.927,0.927,0.927,0.927,0.927,0.927,0.927,0.927,0.927,0.927,0.927,0.927,0.927,0.927,0.927,0.927,0.927,0.927,0.927,0.927,0.289,0.289,0.368,0.368,0.368,0.368,0.368,0.368,0.368,0.368,0.368,0.368,0.368,0.368,0.368,0.368,0.368,0.368,0.368,0.368,0.368,0.368,0.368,0.368,0.368,0.368
RGI60-19.01232,0.945,0.945,0.945,0.945,0.945,0.945,0.945,0.945,0.945,0.945,0.945,0.945,0.945,0.945,0.945,0.945,0.945,0.945,0.945,0.945,0.945,0.945,0.945,0.945,0.315,0.315,0.409,0.409,0.409,0.409,0.409,0.409,0.409,0.409,0.409,0.409,0.409,0.409,0.409,0.409,0.409,0.409,0.409,0.409,0.409,0.409,0.409,0.409,0.409,0.409
RGI60-19.01233,0.927,0.927,0.927,0.927,0.927,0.927,0.927,0.927,0.927,0.927,0.927,0.927,0.927,0.927,0.927,0.927,0.927,0.927,0.927,0.927,0.927,0.927,0.927,0.927,0.289,0.289,0.368,0.368,0.368,0.368,0.368,0.368,0.368,0.368,0.368,0.368,0.368,0.368,0.368,0.368,0.368,0.368,0.368,0.368,0.368,0.368,0.368,0.368,0.368,0.368
RGI60-19.01234,0.928,0.928,0.928,0.928,0.928,0.928,0.928,0.928,0.928,0.928,0.928,0.928,0.928,0.928,0.928,0.928,0.928,0.928,0.928,0.928,0.928,0.928,0.928,0.928,0.291,0.291,0.372,0.372,0.372,0.372,0.372,0.372,0.372,0.372,0.372,0.372,0.372,0.372,0.372,0.372,0.372,0.372,0.372,0.372,0.372,0.372,0.372,0.372,0.372,0.372
RGI60-19.01235,0.928,0.928,0.928,0.928,0.928,0.928,0.928,0.928,0.928,0.928,0.928,0.928,0.928,0.928,0.928,0.928,0.928,0.928,0.928,0.928,0.928,0.928,0.928,0.928,0.291,0.291,0.372,0.372,0.372,0.372,0.372,0.372,0.372,0.372,0.372,0.372,0.372,0.372,0.372,0.372,0.372,0.372,0.372,0.372,0.372,0.372,0.372,0.372,0.372,0.372
RGI60-19.01236,0.928,0.928,0.928,0.928,0.928,0.928,0.928,0.928,0.928,0.928,0.928,0.928,0.928,0.928,0.928,0.928,0.928,0.928,0.928,0.928,0.928,0.928,0.928,0.928,0.291,0.291,0.372,0.372,0.372,0.372,0.372,0.372,0.372,0.372,0.372,0.372,0.372,0.372,0.372,0.372,0.372,0.372,0.372,0.372,0.372,0.372,0.372,0.372,0.372,0.372
RGI60-19.01237,0.929,0.929,0.929,0.929,0.929,0.929,0.929,0.929,0.929,0.929,0.929,0.929,0.929,0.929,0.929,0.929,0.929,0.929,0.929,0.929,0.929,0.929,0.929,0.929,0.291,0.291,0.373,0.373,0.373,0.373,0.373,0.373,0.373,0.373,0.373,0.373,0.373,0.373,0.373,0.373,0.373,0.373,0.373,0.373,0.373,0.373,0.373,0.373,0.373,0.373
RGI60-19.01238,0.929,0.929,0.929,0.929,0.929,0.929,0.929,0.929,0.929,0.929,0.929,0.929,0.929,0.929,0.929,0.929,0.929,0.929,0.929,0.929,0.929,0.929,0.929,0.929,0.291,0.291,0.373,0.373,0.373,0.373,0.373,0.373,0.373,0.373,0.373,0.373,0.373,0.373,0.373,0.373,0.373,0.373,0.373,0.373,0.373,0.373,0.373,0.373,0.373,0.373
RGI60-19.01239,0.929,0.929,0.929,0.929,0.929,0.929,0.929,0.929,0.929,0.929,0.929,0.929,0.929,0.929,0.929,0.929,0.929,0.929,0.929,0.929,0.929,0.929,0.929,0.929,0.292,0.292,0.373,0.373,0.373,0.373,0.373,0.373,0.373,0.373,0.373,0.373,0.373,0.373,0.373,0.373,0.373,0.373,0.373,0.373,0.373,0.373,0.373,0.373,0.373,0.373
RGI60-19.01240,0.929,0.929,0.929,0.929,0.929,0.929,0.929,0.929,0.929,0.929,0.929,0.929,0.929,0.929,0.929,0.929,0.929,0.929,0.929,0.929,0.929,0.929,0.929,0.929,0.291,0.291,0.373,0.373,0.373,0.373,0.373,0.373,0.373,0.373,0.373,0.373,0.373,0.373,0.373,0.373,0.373,0.373,0.373,0.373,0.373,0.373,0.373,0.373,0.373,0.373
RGI60-19.01241,0.929,0.929,0.929,0.929,0.929,0.929,0.929,0.929,0.929,0.929,0.929,0.929,0.929,0.929,0.929,0.929,0.929,0.929,0.929,0.929,0.929,0.929,0.929,0.929,0.291,0.291,0.373,0.373,0.373,0.373,0.373,0.373,0.373,0.373,0.373,0.373,0.373,0.373,0.373,0.373,0.373,0.373,0.373,0.373,0.373,0.373,0.373,0.373,0.373,0.373
RGI60-19.01242,0.929,0.929,0.929,0.929,0.929,0.929,0.929,0.929,0.929,0.929,0.929,0.929,0.929,0.929,0.929,0.929,0.929,0.929,0.929,0.929,0.929,0.929,0.929,0.929,0.292,0.292,0.374,0.374,0.374,0.374,0.374,0.374,0.374,0.374,0.374,0.374,0.374,0.374,0.374,0.374,0.374,0.374,0.374,0.374,0.374,0.374,0.374,0.374,0.374,0.374
RGI60-19.01243,0.929,0.929,0.929,0.929,0.929,0.929,0.929,0.929,0.929,0.929,0.929,0.929,0.929,0.929,0.929,0.929,0.929,0.929,0.929,0.929,0.929,0.929,0.929,0.929,0.293,0.293,0.374,0.374,0.374,0.374,0.374,0.374,0.374,0.374,0.374,0.374,0.374,0.374,0.374,0.374,0.374,0.374,0.374,0.374,0.374,0.374,0.374,0.374,0.374,0.374
RGI60-19.01244,0.929,0.929,0.929,0.929,0.929,0.929,0.929,0.929,0.929,0.929,0.929,0.929,0.929,0.929,0.929,0.929,0.929,0.929,0.929,0.929,0.929,0.929,0.929,0.929,0.293,0.293,0.374,0.374,0.374,0.374,0.374,0.374,0.374,0.374,0.374,0.374,0.374,0.374,0.374,0.374,0.374,0.374,0.374,0.374,0.374,0.374,0.374,0.374,0.374,0.374
RGI60-19.01245,0.932,0.932,0.932,0.932,0.932,0.932,0.932,0.932,0.932,0.932,0.932,0.932,0.932,0.932,0.932,0.932,0.932,0.932,0.932,0.932,0.932,0.932,0.932,0.932,0.297,0.297,0.381,0.381,0.381,0.381,0.381,0.381,0.381,0.381,0.381,0.381,0.381,0.381,0.381,0.381,0.381,0.381,0.381,0.381,0.381,0.381,0.381,0.381,0.381,0.381
RGI60-19.01246,0.932,0.932,0.932,0.932,0.932,0.932,0.932,0.932,0.932,0.932,0.932,0.932,0.932,0.932,0.932,0.932,0.932,0.932,0.932,0.932,0.932,0.932,0.932,0.932,0.298,0.298,0.382,0.382,0.382,0.382,0.382,0.382,0.382,0.382,0.382,0.382,0.382,0.382,0.382,0.382,0.382,0.382,0.382,0.382,0.382,0.382,0.382,0.382,0.382,0.382
RGI60-19.01247,0.934,0.934,0.934,0.934,0.934,0.934,0.934,0.934,0.934,0.934,0.934,0.934,0.934,0.934,0.934,0.934,0.934,0.934,0.934,0.934,0.934,0.934,0.934,0.934,0.3,0.3,0.386,0.386,0.386,0.386,0.386,0.386,0.386,0.386,0.386,0.386,0.386,0.386,0.386,0.386,0.386,0.386,0.386,0.386,0.386,0.386,0.386,0.386,0.386,0.386
RGI60-19.01248,0.933,0.933,0.933,0.933,0.933,0.933,0.933,0.933,0.933,0.933,0.933,0.933,0.933,0.933,0.933,0.933,0.933,0.933,0.933,0.933,0.933,0.933,0.933,0.933,0.298,0.298,0.383,0.383,0.383,0.383,0.383,0.383,0.383,0.383,0.383,0.383,0.383,0.383,0.383,0.383,0.383,0.383,0.383,0.383,0.383,0.383,0.383,0.383,0.383,0.383
RGI60-19.01249,0.933,0.933,0.933,0.933,0.933,0.933,0.933,0.933,0.933,0.933,0.933,0.933,0.933,0.933,0.933,0.933,0.933,0.933,0.933,0.933,0.933,0.933,0.933,0.933,0.299,0.299,0.383,0.383,0.383,0.383,0.383,0.383,0.383,0.383,0.383,0.383,0.383,0.383,0.383,0.383,0.383,0.383,0.383,0.383,0.383,0.383,0.383,0.383,0.383,0.383
RGI60-19.01250,0.933,0.933,0.933,0.933,0.933,0.933,0.933,0.933,0.933,0.933,0.933,0.933,0.933,0.933,0.933,0.933,0.933,0.933,0.933,0.933,0.933,0.933,0.933,0.933,0.298,0.298,0.383,0.383,0.383,0.383,0.383,0.383,0.383,0.383,0.383,0.383,0.383,0.383,0.383,0.383,0.383,0.383,0.383,0.383,0.383,0.383,0.383,0.383,0.383,0.383
RGI60-19.01251,0.975,0.975,0.975,0.975,0.975,0.975,0.975,0.975,0.975,0.975,0.975,0.975,0.975,0.975,0.975,0.975,0.975,0.975,0.975,0.975,0.975,0.975,0.975,0.975,0.36,0.36,0.477,0.477,0.477,0.477,0.477,0.477,0.477,0.477,0.477,0.477,0.477,0.477,0.477,0.477,0.477,0.477,0.477,0.477,0.477,0.477,0.477,0.477,0.477,0.477
RGI60-19.01252,0.936,0.936,0.936,0.936,0.936,0.936,0.936,0.936,0.936,0.936,0.936,0.936,0.936,0.936,0.936,0.936,0.936,0.936,0.936,0.936,0.936,0.936,0.936,0.936,0.303,0.303,0.39,0.39,0.39,0.39,0.39,0.39,0.39,0.39,0.39,0.39,0.39,0.39,0.39,0.39,0.39,0.39,0.39,0.39,0.39,0.39,0.39,0.39,0.39,0.39
RGI60-19.01253,0.936,0.936,0.936,0.936,0.936,0.936,0.936,0.936,0.936,0.936,0.936,0.936,0.936,0.936,0.936,0.936,0.936,0.936,0.936,0.936,0.936,0.936,0.936,0.936,0.303,0.303,0.39,0.39,0.39,0.39,0.39,0.39,0.39,0.39,0.39,0.39,0.39,0.39,0.39,0.39,0.39,0.39,0.39,0.39,0.39,0.39,0.39,0.39,0.39,0.39
RGI60-19.01254,0.936,0.936,0.936,0.936,0.936,0.936,0.936,0.936,0.936,0.936,0.936,0.936,0.936,0.936,0.936,0.936,0.936,0.936,0.936,0.936,0.936,0.936,0.936,0.936,0.303,0.303,0.39,0.39,0.39,0.39,0.39,0.39,0.39,0.39,0.39,0.39,0.39,0.39,0.39,0.39,0.39,0.39,0.39,0.39,0.39,0.39,0.39,0.39,0.39,0.39
RGI60-19.01255,0.936,0.936,0.936,0.936,0.936,0.936,0.936,0.936,0.936,0.936,0.936,0.936,0.936,0.936,0.936,0.936,0.936,0.936,0.936,0.936,0.936,0.936,0.936,0.936,0.303,0.303,0.39,0.39,0.39,0.39,0.39,0.39,0.39,0.39,0.39,0.39,0.39,0.39,0.39,0.39,0.39,0.39,0.39,0.39,0.39,0.39,0.39,0.39,0.39,0.39
RGI60-19.01256,0.936,0.936,0.936,0.936,0.936,0.936,0.936,0.936,0.936,0.936,0.936,0.936,0.936,0.936,0.936,0.936,0.936,0.936,0.936,0.936,0.936,0.936,0.936,0.936,0.303,0.303,0.39,0.39,0.39,0.39,0.39,0.39,0.39,0.39,0.39,0.39,0.39,0.39,0.39,0.39,0.39,0.39,0.39,0.39,0.39,0.39,0.39,0.39,0.39,0.39
RGI60-19.01257,0.936,0.936,0.936,0.936,0.936,0.936,0.936,0.936,0.936,0.936,0.936,0.936,0.936,0.936,0.936,0.936,0.936,0.936,0.936,0.936,0.936,0.936,0.936,0.936,0.303,0.303,0.39,0.39,0.39,0.39,0.39,0.39,0.39,0.39,0.39,0.39,0.39,0.39,0.39,0.39,0.39,0.39,0.39,0.39,0.39,0.39,0.39,0.39,0.39,0.39
RGI60-19.01258,0.936,0.936,0.936,0.936,0.936,0.936,0.936,0.936,0.936,0.936,0.936,0.936,0.936,0.936,0.936,0.936,0.936,0.936,0.936,0.936,0.936,0.936,0.936,0.936,0.303,0.303,0.39,0.39,0.39,0.39,0.39,0.39,0.39,0.39,0.39,0.39,0.39,0.39,0.39,0.39,0.39,0.39,0.39,0.39,0.39,0.39,0.39,0.39,0.39,0.39
RGI60-19.01259,0.941,0.941,0.941,0.941,0.941,0.941,0.941,0.941,0.941,0.941,0.941,0.941,0.941,0.941,0.941,0.941,0.941,0.941,0.941,0.941,0.941,0.941,0.941,0.941,0.31,0.31,0.402,0.402,0.402,0.402,0.402,0.402,0.402,0.402,0.402,0.402,0.402,0.402,0.402,0.402,0.402,0.402,0.402,0.402,0.402,0.402,0.402,0.402,0.402,0.402
RGI60-19.01260,0.976,0.976,0.976,0.976,0.976,0.976,0.976,0.976,0.976,0.976,0.976,0.976,0.976,0.976,0.976,0.976,0.976,0.976,0.976,0.976,0.976,0.976,0.976,0.976,0.361,0.361,0.478,0.478,0.478,0.478,0.478,0.478,0.478,0.478,0.478,0.478,0.478,0.478,0.478,0.478,0.478,0.478,0.478,0.478,0.478,0.478,0.478,0.478,0.478,0.478
RGI60-19.01261,0.976,0.976,0.976,0.976,0.976,0.976,0.976,0.976,0.976,0.976,0.976,0.976,0.976,0.976,0.976,0.976,0.976,0.976,0.976,0.976,0.976,0.976,0.976,0.976,0.361,0.361,0.478,0.478,0.478,0.478,0.478,0.478,0.478,0.478,0.478,0.478,0.478,0.478,0.478,0.478,0.478,0.478,0.478,0.478,0.478,0.478,0.478,0.478,0.478,0.478
RGI60-19.01262,0.976,0.976,0.976,0.976,0.976,0.976,0.976,0.976,0.976,0.976,0.976,0.976,0.976,0.976,0.976,0.976,0.976,0.976,0.976,0.976,0.976,0.976,0.976,0.976,0.361,0.361,0.478,0.478,0.478,0.478,0.478,0.478,0.478,0.478,0.478,0.478,0.478,0.478,0.478,0.478,0.478,0.478,0.478,0.478,0.478,0.478,0.478,0.478,0.478,0.478
RGI60-19.01263,0.945,0.945,0.945,0.945,0.945,0.945,0.945,0.945,0.945,0.945,0.945,0.945,0.945,0.945,0.945,0.945,0.945,0.945,0.945,0.945,0.945,0.945,0.945,0.945,0.315,0.315,0.409,0.409,0.409,0.409,0.409,0.409,0.409,0.409,0.409,0.409,0.409,0.409,0.409,0.409,0.409,0.409,0.409,0.409,0.409,0.409,0.409,0.409,0.409,0.409
RGI60-19.01264,0.945,0.945,0.945,0.945,0.945,0.945,0.945,0.945,0.945,0.945,0.945,0.945,0.945,0.945,0.945,0.945,0.945,0.945,0.945,0.945,0.945,0.945,0.945,0.945,0.315,0.315,0.409,0.409,0.409,0.409,0.409,0.409,0.409,0.409,0.409,0.409,0.409,0.409,0.409,0.409,0.409,0.409,0.409,0.409,0.409,0.409,0.409,0.409,0.409,0.409
RGI60-19.01265,0.976,0.976,0.976,0.976,0.976,0.976,0.976,0.976,0.976,0.976,0.976,0.976,0.976,0.976,0.976,0.976,0.976,0.976,0.976,0.976,0.976,0.976,0.976,0.976,0.361,0.361,0.478,0.478,0.478,0.478,0.478,0.478,0.478,0.478,0.478,0.478,0.478,0.478,0.478,0.478,0.478,0.478,0.478,0.478,0.478,0.478,0.478,0.478,0.478,0.478
RGI60-19.01266,0.945,0.945,0.945,0.945,0.945,0.945,0.945,0.945,0.945,0.945,0.945,0.945,0.945,0.945,0.945,0.945,0.945,0.945,0.945,0.945,0.945,0.945,0.945,0.945,0.315,0.315,0.409,0.409,0.409,0.409,0.409,0.409,0.409,0.409,0.409,0.409,0.409,0.409,0.409,0.409,0.409,0.409,0.409,0.409,0.409,0.409,0.409,0.409,0.409,0.409
RGI60-19.01267,0.976,0.976,0.976,0.976,0.976,0.976,0.976,0.976,0.976,0.976,0.976,0.976,0.976,0.976,0.976,0.976,0.976,0.976,0.976,0.976,0.976,0.976,0.976,0.976,0.361,0.361,0.478,0.478,0.478,0.478,0.478,0.478,0.478,0.478,0.478,0.478,0.478,0.478,0.478,0.478,0.478,0.478,0.478,0.478,0.478,0.478,0.478,0.478,0.478,0.478
RGI60-19.01268,0.945,0.945,0.945,0.945,0.945,0.945,0.945,0.945,0.945,0.945,0.945,0.945,0.945,0.945,0.945,0.945,0.945,0.945,0.945,0.945,0.945,0.945,0.945,0.945,0.315,0.315,0.409,0.409,0.409,0.409,0.409,0.409,0.409,0.409,0.409,0.409,0.409,0.409,0.409,0.409,0.409,0.409,0.409,0.409,0.409,0.409,0.409,0.409,0.409,0.409
RGI60-19.01269,0.945,0.945,0.945,0.945,0.945,0.945,0.945,0.945,0.945,0.945,0.945,0.945,0.945,0.945,0.945,0.945,0.945,0.945,0.945,0.945,0.945,0.945,0.945,0.945,0.315,0.315,0.409,0.409,0.409,0.409,0.409,0.409,0.409,0.409,0.409,0.409,0.409,0.409,0.409,0.409,0.409,0.409,0.409,0.409,0.409,0.409,0.409,0.409,0.409,0.409
RGI60-19.01270,0.945,0.945,0.945,0.945,0.945,0.945,0.945,0.945,0.945,0.945,0.945,0.945,0.945,0.945,0.945,0.945,0.945,0.945,0.945,0.945,0.945,0.945,0.945,0.945,0.315,0.315,0.409,0.409,0.409,0.409,0.409,0.409,0.409,0.409,0.409,0.409,0.409,0.409,0.409,0.409,0.409,0.409,0.409,0.409,0.409,0.409,0.409,0.409,0.409,0.409
RGI60-19.01271,0.976,0.976,0.976,0.976,0.976,0.976,0.976,0.976,0.976,0.976,0.976,0.976,0.976,0.976,0.976,0.976,0.976,0.976,0.976,0.976,0.976,0.976,0.976,0.976,0.361,0.361,0.478,0.478,0.478,0.478,0.478,0.478,0.478,0.478,0.478,0.478,0.478,0.478,0.478,0.478,0.478,0.478,0.478,0.478,0.478,0.478,0.478,0.478,0.478,0.478
RGI60-19.01272,0.976,0.976,0.976,0.976,0.976,0.976,0.976,0.976,0.976,0.976,0.976,0.976,0.976,0.976,0.976,0.976,0.976,0.976,0.976,0.976,0.976,0.976,0.976,0.976,0.361,0.361,0.478,0.478,0.478,0.478,0.478,0.478,0.478,0.478,0.478,0.478,0.478,0.478,0.478,0.478,0.478,0.478,0.478,0.478,0.478,0.478,0.478,0.478,0.478,0.478
RGI60-19.01273,0.976,0.976,0.976,0.976,0.976,0.976,0.976,0.976,0.976,0.976,0.976,0.976,0.976,0.976,0.976,0.976,0.976,0.976,0.976,0.976,0.976,0.976,0.976,0.976,0.361,0.361,0.478,0.478,0.478,0.478,0.478,0.478,0.478,0.478,0.478,0.478,0.478,0.478,0.478,0.478,0.478,0.478,0.478,0.478,0.478,0.478,0.478,0.478,0.478,0.478
RGI60-19.01274,0.976,0.976,0.976,0.976,0.976,0.976,0.976,0.976,0.976,0.976,0.976,0.976,0.976,0.976,0.976,0.976,0.976,0.976,0.976,0.976,0.976,0.976,0.976,0.976,0.361,0.361,0.478,0.478,0.478,0.478,0.478,0.478,0.478,0.478,0.478,0.478,0.478,0.478,0.478,0.478,0.478,0.478,0.478,0.478,0.478,0.478,0.478,0.478,0.478,0.478
RGI60-19.01275,0.976,0.976,0.976,0.976,0.976,0.976,0.976,0.976,0.976,0.976,0.976,0.976,0.976,0.976,0.976,0.976,0.976,0.976,0.976,0.976,0.976,0.976,0.976,0.976,0.361,0.361,0.478,0.478,0.478,0.478,0.478,0.478,0.478,0.478,0.478,0.478,0.478,0.478,0.478,0.478,0.478,0.478,0.478,0.478,0.478,0.478,0.478,0.478,0.478,0.478
RGI60-19.01276,0.976,0.976,0.976,0.976,0.976,0.976,0.976,0.976,0.976,0.976,0.976,0.976,0.976,0.976,0.976,0.976,0.976,0.976,0.976,0.976,0.976,0.976,0.976,0.976,0.361,0.361,0.478,0.478,0.478,0.478,0.478,0.478,0.478,0.478,0.478,0.478,0.478,0.478,0.478,0.478,0.478,0.478,0.478,0.478,0.478,0.478,0.478,0.478,0.478,0.478
RGI60-19.01277,0.976,0.976,0.976,0.976,0.976,0.976,0.976,0.976,0.976,0.976,0.976,0.976,0.976,0.976,0.976,0.976,0.976,0.976,0.976,0.976,0.976,0.976,0.976,0.976,0.361,0.361,0.478,0.478,0.478,0.478,0.478,0.478,0.478,0.478,0.478,0.478,0.478,0.478,0.478,0.478,0.478,0.478,0.478,0.478,0.478,0.478,0.478,0.478,0.478,0.478
RGI60-19.01278,0.976,0.976,0.976,0.976,0.976,0.976,0.976,0.976,0.976,0.976,0.976,0.976,0.976,0.976,0.976,0.976,0.976,0.976,0.976,0.976,0.976,0.976,0.976,0.976,0.361,0.361,0.478,0.478,0.478,0.478,0.478,0.478,0.478,0.478,0.478,0.478,0.478,0.478,0.478,0.478,0.478,0.478,0.478,0.478,0.478,0.478,0.478,0.478,0.478,0.478
RGI60-19.01279,0.976,0.976,0.976,0.976,0.976,0.976,0.976,0.976,0.976,0.976,0.976,0.976,0.976,0.976,0.976,0.976,0.976,0.976,0.976,0.976,0.976,0.976,0.976,0.976,0.361,0.361,0.478,0.478,0.478,0.478,0.478,0.478,0.478,0.478,0.478,0.478,0.478,0.478,0.478,0.478,0.478,0.478,0.478,0.478,0.478,0.478,0.478,0.478,0.478,0.478
RGI60-19.01280,0.945,0.945,0.945,0.945,0.945,0.945,0.945,0.945,0.945,0.945,0.945,0.945,0.945,0.945,0.945,0.945,0.945,0.945,0.945,0.945,0.945,0.945,0.945,0.945,0.315,0.315,0.409,0.409,0.409,0.409,0.409,0.409,0.409,0.409,0.409,0.409,0.409,0.409,0.409,0.409,0.409,0.409,0.409,0.409,0.409,0.409,0.409,0.409,0.409,0.409
RGI60-19.01281,0.976,0.976,0.976,0.976,0.976,0.976,0.976,0.976,0.976,0.976,0.976,0.976,0.976,0.976,0.976,0.976,0.976,0.976,0.976,0.976,0.976,0.976,0.976,0.976,0.361,0.361,0.478,0.478,0.478,0.478,0.478,0.478,0.478,0.478,0.478,0.478,0.478,0.478,0.478,0.478,0.478,0.478,0.478,0.478,0.478,0.478,0.478,0.478,0.478,0.478
RGI60-19.01282,0.976,0.976,0.976,0.976,0.976,0.976,0.976,0.976,0.976,0.976,0.976,0.976,0.976,0.976,0.976,0.976,0.976,0.976,0.976,0.976,0.976,0.976,0.976,0.976,0.361,0.361,0.478,0.478,0.478,0.478,0.478,0.478,0.478,0.478,0.478,0.478,0.478,0.478,0.478,0.478,0.478,0.478,0.478,0.478,0.478,0.478,0.478,0.478,0.478,0.478
RGI60-19.01283,0.976,0.976,0.976,0.976,0.976,0.976,0.976,0.976,0.976,0.976,0.976,0.976,0.976,0.976,0.976,0.976,0.976,0.976,0.976,0.976,0.976,0.976,0.976,0.976,0.361,0.361,0.478,0.478,0.478,0.478,0.478,0.478,0.478,0.478,0.478,0.478,0.478,0.478,0.478,0.478,0.478,0.478,0.478,0.478,0.478,0.478,0.478,0.478,0.478,0.478
RGI60-19.01284,0.976,0.976,0.976,0.976,0.976,0.976,0.976,0.976,0.976,0.976,0.976,0.976,0.976,0.976,0.976,0.976,0.976,0.976,0.976,0.976,0.976,0.976,0.976,0.976,0.361,0.361,0.478,0.478,0.478,0.478,0.478,0.478,0.478,0.478,0.478,0.478,0.478,0.478,0.478,0.478,0.478,0.478,0.478,0.478,0.478,0.478,0.478,0.478,0.478,0.478
RGI60-19.01285,0.976,0.976,0.976,0.976,0.976,0.976,0.976,0.976,0.976,0.976,0.976,0.976,0.976,0.976,0.976,0.976,0.976,0.976,0.976,0.976,0.976,0.976,0.976,0.976,0.361,0.361,0.478,0.478,0.478,0.478,0.478,0.478,0.478,0.478,0.478,0.478,0.478,0.478,0.478,0.478,0.478,0.478,0.478,0.478,0.478,0.478,0.478,0.478,0.478,0.478
RGI60-19.01286,0.976,0.976,0.976,0.976,0.976,0.976,0.976,0.976,0.976,0.976,0.976,0.976,0.976,0.976,0.976,0.976,0.976,0.976,0.976,0.976,0.976,0.976,0.976,0.976,0.361,0.361,0.478,0.478,0.478,0.478,0.478,0.478,0.478,0.478,0.478,0.478,0.478,0.478,0.478,0.478,0.478,0.478,0.478,0.478,0.478,0.478,0.478,0.478,0.478,0.478
RGI60-19.01287,0.976,0.976,0.976,0.976,0.976,0.976,0.976,0.976,0.976,0.976,0.976,0.976,0.976,0.976,0.976,0.976,0.976,0.976,0.976,0.976,0.976,0.976,0.976,0.976,0.361,0.361,0.479,0.479,0.479,0.479,0.479,0.479,0.479,0.479,0.479,0.479,0.479,0.479,0.479,0.479,0.479,0.479,0.479,0.479,0.479,0.479,0.479,0.479,0.479,0.479
RGI60-19.01288,0.945,0.945,0.945,0.945,0.945,0.945,0.945,0.945,0.945,0.945,0.945,0.945,0.945,0.945,0.945,0.945,0.945,0.945,0.945,0.945,0.945,0.945,0.945,0.945,0.315,0.315,0.409,0.409,0.409,0.409,0.409,0.409,0.409,0.409,0.409,0.409,0.409,0.409,0.409,0.409,0.409,0.409,0.409,0.409,0.409,0.409,0.409,0.409,0.409,0.409
RGI60-19.01289,0.945,0.945,0.945,0.945,0.945,0.945,0.945,0.945,0.945,0.945,0.945,0.945,0.945,0.945,0.945,0.945,0.945,0.945,0.945,0.945,0.945,0.945,0.945,0.945,0.315,0.315,0.409,0.409,0.409,0.409,0.409,0.409,0.409,0.409,0.409,0.409,0.409,0.409,0.409,0.409,0.409,0.409,0.409,0.409,0.409,0.409,0.409,0.409,0.409,0.409
RGI60-19.01290,0.945,0.945,0.945,0.945,0.945,0.945,0.945,0.945,0.945,0.945,0.945,0.945,0.945,0.945,0.945,0.945,0.945,0.945,0.945,0.945,0.945,0.945,0.945,0.945,0.315,0.315,0.409,0.409,0.409,0.409,0.409,0.409,0.409,0.409,0.409,0.409,0.409,0.409,0.409,0.409,0.409,0.409,0.409,0.409,0.409,0.409,0.409,0.409,0.409,0.409
RGI60-19.01291,0.976,0.976,0.976,0.976,0.976,0.976,0.976,0.976,0.976,0.976,0.976,0.976,0.976,0.976,0.976,0.976,0.976,0.976,0.976,0.976,0.976,0.976,0.976,0.976,0.361,0.361,0.479,0.479,0.479,0.479,0.479,0.479,0.479,0.479,0.479,0.479,0.479,0.479,0.479,0.479,0.479,0.479,0.479,0.479,0.479,0.479,0.479,0.479,0.479,0.479
RGI60-19.01292,0.976,0.976,0.976,0.976,0.976,0.976,0.976,0.976,0.976,0.976,0.976,0.976,0.976,0.976,0.976,0.976,0.976,0.976,0.976,0.976,0.976,0.976,0.976,0.976,0.361,0.361,0.479,0.479,0.479,0.479,0.479,0.479,0.479,0.479,0.479,0.479,0.479,0.479,0.479,0.479,0.479,0.479,0.479,0.479,0.479,0.479,0.479,0.479,0.479,0.479
RGI60-19.01293,0.944,0.944,0.944,0.944,0.944,0.944,0.944,0.944,0.944,0.944,0.944,0.944,0.944,0.944,0.944,0.944,0.944,0.944,0.944,0.944,0.944,0.944,0.944,0.944,0.315,0.315,0.409,0.409,0.409,0.409,0.409,0.409,0.409,0.409,0.409,0.409,0.409,0.409,0.409,0.409,0.409,0.409,0.409,0.409,0.409,0.409,0.409,0.409,0.409,0.409
RGI60-19.01294,0.95,0.95,0.95,0.95,0.95,0.95,0.95,0.95,0.95,0.95,0.95,0.95,0.95,0.95,0.95,0.95,0.95,0.95,0.95,0.95,0.95,0.95,0.95,0.95,0.325,0.325,0.424,0.424,0.424,0.424,0.424,0.424,0.424,0.424,0.424,0.424,0.424,0.424,0.424,0.424,0.424,0.424,0.424,0.424,0.424,0.424,0.424,0.424,0.424,0.424
RGI60-19.01295,0.977,0.977,0.977,0.977,0.977,0.977,0.977,0.977,0.977,0.977,0.977,0.977,0.977,0.977,0.977,0.977,0.977,0.977,0.977,0.977,0.977,0.977,0.977,0.977,0.363,0.363,0.481,0.481,0.481,0.481,0.481,0.481,0.481,0.481,0.481,0.481,0.481,0.481,0.481,0.481,0.481,0.481,0.481,0.481,0.481,0.481,0.481,0.481,0.481,0.481
RGI60-19.01296,0.977,0.977,0.977,0.977,0.977,0.977,0.977,0.977,0.977,0.977,0.977,0.977,0.977,0.977,0.977,0.977,0.977,0.977,0.977,0.977,0.977,0.977,0.977,0.977,0.362,0.362,0.481,0.481,0.481,0.481,0.481,0.481,0.481,0.481,0.481,0.481,0.481,0.481,0.481,0.481,0.481,0.481,0.481,0.481,0.481,0.481,0.481,0.481,0.481,0.481
RGI60-19.01297,0.952,0.952,0.952,0.952,0.952,0.952,0.952,0.952,0.952,0.952,0.952,0.952,0.952,0.952,0.952,0.952,0.952,0.952,0.952,0.952,0.952,0.952,0.952,0.952,0.328,0.328,0.428,0.428,0.428,0.428,0.428,0.428,0.428,0.428,0.428,0.428,0.428,0.428,0.428,0.428,0.428,0.428,0.428,0.428,0.428,0.428,0.428,0.428,0.428,0.428
RGI60-19.01298,0.945,0.945,0.945,0.945,0.945,0.945,0.945,0.945,0.945,0.945,0.945,0.945,0.945,0.945,0.945,0.945,0.945,0.945,0.945,0.945,0.945,0.945,0.945,0.945,0.315,0.315,0.409,0.409,0.409,0.409,0.409,0.409,0.409,0.409,0.409,0.409,0.409,0.409,0.409,0.409,0.409,0.409,0.409,0.409,0.409,0.409,0.409,0.409,0.409,0.409
RGI60-19.01299,0.977,0.977,0.977,0.977,0.977,0.977,0.977,0.977,0.977,0.977,0.977,0.977,0.977,0.977,0.977,0.977,0.977,0.977,0.977,0.977,0.977,0.977,0.977,0.977,0.363,0.363,0.481,0.481,0.481,0.481,0.481,0.481,0.481,0.481,0.481,0.481,0.481,0.481,0.481,0.481,0.481,0.481,0.481,0.481,0.481,0.481,0.481,0.481,0.481,0.481
RGI60-19.01300,0.957,0.957,0.957,0.957,0.957,0.957,0.957,0.957,0.957,0.957,0.957,0.957,0.957,0.957,0.957,0.957,0.957,0.957,0.957,0.957,0.957,0.957,0.957,0.957,0.334,0.334,0.438,0.438,0.438,0.438,0.438,0.438,0.438,0.438,0.438,0.438,0.438,0.438,0.438,0.438,0.438,0.438,0.438,0.438,0.438,0.438,0.438,0.438,0.438,0.438
RGI60-19.01301,0.956,0.956,0.956,0.956,0.956,0.956,0.956,0.956,0.956,0.956,0.956,0.956,0.956,0.956,0.956,0.956,0.956,0.956,0.956,0.956,0.956,0.956,0.956,0.956,0.334,0.334,0.438,0.438,0.438,0.438,0.438,0.438,0.438,0.438,0.438,0.438,0.438,0.438,0.438,0.438,0.438,0.438,0.438,0.438,0.438,0.438,0.438,0.438,0.438,0.438
RGI60-19.01302,0.956,0.956,0.956,0.956,0.956,0.956,0.956,0.956,0.956,0.956,0.956,0.956,0.956,0.956,0.956,0.956,0.956,0.956,0.956,0.956,0.956,0.956,0.956,0.956,0.334,0.334,0.437,0.437,0.437,0.437,0.437,0.437,0.437,0.437,0.437,0.437,0.437,0.437,0.437,0.437,0.437,0.437,0.437,0.437,0.437,0.437,0.437,0.437,0.437,0.437
RGI60-19.01303,0.956,0.956,0.956,0.956,0.956,0.956,0.956,0.956,0.956,0.956,0.956,0.956,0.956,0.956,0.956,0.956,0.956,0.956,0.956,0.956,0.956,0.956,0.956,0.956,0.334,0.334,0.437,0.437,0.437,0.437,0.437,0.437,0.437,0.437,0.437,0.437,0.437,0.437,0.437,0.437,0.437,0.437,0.437,0.437,0.437,0.437,0.437,0.437,0.437,0.437
RGI60-19.01304,0.956,0.956,0.956,0.956,0.956,0.956,0.956,0.956,0.956,0.956,0.956,0.956,0.956,0.956,0.956,0.956,0.956,0.956,0.956,0.956,0.956,0.956,0.956,0.956,0.334,0.334,0.437,0.437,0.437,0.437,0.437,0.437,0.437,0.437,0.437,0.437,0.437,0.437,0.437,0.437,0.437,0.437,0.437,0.437,0.437,0.437,0.437,0.437,0.437,0.437
RGI60-19.01305,0.956,0.956,0.956,0.956,0.956,0.956,0.956,0.956,0.956,0.956,0.956,0.956,0.956,0.956,0.956,0.956,0.956,0.956,0.956,0.956,0.956,0.956,0.956,0.956,0.334,0.334,0.437,0.437,0.437,0.437,0.437,0.437,0.437,0.437,0.437,0.437,0.437,0.437,0.437,0.437,0.437,0.437,0.437,0.437,0.437,0.437,0.437,0.437,0.437,0.437
RGI60-19.01306,0.956,0.956,0.956,0.956,0.956,0.956,0.956,0.956,0.956,0.956,0.956,0.956,0.956,0.956,0.956,0.956,0.956,0.956,0.956,0.956,0.956,0.956,0.956,0.956,0.334,0.334,0.437,0.437,0.437,0.437,0.437,0.437,0.437,0.437,0.437,0.437,0.437,0.437,0.437,0.437,0.437,0.437,0.437,0.437,0.437,0.437,0.437,0.437,0.437,0.437
RGI60-19.01307,0.957,0.957,0.957,0.957,0.957,0.957,0.957,0.957,0.957,0.957,0.957,0.957,0.957,0.957,0.957,0.957,0.957,0.957,0.957,0.957,0.957,0.957,0.957,0.957,0.334,0.334,0.438,0.438,0.438,0.438,0.438,0.438,0.438,0.438,0.438,0.438,0.438,0.438,0.438,0.438,0.438,0.438,0.438,0.438,0.438,0.438,0.438,0.438,0.438,0.438
RGI60-19.01308,0.957,0.957,0.957,0.957,0.957,0.957,0.957,0.957,0.957,0.957,0.957,0.957,0.957,0.957,0.957,0.957,0.957,0.957,0.957,0.957,0.957,0.957,0.957,0.957,0.334,0.334,0.438,0.438,0.438,0.438,0.438,0.438,0.438,0.438,0.438,0.438,0.438,0.438,0.438,0.438,0.438,0.438,0.438,0.438,0.438,0.438,0.438,0.438,0.438,0.438
RGI60-19.01309,0.957,0.957,0.957,0.957,0.957,0.957,0.957,0.957,0.957,0.957,0.957,0.957,0.957,0.957,0.957,0.957,0.957,0.957,0.957,0.957,0.957,0.957,0.957,0.957,0.334,0.334,0.438,0.438,0.438,0.438,0.438,0.438,0.438,0.438,0.438,0.438,0.438,0.438,0.438,0.438,0.438,0.438,0.438,0.438,0.438,0.438,0.438,0.438,0.438,0.438
RGI60-19.01310,0.956,0.956,0.956,0.956,0.956,0.956,0.956,0.956,0.956,0.956,0.956,0.956,0.956,0.956,0.956,0.956,0.956,0.956,0.956,0.956,0.956,0.956,0.956,0.956,0.334,0.334,0.437,0.437,0.437,0.437,0.437,0.437,0.437,0.437,0.437,0.437,0.437,0.437,0.437,0.437,0.437,0.437,0.437,0.437,0.437,0.437,0.437,0.437,0.437,0.437
RGI60-19.01311,0.957,0.957,0.957,0.957,0.957,0.957,0.957,0.957,0.957,0.957,0.957,0.957,0.957,0.957,0.957,0.957,0.957,0.957,0.957,0.957,0.957,0.957,0.957,0.957,0.334,0.334,0.438,0.438,0.438,0.438,0.438,0.438,0.438,0.438,0.438,0.438,0.438,0.438,0.438,0.438,0.438,0.438,0.438,0.438,0.438,0.438,0.438,0.438,0.438,0.438
RGI60-19.01312,0.957,0.957,0.957,0.957,0.957,0.957,0.957,0.957,0.957,0.957,0.957,0.957,0.957,0.957,0.957,0.957,0.957,0.957,0.957,0.957,0.957,0.957,0.957,0.957,0.334,0.334,0.438,0.438,0.438,0.438,0.438,0.438,0.438,0.438,0.438,0.438,0.438,0.438,0.438,0.438,0.438,0.438,0.438,0.438,0.438,0.438,0.438,0.438,0.438,0.438
RGI60-19.01313,0.957,0.957,0.957,0.957,0.957,0.957,0.957,0.957,0.957,0.957,0.957,0.957,0.957,0.957,0.957,0.957,0.957,0.957,0.957,0.957,0.957,0.957,0.957,0.957,0.334,0.334,0.438,0.438,0.438,0.438,0.438,0.438,0.438,0.438,0.438,0.438,0.438,0.438,0.438,0.438,0.438,0.438,0.438,0.438,0.438,0.438,0.438,0.438,0.438,0.438
RGI60-19.01314,0.957,0.957,0.957,0.957,0.957,0.957,0.957,0.957,0.957,0.957,0.957,0.957,0.957,0.957,0.957,0.957,0.957,0.957,0.957,0.957,0.957,0.957,0.957,0.957,0.334,0.334,0.438,0.438,0.438,0.438,0.438,0.438,0.438,0.438,0.438,0.438,0.438,0.438,0.438,0.438,0.438,0.438,0.438,0.438,0.438,0.438,0.438,0.438,0.438,0.438
RGI60-19.01315,0.957,0.957,0.957,0.957,0.957,0.957,0.957,0.957,0.957,0.957,0.957,0.957,0.957,0.957,0.957,0.957,0.957,0.957,0.957,0.957,0.957,0.957,0.957,0.957,0.334,0.334,0.438,0.438,0.438,0.438,0.438,0.438,0.438,0.438,0.438,0.438,0.438,0.438,0.438,0.438,0.438,0.438,0.438,0.438,0.438,0.438,0.438,0.438,0.438,0.438
RGI60-19.01316,0.957,0.957,0.957,0.957,0.957,0.957,0.957,0.957,0.957,0.957,0.957,0.957,0.957,0.957,0.957,0.957,0.957,0.957,0.957,0.957,0.957,0.957,0.957,0.957,0.334,0.334,0.438,0.438,0.438,0.438,0.438,0.438,0.438,0.438,0.438,0.438,0.438,0.438,0.438,0.438,0.438,0.438,0.438,0.438,0.438,0.438,0.438,0.438,0.438,0.438
RGI60-19.01317,0.957,0.957,0.957,0.957,0.957,0.957,0.957,0.957,0.957,0.957,0.957,0.957,0.957,0.957,0.957,0.957,0.957,0.957,0.957,0.957,0.957,0.957,0.957,0.957,0.334,0.334,0.438,0.438,0.438,0.438,0.438,0.438,0.438,0.438,0.438,0.438,0.438,0.438,0.438,0.438,0.438,0.438,0.438,0.438,0.438,0.438,0.438,0.438,0.438,0.438
RGI60-19.01318,0.957,0.957,0.957,0.957,0.957,0.957,0.957,0.957,0.957,0.957,0.957,0.957,0.957,0.957,0.957,0.957,0.957,0.957,0.957,0.957,0.957,0.957,0.957,0.957,0.334,0.334,0.438,0.438,0.438,0.438,0.438,0.438,0.438,0.438,0.438,0.438,0.438,0.438,0.438,0.438,0.438,0.438,0.438,0.438,0.438,0.438,0.438,0.438,0.438,0.438
RGI60-19.01319,0.957,0.957,0.957,0.957,0.957,0.957,0.957,0.957,0.957,0.957,0.957,0.957,0.957,0.957,0.957,0.957,0.957,0.957,0.957,0.957,0.957,0.957,0.957,0.957,0.334,0.334,0.438,0.438,0.438,0.438,0.438,0.438,0.438,0.438,0.438,0.438,0.438,0.438,0.438,0.438,0.438,0.438,0.438,0.438,0.438,0.438,0.438,0.438,0.438,0.438
RGI60-19.01320,0.957,0.957,0.957,0.957,0.957,0.957,0.957,0.957,0.957,0.957,0.957,0.957,0.957,0.957,0.957,0.957,0.957,0.957,0.957,0.957,0.957,0.957,0.957,0.957,0.334,0.334,0.438,0.438,0.438,0.438,0.438,0.438,0.438,0.438,0.438,0.438,0.438,0.438,0.438,0.438,0.438,0.438,0.438,0.438,0.438,0.438,0.438,0.438,0.438,0.438
RGI60-19.01321,0.957,0.957,0.957,0.957,0.957,0.957,0.957,0.957,0.957,0.957,0.957,0.957,0.957,0.957,0.957,0.957,0.957,0.957,0.957,0.957,0.957,0.957,0.957,0.957,0.334,0.334,0.438,0.438,0.438,0.438,0.438,0.438,0.438,0.438,0.438,0.438,0.438,0.438,0.438,0.438,0.438,0.438,0.438,0.438,0.438,0.438,0.438,0.438,0.438,0.438
RGI60-19.01322,0.957,0.957,0.957,0.957,0.957,0.957,0.957,0.957,0.957,0.957,0.957,0.957,0.957,0.957,0.957,0.957,0.957,0.957,0.957,0.957,0.957,0.957,0.957,0.957,0.334,0.334,0.438,0.438,0.438,0.438,0.438,0.438,0.438,0.438,0.438,0.438,0.438,0.438,0.438,0.438,0.438,0.438,0.438,0.438,0.438,0.438,0.438,0.438,0.438,0.438
RGI60-19.01323,0.957,0.957,0.957,0.957,0.957,0.957,0.957,0.957,0.957,0.957,0.957,0.957,0.957,0.957,0.957,0.957,0.957,0.957,0.957,0.957,0.957,0.957,0.957,0.957,0.334,0.334,0.438,0.438,0.438,0.438,0.438,0.438,0.438,0.438,0.438,0.438,0.438,0.438,0.438,0.438,0.438,0.438,0.438,0.438,0.438,0.438,0.438,0.438,0.438,0.438
RGI60-19.01324,0.957,0.957,0.957,0.957,0.957,0.957,0.957,0.957,0.957,0.957,0.957,0.957,0.957,0.957,0.957,0.957,0.957,0.957,0.957,0.957,0.957,0.957,0.957,0.957,0.334,0.334,0.438,0.438,0.438,0.438,0.438,0.438,0.438,0.438,0.438,0.438,0.438,0.438,0.438,0.438,0.438,0.438,0.438,0.438,0.438,0.438,0.438,0.438,0.438,0.438
RGI60-19.01325,0.957,0.957,0.957,0.957,0.957,0.957,0.957,0.957,0.957,0.957,0.957,0.957,0.957,0.957,0.957,0.957,0.957,0.957,0.957,0.957,0.957,0.957,0.957,0.957,0.335,0.335,0.438,0.438,0.438,0.438,0.438,0.438,0.438,0.438,0.438,0.438,0.438,0.438,0.438,0.438,0.438,0.438,0.438,0.438,0.438,0.438,0.438,0.438,0.438,0.438
RGI60-19.01326,0.957,0.957,0.957,0.957,0.957,0.957,0.957,0.957,0.957,0.957,0.957,0.957,0.957,0.957,0.957,0.957,0.957,0.957,0.957,0.957,0.957,0.957,0.957,0.957,0.334,0.334,0.438,0.438,0.438,0.438,0.438,0.438,0.438,0.438,0.438,0.438,0.438,0.438,0.438,0.438,0.438,0.438,0.438,0.438,0.438,0.438,0.438,0.438,0.438,0.438
RGI60-19.01327,0.957,0.957,0.957,0.957,0.957,0.957,0.957,0.957,0.957,0.957,0.957,0.957,0.957,0.957,0.957,0.957,0.957,0.957,0.957,0.957,0.957,0.957,0.957,0.957,0.334,0.334,0.438,0.438,0.438,0.438,0.438,0.438,0.438,0.438,0.438,0.438,0.438,0.438,0.438,0.438,0.438,0.438,0.438,0.438,0.438,0.438,0.438,0.438,0.438,0.438
RGI60-19.01328,0.957,0.957,0.957,0.957,0.957,0.957,0.957,0.957,0.957,0.957,0.957,0.957,0.957,0.957,0.957,0.957,0.957,0.957,0.957,0.957,0.957,0.957,0.957,0.957,0.334,0.334,0.438,0.438,0.438,0.438,0.438,0.438,0.438,0.438,0.438,0.438,0.438,0.438,0.438,0.438,0.438,0.438,0.438,0.438,0.438,0.438,0.438,0.438,0.438,0.438
RGI60-19.01329,0.957,0.957,0.957,0.957,0.957,0.957,0.957,0.957,0.957,0.957,0.957,0.957,0.957,0.957,0.957,0.957,0.957,0.957,0.957,0.957,0.957,0.957,0.957,0.957,0.335,0.335,0.438,0.438,0.438,0.438,0.438,0.438,0.438,0.438,0.438,0.438,0.438,0.438,0.438,0.438,0.438,0.438,0.438,0.438,0.438,0.438,0.438,0.438,0.438,0.438
RGI60-19.01330,0.957,0.957,0.957,0.957,0.957,0.957,0.957,0.957,0.957,0.957,0.957,0.957,0.957,0.957,0.957,0.957,0.957,0.957,0.957,0.957,0.957,0.957,0.957,0.957,0.334,0.334,0.438,0.438,0.438,0.438,0.438,0.438,0.438,0.438,0.438,0.438,0.438,0.438,0.438,0.438,0.438,0.438,0.438,0.438,0.438,0.438,0.438,0.438,0.438,0.438
RGI60-19.01331,0.957,0.957,0.957,0.957,0.957,0.957,0.957,0.957,0.957,0.957,0.957,0.957,0.957,0.957,0.957,0.957,0.957,0.957,0.957,0.957,0.957,0.957,0.957,0.957,0.335,0.335,0.438,0.438,0.438,0.438,0.438,0.438,0.438,0.438,0.438,0.438,0.438,0.438,0.438,0.438,0.438,0.438,0.438,0.438,0.438,0.438,0.438,0.438,0.438,0.438
RGI60-19.01332,0.957,0.957,0.957,0.957,0.957,0.957,0.957,0.957,0.957,0.957,0.957,0.957,0.957,0.957,0.957,0.957,0.957,0.957,0.957,0.957,0.957,0.957,0.957,0.957,0.335,0.335,0.438,0.438,0.438,0.438,0.438,0.438,0.438,0.438,0.438,0.438,0.438,0.438,0.438,0.438,0.438,0.438,0.438,0.438,0.438,0.438,0.438,0.438,0.438,0.438
RGI60-19.01333,0.957,0.957,0.957,0.957,0.957,0.957,0.957,0.957,0.957,0.957,0.957,0.957,0.957,0.957,0.957,0.957,0.957,0.957,0.957,0.957,0.957,0.957,0.957,0.957,0.334,0.334,0.438,0.438,0.438,0.438,0.438,0.438,0.438,0.438,0.438,0.438,0.438,0.438,0.438,0.438,0.438,0.438,0.438,0.438,0.438,0.438,0.438,0.438,0.438,0.438
RGI60-19.01334,0.957,0.957,0.957,0.957,0.957,0.957,0.957,0.957,0.957,0.957,0.957,0.957,0.957,0.957,0.957,0.957,0.957,0.957,0.957,0.957,0.957,0.957,0.957,0.957,0.334,0.334,0.438,0.438,0.438,0.438,0.438,0.438,0.438,0.438,0.438,0.438,0.438,0.438,0.438,0.438,0.438,0.438,0.438,0.438,0.438,0.438,0.438,0.438,0.438,0.438
RGI60-19.01335,0.957,0.957,0.957,0.957,0.957,0.957,0.957,0.957,0.957,0.957,0.957,0.957,0.957,0.957,0.957,0.957,0.957,0.957,0.957,0.957,0.957,0.957,0.957,0.957,0.335,0.335,0.438,0.438,0.438,0.438,0.438,0.438,0.438,0.438,0.438,0.438,0.438,0.438,0.438,0.438,0.438,0.438,0.438,0.438,0.438,0.438,0.438,0.438,0.438,0.438
RGI60-19.01336,0.957,0.957,0.957,0.957,0.957,0.957,0.957,0.957,0.957,0.957,0.957,0.957,0.957,0.957,0.957,0.957,0.957,0.957,0.957,0.957,0.957,0.957,0.957,0.957,0.335,0.335,0.439,0.439,0.439,0.439,0.439,0.439,0.439,0.439,0.439,0.439,0.439,0.439,0.439,0.439,0.439,0.439,0.439,0.439,0.439,0.439,0.439,0.439,0.439,0.439
RGI60-19.01337,0.957,0.957,0.957,0.957,0.957,0.957,0.957,0.957,0.957,0.957,0.957,0.957,0.957,0.957,0.957,0.957,0.957,0.957,0.957,0.957,0.957,0.957,0.957,0.957,0.335,0.335,0.438,0.438,0.438,0.438,0.438,0.438,0.438,0.438,0.438,0.438,0.438,0.438,0.438,0.438,0.438,0.438,0.438,0.438,0.438,0.438,0.438,0.438,0.438,0.438
RGI60-19.01338,0.957,0.957,0.957,0.957,0.957,0.957,0.957,0.957,0.957,0.957,0.957,0.957,0.957,0.957,0.957,0.957,0.957,0.957,0.957,0.957,0.957,0.957,0.957,0.957,0.335,0.335,0.438,0.438,0.438,0.438,0.438,0.438,0.438,0.438,0.438,0.438,0.438,0.438,0.438,0.438,0.438,0.438,0.438,0.438,0.438,0.438,0.438,0.438,0.438,0.438
RGI60-19.01339,0.957,0.957,0.957,0.957,0.957,0.957,0.957,0.957,0.957,0.957,0.957,0.957,0.957,0.957,0.957,0.957,0.957,0.957,0.957,0.957,0.957,0.957,0.957,0.957,0.335,0.335,0.439,0.439,0.439,0.439,0.439,0.439,0.439,0.439,0.439,0.439,0.439,0.439,0.439,0.439,0.439,0.439,0.439,0.439,0.439,0.439,0.439,0.439,0.439,0.439
RGI60-19.01340,0.957,0.957,0.957,0.957,0.957,0.957,0.957,0.957,0.957,0.957,0.957,0.957,0.957,0.957,0.957,0.957,0.957,0.957,0.957,0.957,0.957,0.957,0.957,0.957,0.335,0.335,0.439,0.439,0.439,0.439,0.439,0.439,0.439,0.439,0.439,0.439,0.439,0.439,0.439,0.439,0.439,0.439,0.439,0.439,0.439,0.439,0.439,0.439,0.439,0.439
RGI60-19.01341,0.977,0.977,0.977,0.977,0.977,0.977,0.977,0.977,0.977,0.977,0.977,0.977,0.977,0.977,0.977,0.977,0.977,0.977,0.977,0.977,0.977,0.977,0.977,0.977,0.363,0.363,0.481,0.481,0.481,0.481,0.481,0.481,0.481,0.481,0.481,0.481,0.481,0.481,0.481,0.481,0.481,0.481,0.481,0.481,0.481,0.481,0.481,0.481,0.481,0.481
RGI60-19.01342,0.957,0.957,0.957,0.957,0.957,0.957,0.957,0.957,0.957,0.957,0.957,0.957,0.957,0.957,0.957,0.957,0.957,0.957,0.957,0.957,0.957,0.957,0.957,0.957,0.335,0.335,0.439,0.439,0.439,0.439,0.439,0.439,0.439,0.439,0.439,0.439,0.439,0.439,0.439,0.439,0.439,0.439,0.439,0.439,0.439,0.439,0.439,0.439,0.439,0.439
RGI60-19.01343,0.957,0.957,0.957,0.957,0.957,0.957,0.957,0.957,0.957,0.957,0.957,0.957,0.957,0.957,0.957,0.957,0.957,0.957,0.957,0.957,0.957,0.957,0.957,0.957,0.335,0.335,0.438,0.438,0.438,0.438,0.438,0.438,0.438,0.438,0.438,0.438,0.438,0.438,0.438,0.438,0.438,0.438,0.438,0.438,0.438,0.438,0.438,0.438,0.438,0.438
RGI60-19.01344,0.957,0.957,0.957,0.957,0.957,0.957,0.957,0.957,0.957,0.957,0.957,0.957,0.957,0.957,0.957,0.957,0.957,0.957,0.957,0.957,0.957,0.957,0.957,0.957,0.335,0.335,0.438,0.438,0.438,0.438,0.438,0.438,0.438,0.438,0.438,0.438,0.438,0.438,0.438,0.438,0.438,0.438,0.438,0.438,0.438,0.438,0.438,0.438,0.438,0.438
RGI60-19.01345,0.957,0.957,0.957,0.957,0.957,0.957,0.957,0.957,0.957,0.957,0.957,0.957,0.957,0.957,0.957,0.957,0.957,0.957,0.957,0.957,0.957,0.957,0.957,0.957,0.335,0.335,0.438,0.438,0.438,0.438,0.438,0.438,0.438,0.438,0.438,0.438,0.438,0.438,0.438,0.438,0.438,0.438,0.438,0.438,0.438,0.438,0.438,0.438,0.438,0.438
RGI60-19.01346,0.957,0.957,0.957,0.957,0.957,0.957,0.957,0.957,0.957,0.957,0.957,0.957,0.957,0.957,0.957,0.957,0.957,0.957,0.957,0.957,0.957,0.957,0.957,0.957,0.335,0.335,0.438,0.438,0.438,0.438,0.438,0.438,0.438,0.438,0.438,0.438,0.438,0.438,0.438,0.438,0.438,0.438,0.438,0.438,0.438,0.438,0.438,0.438,0.438,0.438
RGI60-19.01347,0.957,0.957,0.957,0.957,0.957,0.957,0.957,0.957,0.957,0.957,0.957,0.957,0.957,0.957,0.957,0.957,0.957,0.957,0.957,0.957,0.957,0.957,0.957,0.957,0.335,0.335,0.438,0.438,0.438,0.438,0.438,0.438,0.438,0.438,0.438,0.438,0.438,0.438,0.438,0.438,0.438,0.438,0.438,0.438,0.438,0.438,0.438,0.438,0.438,0.438
RGI60-19.01348,0.957,0.957,0.957,0.957,0.957,0.957,0.957,0.957,0.957,0.957,0.957,0.957,0.957,0.957,0.957,0.957,0.957,0.957,0.957,0.957,0.957,0.957,0.957,0.957,0.335,0.335,0.438,0.438,0.438,0.438,0.438,0.438,0.438,0.438,0.438,0.438,0.438,0.438,0.438,0.438,0.438,0.438,0.438,0.438,0.438,0.438,0.438,0.438,0.438,0.438
RGI60-19.01349,0.957,0.957,0.957,0.957,0.957,0.957,0.957,0.957,0.957,0.957,0.957,0.957,0.957,0.957,0.957,0.957,0.957,0.957,0.957,0.957,0.957,0.957,0.957,0.957,0.335,0.335,0.438,0.438,0.438,0.438,0.438,0.438,0.438,0.438,0.438,0.438,0.438,0.438,0.438,0.438,0.438,0.438,0.438,0.438,0.438,0.438,0.438,0.438,0.438,0.438
RGI60-19.01350,0.957,0.957,0.957,0.957,0.957,0.957,0.957,0.957,0.957,0.957,0.957,0.957,0.957,0.957,0.957,0.957,0.957,0.957,0.957,0.957,0.957,0.957,0.957,0.957,0.335,0.335,0.438,0.438,0.438,0.438,0.438,0.438,0.438,0.438,0.438,0.438,0.438,0.438,0.438,0.438,0.438,0.438,0.438,0.438,0.438,0.438,0.438,0.438,0.438,0.438
RGI60-19.01351,0.957,0.957,0.957,0.957,0.957,0.957,0.957,0.957,0.957,0.957,0.957,0.957,0.957,0.957,0.957,0.957,0.957,0.957,0.957,0.957,0.957,0.957,0.957,0.957,0.335,0.335,0.438,0.438,0.438,0.438,0.438,0.438,0.438,0.438,0.438,0.438,0.438,0.438,0.438,0.438,0.438,0.438,0.438,0.438,0.438,0.438,0.438,0.438,0.438,0.438
RGI60-19.01352,0.957,0.957,0.957,0.957,0.957,0.957,0.957,0.957,0.957,0.957,0.957,0.957,0.957,0.957,0.957,0.957,0.957,0.957,0.957,0.957,0.957,0.957,0.957,0.957,0.335,0.335,0.438,0.438,0.438,0.438,0.438,0.438,0.438,0.438,0.438,0.438,0.438,0.438,0.438,0.438,0.438,0.438,0.438,0.438,0.438,0.438,0.438,0.438,0.438,0.438
RGI60-19.01353,0.957,0.957,0.957,0.957,0.957,0.957,0.957,0.957,0.957,0.957,0.957,0.957,0.957,0.957,0.957,0.957,0.957,0.957,0.957,0.957,0.957,0.957,0.957,0.957,0.335,0.335,0.438,0.438,0.438,0.438,0.438,0.438,0.438,0.438,0.438,0.438,0.438,0.438,0.438,0.438,0.438,0.438,0.438,0.438,0.438,0.438,0.438,0.438,0.438,0.438
RGI60-19.01354,0.957,0.957,0.957,0.957,0.957,0.957,0.957,0.957,0.957,0.957,0.957,0.957,0.957,0.957,0.957,0.957,0.957,0.957,0.957,0.957,0.957,0.957,0.957,0.957,0.335,0.335,0.438,0.438,0.438,0.438,0.438,0.438,0.438,0.438,0.438,0.438,0.438,0.438,0.438,0.438,0.438,0.438,0.438,0.438,0.438,0.438,0.438,0.438,0.438,0.438
RGI60-19.01355,0.957,0.957,0.957,0.957,0.957,0.957,0.957,0.957,0.957,0.957,0.957,0.957,0.957,0.957,0.957,0.957,0.957,0.957,0.957,0.957,0.957,0.957,0.957,0.957,0.335,0.335,0.439,0.439,0.439,0.439,0.439,0.439,0.439,0.439,0.439,0.439,0.439,0.439,0.439,0.439,0.439,0.439,0.439,0.439,0.439,0.439,0.439,0.439,0.439,0.439
RGI60-19.01356,0.957,0.957,0.957,0.957,0.957,0.957,0.957,0.957,0.957,0.957,0.957,0.957,0.957,0.957,0.957,0.957,0.957,0.957,0.957,0.957,0.957,0.957,0.957,0.957,0.335,0.335,0.438,0.438,0.438,0.438,0.438,0.438,0.438,0.438,0.438,0.438,0.438,0.438,0.438,0.438,0.438,0.438,0.438,0.438,0.438,0.438,0.438,0.438,0.438,0.438
RGI60-19.01357,0.957,0.957,0.957,0.957,0.957,0.957,0.957,0.957,0.957,0.957,0.957,0.957,0.957,0.957,0.957,0.957,0.957,0.957,0.957,0.957,0.957,0.957,0.957,0.957,0.335,0.335,0.438,0.438,0.438,0.438,0.438,0.438,0.438,0.438,0.438,0.438,0.438,0.438,0.438,0.438,0.438,0.438,0.438,0.438,0.438,0.438,0.438,0.438,0.438,0.438
RGI60-19.01358,0.957,0.957,0.957,0.957,0.957,0.957,0.957,0.957,0.957,0.957,0.957,0.957,0.957,0.957,0.957,0.957,0.957,0.957,0.957,0.957,0.957,0.957,0.957,0.957,0.335,0.335,0.438,0.438,0.438,0.438,0.438,0.438,0.438,0.438,0.438,0.438,0.438,0.438,0.438,0.438,0.438,0.438,0.438,0.438,0.438,0.438,0.438,0.438,0.438,0.438
RGI60-19.01359,0.957,0.957,0.957,0.957,0.957,0.957,0.957,0.957,0.957,0.957,0.957,0.957,0.957,0.957,0.957,0.957,0.957,0.957,0.957,0.957,0.957,0.957,0.957,0.957,0.335,0.335,0.438,0.438,0.438,0.438,0.438,0.438,0.438,0.438,0.438,0.438,0.438,0.438,0.438,0.438,0.438,0.438,0.438,0.438,0.438,0.438,0.438,0.438,0.438,0.438
RGI60-19.01360,0.957,0.957,0.957,0.957,0.957,0.957,0.957,0.957,0.957,0.957,0.957,0.957,0.957,0.957,0.957,0.957,0.957,0.957,0.957,0.957,0.957,0.957,0.957,0.957,0.335,0.335,0.438,0.438,0.438,0.438,0.438,0.438,0.438,0.438,0.438,0.438,0.438,0.438,0.438,0.438,0.438,0.438,0.438,0.438,0.438,0.438,0.438,0.438,0.438,0.438
RGI60-19.01361,0.957,0.957,0.957,0.957,0.957,0.957,0.957,0.957,0.957,0.957,0.957,0.957,0.957,0.957,0.957,0.957,0.957,0.957,0.957,0.957,0.957,0.957,0.957,0.957,0.335,0.335,0.439,0.439,0.439,0.439,0.439,0.439,0.439,0.439,0.439,0.439,0.439,0.439,0.439,0.439,0.439,0.439,0.439,0.439,0.439,0.439,0.439,0.439,0.439,0.439
RGI60-19.01362,0.957,0.957,0.957,0.957,0.957,0.957,0.957,0.957,0.957,0.957,0.957,0.957,0.957,0.957,0.957,0.957,0.957,0.957,0.957,0.957,0.957,0.957,0.957,0.957,0.335,0.335,0.439,0.439,0.439,0.439,0.439,0.439,0.439,0.439,0.439,0.439,0.439,0.439,0.439,0.439,0.439,0.439,0.439,0.439,0.439,0.439,0.439,0.439,0.439,0.439
RGI60-19.01363,0.957,0.957,0.957,0.957,0.957,0.957,0.957,0.957,0.957,0.957,0.957,0.957,0.957,0.957,0.957,0.957,0.957,0.957,0.957,0.957,0.957,0.957,0.957,0.957,0.335,0.335,0.439,0.439,0.439,0.439,0.439,0.439,0.439,0.439,0.439,0.439,0.439,0.439,0.439,0.439,0.439,0.439,0.439,0.439,0.439,0.439,0.439,0.439,0.439,0.439
RGI60-19.01364,0.957,0.957,0.957,0.957,0.957,0.957,0.957,0.957,0.957,0.957,0.957,0.957,0.957,0.957,0.957,0.957,0.957,0.957,0.957,0.957,0.957,0.957,0.957,0.957,0.335,0.335,0.439,0.439,0.439,0.439,0.439,0.439,0.439,0.439,0.439,0.439,0.439,0.439,0.439,0.439,0.439,0.439,0.439,0.439,0.439,0.439,0.439,0.439,0.439,0.439
RGI60-19.01365,0.957,0.957,0.957,0.957,0.957,0.957,0.957,0.957,0.957,0.957,0.957,0.957,0.957,0.957,0.957,0.957,0.957,0.957,0.957,0.957,0.957,0.957,0.957,0.957,0.335,0.335,0.439,0.439,0.439,0.439,0.439,0.439,0.439,0.439,0.439,0.439,0.439,0.439,0.439,0.439,0.439,0.439,0.439,0.439,0.439,0.439,0.439,0.439,0.439,0.439
RGI60-19.01366,0.957,0.957,0.957,0.957,0.957,0.957,0.957,0.957,0.957,0.957,0.957,0.957,0.957,0.957,0.957,0.957,0.957,0.957,0.957,0.957,0.957,0.957,0.957,0.957,0.335,0.335,0.439,0.439,0.439,0.439,0.439,0.439,0.439,0.439,0.439,0.439,0.439,0.439,0.439,0.439,0.439,0.439,0.439,0.439,0.439,0.439,0.439,0.439,0.439,0.439
RGI60-19.01367,0.957,0.957,0.957,0.957,0.957,0.957,0.957,0.957,0.957,0.957,0.957,0.957,0.957,0.957,0.957,0.957,0.957,0.957,0.957,0.957,0.957,0.957,0.957,0.957,0.335,0.335,0.439,0.439,0.439,0.439,0.439,0.439,0.439,0.439,0.439,0.439,0.439,0.439,0.439,0.439,0.439,0.439,0.439,0.439,0.439,0.439,0.439,0.439,0.439,0.439
RGI60-19.01368,0.957,0.957,0.957,0.957,0.957,0.957,0.957,0.957,0.957,0.957,0.957,0.957,0.957,0.957,0.957,0.957,0.957,0.957,0.957,0.957,0.957,0.957,0.957,0.957,0.335,0.335,0.439,0.439,0.439,0.439,0.439,0.439,0.439,0.439,0.439,0.439,0.439,0.439,0.439,0.439,0.439,0.439,0.439,0.439,0.439,0.439,0.439,0.439,0.439,0.439
RGI60-19.01369,0.957,0.957,0.957,0.957,0.957,0.957,0.957,0.957,0.957,0.957,0.957,0.957,0.957,0.957,0.957,0.957,0.957,0.957,0.957,0.957,0.957,0.957,0.957,0.957,0.335,0.335,0.439,0.439,0.439,0.439,0.439,0.439,0.439,0.439,0.439,0.439,0.439,0.439,0.439,0.439,0.439,0.439,0.439,0.439,0.439,0.439,0.439,0.439,0.439,0.439
RGI60-19.01370,0.957,0.957,0.957,0.957,0.957,0.957,0.957,0.957,0.957,0.957,0.957,0.957,0.957,0.957,0.957,0.957,0.957,0.957,0.957,0.957,0.957,0.957,0.957,0.957,0.335,0.335,0.439,0.439,0.439,0.439,0.439,0.439,0.439,0.439,0.439,0.439,0.439,0.439,0.439,0.439,0.439,0.439,0.439,0.439,0.439,0.439,0.439,0.439,0.439,0.439
RGI60-19.01371,0.957,0.957,0.957,0.957,0.957,0.957,0.957,0.957,0.957,0.957,0.957,0.957,0.957,0.957,0.957,0.957,0.957,0.957,0.957,0.957,0.957,0.957,0.957,0.957,0.335,0.335,0.439,0.439,0.439,0.439,0.439,0.439,0.439,0.439,0.439,0.439,0.439,0.439,0.439,0.439,0.439,0.439,0.439,0.439,0.439,0.439,0.439,0.439,0.439,0.439
RGI60-19.01372,0.957,0.957,0.957,0.957,0.957,0.957,0.957,0.957,0.957,0.957,0.957,0.957,0.957,0.957,0.957,0.957,0.957,0.957,0.957,0.957,0.957,0.957,0.957,0.957,0.335,0.335,0.439,0.439,0.439,0.439,0.439,0.439,0.439,0.439,0.439,0.439,0.439,0.439,0.439,0.439,0.439,0.439,0.439,0.439,0.439,0.439,0.439,0.439,0.439,0.439
RGI60-19.01373,0.957,0.957,0.957,0.957,0.957,0.957,0.957,0.957,0.957,0.957,0.957,0.957,0.957,0.957,0.957,0.957,0.957,0.957,0.957,0.957,0.957,0.957,0.957,0.957,0.335,0.335,0.439,0.439,0.439,0.439,0.439,0.439,0.439,0.439,0.439,0.439,0.439,0.439,0.439,0.439,0.439,0.439,0.439,0.439,0.439,0.439,0.439,0.439,0.439,0.439
RGI60-19.01374,0.957,0.957,0.957,0.957,0.957,0.957,0.957,0.957,0.957,0.957,0.957,0.957,0.957,0.957,0.957,0.957,0.957,0.957,0.957,0.957,0.957,0.957,0.957,0.957,0.335,0.335,0.439,0.439,0.439,0.439,0.439,0.439,0.439,0.439,0.439,0.439,0.439,0.439,0.439,0.439,0.439,0.439,0.439,0.439,0.439,0.439,0.439,0.439,0.439,0.439
RGI60-19.01375,0.957,0.957,0.957,0.957,0.957,0.957,0.957,0.957,0.957,0.957,0.957,0.957,0.957,0.957,0.957,0.957,0.957,0.957,0.957,0.957,0.957,0.957,0.957,0.957,0.335,0.335,0.439,0.439,0.439,0.439,0.439,0.439,0.439,0.439,0.439,0.439,0.439,0.439,0.439,0.439,0.439,0.439,0.439,0.439,0.439,0.439,0.439,0.439,0.439,0.439
RGI60-19.01376,0.957,0.957,0.957,0.957,0.957,0.957,0.957,0.957,0.957,0.957,0.957,0.957,0.957,0.957,0.957,0.957,0.957,0.957,0.957,0.957,0.957,0.957,0.957,0.957,0.335,0.335,0.439,0.439,0.439,0.439,0.439,0.439,0.439,0.439,0.439,0.439,0.439,0.439,0.439,0.439,0.439,0.439,0.439,0.439,0.439,0.439,0.439,0.439,0.439,0.439
RGI60-19.01377,0.957,0.957,0.957,0.957,0.957,0.957,0.957,0.957,0.957,0.957,0.957,0.957,0.957,0.957,0.957,0.957,0.957,0.957,0.957,0.957,0.957,0.957,0.957,0.957,0.335,0.335,0.438,0.438,0.438,0.438,0.438,0.438,0.438,0.438,0.438,0.438,0.438,0.438,0.438,0.438,0.438,0.438,0.438,0.438,0.438,0.438,0.438,0.438,0.438,0.438
RGI60-19.01378,0.957,0.957,0.957,0.957,0.957,0.957,0.957,0.957,0.957,0.957,0.957,0.957,0.957,0.957,0.957,0.957,0.957,0.957,0.957,0.957,0.957,0.957,0.957,0.957,0.335,0.335,0.439,0.439,0.439,0.439,0.439,0.439,0.439,0.439,0.439,0.439,0.439,0.439,0.439,0.439,0.439,0.439,0.439,0.439,0.439,0.439,0.439,0.439,0.439,0.439
RGI60-19.01379,0.957,0.957,0.957,0.957,0.957,0.957,0.957,0.957,0.957,0.957,0.957,0.957,0.957,0.957,0.957,0.957,0.957,0.957,0.957,0.957,0.957,0.957,0.957,0.957,0.335,0.335,0.438,0.438,0.438,0.438,0.438,0.438,0.438,0.438,0.438,0.438,0.438,0.438,0.438,0.438,0.438,0.438,0.438,0.438,0.438,0.438,0.438,0.438,0.438,0.438
RGI60-19.01380,0.957,0.957,0.957,0.957,0.957,0.957,0.957,0.957,0.957,0.957,0.957,0.957,0.957,0.957,0.957,0.957,0.957,0.957,0.957,0.957,0.957,0.957,0.957,0.957,0.335,0.335,0.439,0.439,0.439,0.439,0.439,0.439,0.439,0.439,0.439,0.439,0.439,0.439,0.439,0.439,0.439,0.439,0.439,0.439,0.439,0.439,0.439,0.439,0.439,0.439
RGI60-19.01381,0.957,0.957,0.957,0.957,0.957,0.957,0.957,0.957,0.957,0.957,0.957,0.957,0.957,0.957,0.957,0.957,0.957,0.957,0.957,0.957,0.957,0.957,0.957,0.957,0.335,0.335,0.438,0.438,0.438,0.438,0.438,0.438,0.438,0.438,0.438,0.438,0.438,0.438,0.438,0.438,0.438,0.438,0.438,0.438,0.438,0.438,0.438,0.438,0.438,0.438
RGI60-19.01382,0.957,0.957,0.957,0.957,0.957,0.957,0.957,0.957,0.957,0.957,0.957,0.957,0.957,0.957,0.957,0.957,0.957,0.957,0.957,0.957,0.957,0.957,0.957,0.957,0.335,0.335,0.438,0.438,0.438,0.438,0.438,0.438,0.438,0.438,0.438,0.438,0.438,0.438,0.438,0.438,0.438,0.438,0.438,0.438,0.438,0.438,0.438,0.438,0.438,0.438
RGI60-19.01383,0.957,0.957,0.957,0.957,0.957,0.957,0.957,0.957,0.957,0.957,0.957,0.957,0.957,0.957,0.957,0.957,0.957,0.957,0.957,0.957,0.957,0.957,0.957,0.957,0.335,0.335,0.439,0.439,0.439,0.439,0.439,0.439,0.439,0.439,0.439,0.439,0.439,0.439,0.439,0.439,0.439,0.439,0.439,0.439,0.439,0.439,0.439,0.439,0.439,0.439
RGI60-19.01384,0.957,0.957,0.957,0.957,0.957,0.957,0.957,0.957,0.957,0.957,0.957,0.957,0.957,0.957,0.957,0.957,0.957,0.957,0.957,0.957,0.957,0.957,0.957,0.957,0.335,0.335,0.438,0.438,0.438,0.438,0.438,0.438,0.438,0.438,0.438,0.438,0.438,0.438,0.438,0.438,0.438,0.438,0.438,0.438,0.438,0.438,0.438,0.438,0.438,0.438
RGI60-19.01385,0.957,0.957,0.957,0.957,0.957,0.957,0.957,0.957,0.957,0.957,0.957,0.957,0.957,0.957,0.957,0.957,0.957,0.957,0.957,0.957,0.957,0.957,0.957,0.957,0.335,0.335,0.438,0.438,0.438,0.438,0.438,0.438,0.438,0.438,0.438,0.438,0.438,0.438,0.438,0.438,0.438,0.438,0.438,0.438,0.438,0.438,0.438,0.438,0.438,0.438
RGI60-19.01386,0.957,0.957,0.957,0.957,0.957,0.957,0.957,0.957,0.957,0.957,0.957,0.957,0.957,0.957,0.957,0.957,0.957,0.957,0.957,0.957,0.957,0.957,0.957,0.957,0.335,0.335,0.439,0.439,0.439,0.439,0.439,0.439,0.439,0.439,0.439,0.439,0.439,0.439,0.439,0.439,0.439,0.439,0.439,0.439,0.439,0.439,0.439,0.439,0.439,0.439
RGI60-19.01387,0.957,0.957,0.957,0.957,0.957,0.957,0.957,0.957,0.957,0.957,0.957,0.957,0.957,0.957,0.957,0.957,0.957,0.957,0.957,0.957,0.957,0.957,0.957,0.957,0.335,0.335,0.438,0.438,0.438,0.438,0.438,0.438,0.438,0.438,0.438,0.438,0.438,0.438,0.438,0.438,0.438,0.438,0.438,0.438,0.438,0.438,0.438,0.438,0.438,0.438
RGI60-19.01388,0.957,0.957,0.957,0.957,0.957,0.957,0.957,0.957,0.957,0.957,0.957,0.957,0.957,0.957,0.957,0.957,0.957,0.957,0.957,0.957,0.957,0.957,0.957,0.957,0.335,0.335,0.439,0.439,0.439,0.439,0.439,0.439,0.439,0.439,0.439,0.439,0.439,0.439,0.439,0.439,0.439,0.439,0.439,0.439,0.439,0.439,0.439,0.439,0.439,0.439
RGI60-19.01389,0.957,0.957,0.957,0.957,0.957,0.957,0.957,0.957,0.957,0.957,0.957,0.957,0.957,0.957,0.957,0.957,0.957,0.957,0.957,0.957,0.957,0.957,0.957,0.957,0.335,0.335,0.439,0.439,0.439,0.439,0.439,0.439,0.439,0.439,0.439,0.439,0.439,0.439,0.439,0.439,0.439,0.439,0.439,0.439,0.439,0.439,0.439,0.439,0.439,0.439
RGI60-19.01390,0.957,0.957,0.957,0.957,0.957,0.957,0.957,0.957,0.957,0.957,0.957,0.957,0.957,0.957,0.957,0.957,0.957,0.957,0.957,0.957,0.957,0.957,0.957,0.957,0.335,0.335,0.438,0.438,0.438,0.438,0.438,0.438,0.438,0.438,0.438,0.438,0.438,0.438,0.438,0.438,0.438,0.438,0.438,0.438,0.438,0.438,0.438,0.438,0.438,0.438
RGI60-19.01391,0.957,0.957,0.957,0.957,0.957,0.957,0.957,0.957,0.957,0.957,0.957,0.957,0.957,0.957,0.957,0.957,0.957,0.957,0.957,0.957,0.957,0.957,0.957,0.957,0.335,0.335,0.438,0.438,0.438,0.438,0.438,0.438,0.438,0.438,0.438,0.438,0.438,0.438,0.438,0.438,0.438,0.438,0.438,0.438,0.438,0.438,0.438,0.438,0.438,0.438
RGI60-19.01392,0.957,0.957,0.957,0.957,0.957,0.957,0.957,0.957,0.957,0.957,0.957,0.957,0.957,0.957,0.957,0.957,0.957,0.957,0.957,0.957,0.957,0.957,0.957,0.957,0.335,0.335,0.439,0.439,0.439,0.439,0.439,0.439,0.439,0.439,0.439,0.439,0.439,0.439,0.439,0.439,0.439,0.439,0.439,0.439,0.439,0.439,0.439,0.439,0.439,0.439
RGI60-19.01393,0.957,0.957,0.957,0.957,0.957,0.957,0.957,0.957,0.957,0.957,0.957,0.957,0.957,0.957,0.957,0.957,0.957,0.957,0.957,0.957,0.957,0.957,0.957,0.957,0.335,0.335,0.439,0.439,0.439,0.439,0.439,0.439,0.439,0.439,0.439,0.439,0.439,0.439,0.439,0.439,0.439,0.439,0.439,0.439,0.439,0.439,0.439,0.439,0.439,0.439
RGI60-19.01394,0.957,0.957,0.957,0.957,0.957,0.957,0.957,0.957,0.957,0.957,0.957,0.957,0.957,0.957,0.957,0.957,0.957,0.957,0.957,0.957,0.957,0.957,0.957,0.957,0.335,0.335,0.439,0.439,0.439,0.439,0.439,0.439,0.439,0.439,0.439,0.439,0.439,0.439,0.439,0.439,0.439,0.439,0.439,0.439,0.439,0.439,0.439,0.439,0.439,0.439
RGI60-19.01395,0.957,0.957,0.957,0.957,0.957,0.957,0.957,0.957,0.957,0.957,0.957,0.957,0.957,0.957,0.957,0.957,0.957,0.957,0.957,0.957,0.957,0.957,0.957,0.957,0.335,0.335,0.439,0.439,0.439,0.439,0.439,0.439,0.439,0.439,0.439,0.439,0.439,0.439,0.439,0.439,0.439,0.439,0.439,0.439,0.439,0.439,0.439,0.439,0.439,0.439
RGI60-19.01396,0.957,0.957,0.957,0.957,0.957,0.957,0.957,0.957,0.957,0.957,0.957,0.957,0.957,0.957,0.957,0.957,0.957,0.957,0.957,0.957,0.957,0.957,0.957,0.957,0.335,0.335,0.44,0.44,0.44,0.44,0.44,0.44,0.44,0.44,0.44,0.44,0.44,0.44,0.44,0.44,0.44,0.44,0.44,0.44,0.44,0.44,0.44,0.44,0.44,0.44
RGI60-19.01397,0.957,0.957,0.957,0.957,0.957,0.957,0.957,0.957,0.957,0.957,0.957,0.957,0.957,0.957,0.957,0.957,0.957,0.957,0.957,0.957,0.957,0.957,0.957,0.957,0.335,0.335,0.44,0.44,0.44,0.44,0.44,0.44,0.44,0.44,0.44,0.44,0.44,0.44,0.44,0.44,0.44,0.44,0.44,0.44,0.44,0.44,0.44,0.44,0.44,0.44
RGI60-19.01398,0.957,0.957,0.957,0.957,0.957,0.957,0.957,0.957,0.957,0.957,0.957,0.957,0.957,0.957,0.957,0.957,0.957,0.957,0.957,0.957,0.957,0.957,0.957,0.957,0.335,0.335,0.438,0.438,0.438,0.438,0.438,0.438,0.438,0.438,0.438,0.438,0.438,0.438,0.438,0.438,0.438,0.438,0.438,0.438,0.438,0.438,0.438,0.438,0.438,0.438
RGI60-19.01399,0.958,0.958,0.958,0.958,0.958,0.958,0.958,0.958,0.958,0.958,0.958,0.958,0.958,0.958,0.958,0.958,0.958,0.958,0.958,0.958,0.958,0.958,0.958,0.958,0.336,0.336,0.44,0.44,0.44,0.44,0.44,0.44,0.44,0.44,0.44,0.44,0.44,0.44,0.44,0.44,0.44,0.44,0.44,0.44,0.44,0.44,0.44,0.44,0.44,0.44
RGI60-19.01400,0.958,0.958,0.958,0.958,0.958,0.958,0.958,0.958,0.958,0.958,0.958,0.958,0.958,0.958,0.958,0.958,0.958,0.958,0.958,0.958,0.958,0.958,0.958,0.958,0.336,0.336,0.44,0.44,0.44,0.44,0.44,0.44,0.44,0.44,0.44,0.44,0.44,0.44,0.44,0.44,0.44,0.44,0.44,0.44,0.44,0.44,0.44,0.44,0.44,0.44
RGI60-19.01401,0.958,0.958,0.958,0.958,0.958,0.958,0.958,0.958,0.958,0.958,0.958,0.958,0.958,0.958,0.958,0.958,0.958,0.958,0.958,0.958,0.958,0.958,0.958,0.958,0.336,0.336,0.44,0.44,0.44,0.44,0.44,0.44,0.44,0.44,0.44,0.44,0.44,0.44,0.44,0.44,0.44,0.44,0.44,0.44,0.44,0.44,0.44,0.44,0.44,0.44
RGI60-19.01402,0.958,0.958,0.958,0.958,0.958,0.958,0.958,0.958,0.958,0.958,0.958,0.958,0.958,0.958,0.958,0.958,0.958,0.958,0.958,0.958,0.958,0.958,0.958,0.958,0.336,0.336,0.44,0.44,0.44,0.44,0.44,0.44,0.44,0.44,0.44,0.44,0.44,0.44,0.44,0.44,0.44,0.44,0.44,0.44,0.44,0.44,0.44,0.44,0.44,0.44
RGI60-19.01403,0.958,0.958,0.958,0.958,0.958,0.958,0.958,0.958,0.958,0.958,0.958,0.958,0.958,0.958,0.958,0.958,0.958,0.958,0.958,0.958,0.958,0.958,0.958,0.958,0.336,0.336,0.44,0.44,0.44,0.44,0.44,0.44,0.44,0.44,0.44,0.44,0.44,0.44,0.44,0.44,0.44,0.44,0.44,0.44,0.44,0.44,0.44,0.44,0.44,0.44
RGI60-19.01404,0.958,0.958,0.958,0.958,0.958,0.958,0.958,0.958,0.958,0.958,0.958,0.958,0.958,0.958,0.958,0.958,0.958,0.958,0.958,0.958,0.958,0.958,0.958,0.958,0.336,0.336,0.44,0.44,0.44,0.44,0.44,0.44,0.44,0.44,0.44,0.44,0.44,0.44,0.44,0.44,0.44,0.44,0.44,0.44,0.44,0.44,0.44,0.44,0.44,0.44
RGI60-19.01405,0.958,0.958,0.958,0.958,0.958,0.958,0.958,0.958,0.958,0.958,0.958,0.958,0.958,0.958,0.958,0.958,0.958,0.958,0.958,0.958,0.958,0.958,0.958,0.958,0.336,0.336,0.44,0.44,0.44,0.44,0.44,0.44,0.44,0.44,0.44,0.44,0.44,0.44,0.44,0.44,0.44,0.44,0.44,0.44,0.44,0.44,0.44,0.44,0.44,0.44
RGI60-19.01406,0.977,0.977,0.977,0.977,0.977,0.977,0.977,0.977,0.977,0.977,0.977,0.977,0.977,0.977,0.977,0.977,0.977,0.977,0.977,0.977,0.977,0.977,0.977,0.977,0.363,0.363,0.481,0.481,0.481,0.481,0.481,0.481,0.481,0.481,0.481,0.481,0.481,0.481,0.481,0.481,0.481,0.481,0.481,0.481,0.481,0.481,0.481,0.481,0.481,0.481
RGI60-19.01407,0.962,0.962,0.962,0.962,0.962,0.962,0.962,0.962,0.962,0.962,0.962,0.962,0.962,0.962,0.962,0.962,0.962,0.962,0.962,0.962,0.962,0.962,0.962,0.962,0.342,0.342,0.45,0.45,0.45,0.45,0.45,0.45,0.45,0.45,0.45,0.45,0.45,0.45,0.45,0.45,0.45,0.45,0.45,0.45,0.45,0.45,0.45,0.45,0.45,0.45
RGI60-19.01408,0.977,0.977,0.977,0.977,0.977,0.977,0.977,0.977,0.977,0.977,0.977,0.977,0.977,0.977,0.977,0.977,0.977,0.977,0.977,0.977,0.977,0.977,0.977,0.977,0.363,0.363,0.481,0.481,0.481,0.481,0.481,0.481,0.481,0.481,0.481,0.481,0.481,0.481,0.481,0.481,0.481,0.481,0.481,0.481,0.481,0.481,0.481,0.481,0.481,0.481
RGI60-19.01409,0.977,0.977,0.977,0.977,0.977,0.977,0.977,0.977,0.977,0.977,0.977,0.977,0.977,0.977,0.977,0.977,0.977,0.977,0.977,0.977,0.977,0.977,0.977,0.977,0.363,0.363,0.481,0.481,0.481,0.481,0.481,0.481,0.481,0.481,0.481,0.481,0.481,0.481,0.481,0.481,0.481,0.481,0.481,0.481,0.481,0.481,0.481,0.481,0.481,0.481
RGI60-19.01410,0.977,0.977,0.977,0.977,0.977,0.977,0.977,0.977,0.977,0.977,0.977,0.977,0.977,0.977,0.977,0.977,0.977,0.977,0.977,0.977,0.977,0.977,0.977,0.977,0.363,0.363,0.481,0.481,0.481,0.481,0.481,0.481,0.481,0.481,0.481,0.481,0.481,0.481,0.481,0.481,0.481,0.481,0.481,0.481,0.481,0.481,0.481,0.481,0.481,0.481
RGI60-19.01411,0.977,0.977,0.977,0.977,0.977,0.977,0.977,0.977,0.977,0.977,0.977,0.977,0.977,0.977,0.977,0.977,0.977,0.977,0.977,0.977,0.977,0.977,0.977,0.977,0.363,0.363,0.481,0.481,0.481,0.481,0.481,0.481,0.481,0.481,0.481,0.481,0.481,0.481,0.481,0.481,0.481,0.481,0.481,0.481,0.481,0.481,0.481,0.481,0.481,0.481
RGI60-19.01412,0.965,0.965,0.965,0.965,0.965,0.965,0.965,0.965,0.965,0.965,0.965,0.965,0.965,0.965,0.965,0.965,0.965,0.965,0.965,0.965,0.965,0.965,0.965,0.965,0.346,0.346,0.456,0.456,0.456,0.456,0.456,0.456,0.456,0.456,0.456,0.456,0.456,0.456,0.456,0.456,0.456,0.456,0.456,0.456,0.456,0.456,0.456,0.456,0.456,0.456
RGI60-19.01413,0.965,0.965,0.965,0.965,0.965,0.965,0.965,0.965,0.965,0.965,0.965,0.965,0.965,0.965,0.965,0.965,0.965,0.965,0.965,0.965,0.965,0.965,0.965,0.965,0.347,0.347,0.457,0.457,0.457,0.457,0.457,0.457,0.457,0.457,0.457,0.457,0.457,0.457,0.457,0.457,0.457,0.457,0.457,0.457,0.457,0.457,0.457,0.457,0.457,0.457
RGI60-19.01414,0.965,0.965,0.965,0.965,0.965,0.965,0.965,0.965,0.965,0.965,0.965,0.965,0.965,0.965,0.965,0.965,0.965,0.965,0.965,0.965,0.965,0.965,0.965,0.965,0.347,0.347,0.457,0.457,0.457,0.457,0.457,0.457,0.457,0.457,0.457,0.457,0.457,0.457,0.457,0.457,0.457,0.457,0.457,0.457,0.457,0.457,0.457,0.457,0.457,0.457
RGI60-19.01415,0.966,0.966,0.966,0.966,0.966,0.966,0.966,0.966,0.966,0.966,0.966,0.966,0.966,0.966,0.966,0.966,0.966,0.966,0.966,0.966,0.966,0.966,0.966,0.966,0.348,0.348,0.459,0.459,0.459,0.459,0.459,0.459,0.459,0.459,0.459,0.459,0.459,0.459,0.459,0.459,0.459,0.459,0.459,0.459,0.459,0.459,0.459,0.459,0.459,0.459
RGI60-19.01416,0.967,0.967,0.967,0.967,0.967,0.967,0.967,0.967,0.967,0.967,0.967,0.967,0.967,0.967,0.967,0.967,0.967,0.967,0.967,0.967,0.967,0.967,0.967,0.967,0.348,0.348,0.459,0.459,0.459,0.459,0.459,0.459,0.459,0.459,0.459,0.459,0.459,0.459,0.459,0.459,0.459,0.459,0.459,0.459,0.459,0.459,0.459,0.459,0.459,0.459
RGI60-19.01417,0.967,0.967,0.967,0.967,0.967,0.967,0.967,0.967,0.967,0.967,0.967,0.967,0.967,0.967,0.967,0.967,0.967,0.967,0.967,0.967,0.967,0.967,0.967,0.967,0.348,0.348,0.459,0.459,0.459,0.459,0.459,0.459,0.459,0.459,0.459,0.459,0.459,0.459,0.459,0.459,0.459,0.459,0.459,0.459,0.459,0.459,0.459,0.459,0.459,0.459
RGI60-19.01418,0.967,0.967,0.967,0.967,0.967,0.967,0.967,0.967,0.967,0.967,0.967,0.967,0.967,0.967,0.967,0.967,0.967,0.967,0.967,0.967,0.967,0.967,0.967,0.967,0.348,0.348,0.459,0.459,0.459,0.459,0.459,0.459,0.459,0.459,0.459,0.459,0.459,0.459,0.459,0.459,0.459,0.459,0.459,0.459,0.459,0.459,0.459,0.459,0.459,0.459
RGI60-19.01419,0.969,0.969,0.969,0.969,0.969,0.969,0.969,0.969,0.969,0.969,0.969,0.969,0.969,0.969,0.969,0.969,0.969,0.969,0.969,0.969,0.969,0.969,0.969,0.969,0.351,0.351,0.464,0.464,0.464,0.464,0.464,0.464,0.464,0.464,0.464,0.464,0.464,0.464,0.464,0.464,0.464,0.464,0.464,0.464,0.464,0.464,0.464,0.464,0.464,0.464
RGI60-19.01420,0.969,0.969,0.969,0.969,0.969,0.969,0.969,0.969,0.969,0.969,0.969,0.969,0.969,0.969,0.969,0.969,0.969,0.969,0.969,0.969,0.969,0.969,0.969,0.969,0.352,0.352,0.465,0.465,0.465,0.465,0.465,0.465,0.465,0.465,0.465,0.465,0.465,0.465,0.465,0.465,0.465,0.465,0.465,0.465,0.465,0.465,0.465,0.465,0.465,0.465
RGI60-19.01421,0.969,0.969,0.969,0.969,0.969,0.969,0.969,0.969,0.969,0.969,0.969,0.969,0.969,0.969,0.969,0.969,0.969,0.969,0.969,0.969,0.969,0.969,0.969,0.969,0.352,0.352,0.464,0.464,0.464,0.464,0.464,0.464,0.464,0.464,0.464,0.464,0.464,0.464,0.464,0.464,0.464,0.464,0.464,0.464,0.464,0.464,0.464,0.464,0.464,0.464
RGI60-19.01422,0.969,0.969,0.969,0.969,0.969,0.969,0.969,0.969,0.969,0.969,0.969,0.969,0.969,0.969,0.969,0.969,0.969,0.969,0.969,0.969,0.969,0.969,0.969,0.969,0.351,0.351,0.464,0.464,0.464,0.464,0.464,0.464,0.464,0.464,0.464,0.464,0.464,0.464,0.464,0.464,0.464,0.464,0.464,0.464,0.464,0.464,0.464,0.464,0.464,0.464
RGI60-19.01423,0.969,0.969,0.969,0.969,0.969,0.969,0.969,0.969,0.969,0.969,0.969,0.969,0.969,0.969,0.969,0.969,0.969,0.969,0.969,0.969,0.969,0.969,0.969,0.969,0.352,0.352,0.464,0.464,0.464,0.464,0.464,0.464,0.464,0.464,0.464,0.464,0.464,0.464,0.464,0.464,0.464,0.464,0.464,0.464,0.464,0.464,0.464,0.464,0.464,0.464
RGI60-19.01424,0.969,0.969,0.969,0.969,0.969,0.969,0.969,0.969,0.969,0.969,0.969,0.969,0.969,0.969,0.969,0.969,0.969,0.969,0.969,0.969,0.969,0.969,0.969,0.969,0.351,0.351,0.464,0.464,0.464,0.464,0.464,0.464,0.464,0.464,0.464,0.464,0.464,0.464,0.464,0.464,0.464,0.464,0.464,0.464,0.464,0.464,0.464,0.464,0.464,0.464
RGI60-19.01425,0.969,0.969,0.969,0.969,0.969,0.969,0.969,0.969,0.969,0.969,0.969,0.969,0.969,0.969,0.969,0.969,0.969,0.969,0.969,0.969,0.969,0.969,0.969,0.969,0.352,0.352,0.465,0.465,0.465,0.465,0.465,0.465,0.465,0.465,0.465,0.465,0.465,0.465,0.465,0.465,0.465,0.465,0.465,0.465,0.465,0.465,0.465,0.465,0.465,0.465
RGI60-19.01426,0.969,0.969,0.969,0.969,0.969,0.969,0.969,0.969,0.969,0.969,0.969,0.969,0.969,0.969,0.969,0.969,0.969,0.969,0.969,0.969,0.969,0.969,0.969,0.969,0.352,0.352,0.465,0.465,0.465,0.465,0.465,0.465,0.465,0.465,0.465,0.465,0.465,0.465,0.465,0.465,0.465,0.465,0.465,0.465,0.465,0.465,0.465,0.465,0.465,0.465
RGI60-19.01427,0.97,0.97,0.97,0.97,0.97,0.97,0.97,0.97,0.97,0.97,0.97,0.97,0.97,0.97,0.97,0.97,0.97,0.97,0.97,0.97,0.97,0.97,0.97,0.97,0.352,0.352,0.465,0.465,0.465,0.465,0.465,0.465,0.465,0.465,0.465,0.465,0.465,0.465,0.465,0.465,0.465,0.465,0.465,0.465,0.465,0.465,0.465,0.465,0.465,0.465
RGI60-19.01428,0.97,0.97,0.97,0.97,0.97,0.97,0.97,0.97,0.97,0.97,0.97,0.97,0.97,0.97,0.97,0.97,0.97,0.97,0.97,0.97,0.97,0.97,0.97,0.97,0.352,0.352,0.465,0.465,0.465,0.465,0.465,0.465,0.465,0.465,0.465,0.465,0.465,0.465,0.465,0.465,0.465,0.465,0.465,0.465,0.465,0.465,0.465,0.465,0.465,0.465
RGI60-19.01429,0.97,0.97,0.97,0.97,0.97,0.97,0.97,0.97,0.97,0.97,0.97,0.97,0.97,0.97,0.97,0.97,0.97,0.97,0.97,0.97,0.97,0.97,0.97,0.97,0.353,0.353,0.466,0.466,0.466,0.466,0.466,0.466,0.466,0.466,0.466,0.466,0.466,0.466,0.466,0.466,0.466,0.466,0.466,0.466,0.466,0.466,0.466,0.466,0.466,0.466
RGI60-19.01430,0.969,0.969,0.969,0.969,0.969,0.969,0.969,0.969,0.969,0.969,0.969,0.969,0.969,0.969,0.969,0.969,0.969,0.969,0.969,0.969,0.969,0.969,0.969,0.969,0.351,0.351,0.463,0.463,0.463,0.463,0.463,0.463,0.463,0.463,0.463,0.463,0.463,0.463,0.463,0.463,0.463,0.463,0.463,0.463,0.463,0.463,0.463,0.463,0.463,0.463
RGI60-19.01431,0.968,0.968,0.968,0.968,0.968,0.968,0.968,0.968,0.968,0.968,0.968,0.968,0.968,0.968,0.968,0.968,0.968,0.968,0.968,0.968,0.968,0.968,0.968,0.968,0.351,0.351,0.463,0.463,0.463,0.463,0.463,0.463,0.463,0.463,0.463,0.463,0.463,0.463,0.463,0.463,0.463,0.463,0.463,0.463,0.463,0.463,0.463,0.463,0.463,0.463
RGI60-19.01432,0.969,0.969,0.969,0.969,0.969,0.969,0.969,0.969,0.969,0.969,0.969,0.969,0.969,0.969,0.969,0.969,0.969,0.969,0.969,0.969,0.969,0.969,0.969,0.969,0.352,0.352,0.464,0.464,0.464,0.464,0.464,0.464,0.464,0.464,0.464,0.464,0.464,0.464,0.464,0.464,0.464,0.464,0.464,0.464,0.464,0.464,0.464,0.464,0.464,0.464
RGI60-19.01433,0.973,0.973,0.973,0.973,0.973,0.973,0.973,0.973,0.973,0.973,0.973,0.973,0.973,0.973,0.973,0.973,0.973,0.973,0.973,0.973,0.973,0.973,0.973,0.973,0.357,0.357,0.473,0.473,0.473,0.473,0.473,0.473,0.473,0.473,0.473,0.473,0.473,0.473,0.473,0.473,0.473,0.473,0.473,0.473,0.473,0.473,0.473,0.473,0.473,0.473
RGI60-19.01434,0.974,0.974,0.974,0.974,0.974,0.974,0.974,0.974,0.974,0.974,0.974,0.974,0.974,0.974,0.974,0.974,0.974,0.974,0.974,0.974,0.974,0.974,0.974,0.974,0.358,0.358,0.475,0.475,0.475,0.475,0.475,0.475,0.475,0.475,0.475,0.475,0.475,0.475,0.475,0.475,0.475,0.475,0.475,0.475,0.475,0.475,0.475,0.475,0.475,0.475
RGI60-19.01435,0.974,0.974,0.974,0.974,0.974,0.974,0.974,0.974,0.974,0.974,0.974,0.974,0.974,0.974,0.974,0.974,0.974,0.974,0.974,0.974,0.974,0.974,0.974,0.974,0.358,0.358,0.475,0.475,0.475,0.475,0.475,0.475,0.475,0.475,0.475,0.475,0.475,0.475,0.475,0.475,0.475,0.475,0.475,0.475,0.475,0.475,0.475,0.475,0.475,0.475
RGI60-19.01436,0.975,0.975,0.975,0.975,0.975,0.975,0.975,0.975,0.975,0.975,0.975,0.975,0.975,0.975,0.975,0.975,0.975,0.975,0.975,0.975,0.975,0.975,0.975,0.975,0.359,0.359,0.476,0.476,0.476,0.476,0.476,0.476,0.476,0.476,0.476,0.476,0.476,0.476,0.476,0.476,0.476,0.476,0.476,0.476,0.476,0.476,0.476,0.476,0.476,0.476
RGI60-19.01437,0.975,0.975,0.975,0.975,0.975,0.975,0.975,0.975,0.975,0.975,0.975,0.975,0.975,0.975,0.975,0.975,0.975,0.975,0.975,0.975,0.975,0.975,0.975,0.975,0.36,0.36,0.476,0.476,0.476,0.476,0.476,0.476,0.476,0.476,0.476,0.476,0.476,0.476,0.476,0.476,0.476,0.476,0.476,0.476,0.476,0.476,0.476,0.476,0.476,0.476
RGI60-19.01438,0.975,0.975,0.975,0.975,0.975,0.975,0.975,0.975,0.975,0.975,0.975,0.975,0.975,0.975,0.975,0.975,0.975,0.975,0.975,0.975,0.975,0.975,0.975,0.975,0.36,0.36,0.476,0.476,0.476,0.476,0.476,0.476,0.476,0.476,0.476,0.476,0.476,0.476,0.476,0.476,0.476,0.476,0.476,0.476,0.476,0.476,0.476,0.476,0.476,0.476
RGI60-19.01439,0.975,0.975,0.975,0.975,0.975,0.975,0.975,0.975,0.975,0.975,0.975,0.975,0.975,0.975,0.975,0.975,0.975,0.975,0.975,0.975,0.975,0.975,0.975,0.975,0.36,0.36,0.476,0.476,0.476,0.476,0.476,0.476,0.476,0.476,0.476,0.476,0.476,0.476,0.476,0.476,0.476,0.476,0.476,0.476,0.476,0.476,0.476,0.476,0.476,0.476
RGI60-19.01440,0.975,0.975,0.975,0.975,0.975,0.975,0.975,0.975,0.975,0.975,0.975,0.975,0.975,0.975,0.975,0.975,0.975,0.975,0.975,0.975,0.975,0.975,0.975,0.975,0.36,0.36,0.476,0.476,0.476,0.476,0.476,0.476,0.476,0.476,0.476,0.476,0.476,0.476,0.476,0.476,0.476,0.476,0.476,0.476,0.476,0.476,0.476,0.476,0.476,0.476
RGI60-19.01441,0.977,0.977,0.977,0.977,0.977,0.977,0.977,0.977,0.977,0.977,0.977,0.977,0.977,0.977,0.977,0.977,0.977,0.977,0.977,0.977,0.977,0.977,0.977,0.977,0.363,0.363,0.481,0.481,0.481,0.481,0.481,0.481,0.481,0.481,0.481,0.481,0.481,0.481,0.481,0.481,0.481,0.481,0.481,0.481,0.481,0.481,0.481,0.481,0.481,0.481
RGI60-19.01442,0.945,0.945,0.945,0.945,0.945,0.945,0.945,0.945,0.945,0.945,0.945,0.945,0.945,0.945,0.945,0.945,0.945,0.945,0.945,0.945,0.945,0.945,0.945,0.945,0.315,0.315,0.409,0.409,0.409,0.409,0.409,0.409,0.409,0.409,0.409,0.409,0.409,0.409,0.409,0.409,0.409,0.409,0.409,0.409,0.409,0.409,0.409,0.409,0.409,0.409
RGI60-19.01443,0.977,0.977,0.977,0.977,0.977,0.977,0.977,0.977,0.977,0.977,0.977,0.977,0.977,0.977,0.977,0.977,0.977,0.977,0.977,0.977,0.977,0.977,0.977,0.977,0.363,0.363,0.481,0.481,0.481,0.481,0.481,0.481,0.481,0.481,0.481,0.481,0.481,0.481,0.481,0.481,0.481,0.481,0.481,0.481,0.481,0.481,0.481,0.481,0.481,0.481
RGI60-19.01444,0.977,0.977,0.977,0.977,0.977,0.977,0.977,0.977,0.977,0.977,0.977,0.977,0.977,0.977,0.977,0.977,0.977,0.977,0.977,0.977,0.977,0.977,0.977,0.977,0.363,0.363,0.481,0.481,0.481,0.481,0.481,0.481,0.481,0.481,0.481,0.481,0.481,0.481,0.481,0.481,0.481,0.481,0.481,0.481,0.481,0.481,0.481,0.481,0.481,0.481
RGI60-19.01445,0.945,0.945,0.945,0.945,0.945,0.945,0.945,0.945,0.945,0.945,0.945,0.945,0.945,0.945,0.945,0.945,0.945,0.945,0.945,0.945,0.945,0.945,0.945,0.945,0.315,0.315,0.409,0.409,0.409,0.409,0.409,0.409,0.409,0.409,0.409,0.409,0.409,0.409,0.409,0.409,0.409,0.409,0.409,0.409,0.409,0.409,0.409,0.409,0.409,0.409
RGI60-19.01446,0.945,0.945,0.945,0.945,0.945,0.945,0.945,0.945,0.945,0.945,0.945,0.945,0.945,0.945,0.945,0.945,0.945,0.945,0.945,0.945,0.945,0.945,0.945,0.945,0.315,0.315,0.409,0.409,0.409,0.409,0.409,0.409,0.409,0.409,0.409,0.409,0.409,0.409,0.409,0.409,0.409,0.409,0.409,0.409,0.409,0.409,0.409,0.409,0.409,0.409
RGI60-19.01447,0.977,0.977,0.977,0.977,0.977,0.977,0.977,0.977,0.977,0.977,0.977,0.977,0.977,0.977,0.977,0.977,0.977,0.977,0.977,0.977,0.977,0.977,0.977,0.977,0.363,0.363,0.481,0.481,0.481,0.481,0.481,0.481,0.481,0.481,0.481,0.481,0.481,0.481,0.481,0.481,0.481,0.481,0.481,0.481,0.481,0.481,0.481,0.481,0.481,0.481
RGI60-19.01448,0.945,0.945,0.945,0.945,0.945,0.945,0.945,0.945,0.945,0.945,0.945,0.945,0.945,0.945,0.945,0.945,0.945,0.945,0.945,0.945,0.945,0.945,0.945,0.945,0.315,0.315,0.409,0.409,0.409,0.409,0.409,0.409,0.409,0.409,0.409,0.409,0.409,0.409,0.409,0.409,0.409,0.409,0.409,0.409,0.409,0.409,0.409,0.409,0.409,0.409
RGI60-19.01449,0.977,0.977,0.977,0.977,0.977,0.977,0.977,0.977,0.977,0.977,0.977,0.977,0.977,0.977,0.977,0.977,0.977,0.977,0.977,0.977,0.977,0.977,0.977,0.977,0.363,0.363,0.481,0.481,0.481,0.481,0.481,0.481,0.481,0.481,0.481,0.481,0.481,0.481,0.481,0.481,0.481,0.481,0.481,0.481,0.481,0.481,0.481,0.481,0.481,0.481
RGI60-19.01450,0.977,0.977,0.977,0.977,0.977,0.977,0.977,0.977,0.977,0.977,0.977,0.977,0.977,0.977,0.977,0.977,0.977,0.977,0.977,0.977,0.977,0.977,0.977,0.977,0.363,0.363,0.481,0.481,0.481,0.481,0.481,0.481,0.481,0.481,0.481,0.481,0.481,0.481,0.481,0.481,0.481,0.481,0.481,0.481,0.481,0.481,0.481,0.481,0.481,0.481
RGI60-19.01451,0.945,0.945,0.945,0.945,0.945,0.945,0.945,0.945,0.945,0.945,0.945,0.945,0.945,0.945,0.945,0.945,0.945,0.945,0.945,0.945,0.945,0.945,0.945,0.945,0.315,0.315,0.409,0.409,0.409,0.409,0.409,0.409,0.409,0.409,0.409,0.409,0.409,0.409,0.409,0.409,0.409,0.409,0.409,0.409,0.409,0.409,0.409,0.409,0.409,0.409
RGI60-19.01452,0.945,0.945,0.945,0.945,0.945,0.945,0.945,0.945,0.945,0.945,0.945,0.945,0.945,0.945,0.945,0.945,0.945,0.945,0.945,0.945,0.945,0.945,0.945,0.945,0.315,0.315,0.409,0.409,0.409,0.409,0.409,0.409,0.409,0.409,0.409,0.409,0.409,0.409,0.409,0.409,0.409,0.409,0.409,0.409,0.409,0.409,0.409,0.409,0.409,0.409
RGI60-19.01453,0.945,0.945,0.945,0.945,0.945,0.945,0.945,0.945,0.945,0.945,0.945,0.945,0.945,0.945,0.945,0.945,0.945,0.945,0.945,0.945,0.945,0.945,0.945,0.945,0.315,0.315,0.409,0.409,0.409,0.409,0.409,0.409,0.409,0.409,0.409,0.409,0.409,0.409,0.409,0.409,0.409,0.409,0.409,0.409,0.409,0.409,0.409,0.409,0.409,0.409
RGI60-19.01454,0.977,0.977,0.977,0.977,0.977,0.977,0.977,0.977,0.977,0.977,0.977,0.977,0.977,0.977,0.977,0.977,0.977,0.977,0.977,0.977,0.977,0.977,0.977,0.977,0.363,0.363,0.481,0.481,0.481,0.481,0.481,0.481,0.481,0.481,0.481,0.481,0.481,0.481,0.481,0.481,0.481,0.481,0.481,0.481,0.481,0.481,0.481,0.481,0.481,0.481
RGI60-19.01455,0.977,0.977,0.977,0.977,0.977,0.977,0.977,0.977,0.977,0.977,0.977,0.977,0.977,0.977,0.977,0.977,0.977,0.977,0.977,0.977,0.977,0.977,0.977,0.977,0.363,0.363,0.481,0.481,0.481,0.481,0.481,0.481,0.481,0.481,0.481,0.481,0.481,0.481,0.481,0.481,0.481,0.481,0.481,0.481,0.481,0.481,0.481,0.481,0.481,0.481
RGI60-19.01456,0.977,0.977,0.977,0.977,0.977,0.977,0.977,0.977,0.977,0.977,0.977,0.977,0.977,0.977,0.977,0.977,0.977,0.977,0.977,0.977,0.977,0.977,0.977,0.977,0.363,0.363,0.481,0.481,0.481,0.481,0.481,0.481,0.481,0.481,0.481,0.481,0.481,0.481,0.481,0.481,0.481,0.481,0.481,0.481,0.481,0.481,0.481,0.481,0.481,0.481
RGI60-19.01457,0.977,0.977,0.977,0.977,0.977,0.977,0.977,0.977,0.977,0.977,0.977,0.977,0.977,0.977,0.977,0.977,0.977,0.977,0.977,0.977,0.977,0.977,0.977,0.977,0.363,0.363,0.481,0.481,0.481,0.481,0.481,0.481,0.481,0.481,0.481,0.481,0.481,0.481,0.481,0.481,0.481,0.481,0.481,0.481,0.481,0.481,0.481,0.481,0.481,0.481
RGI60-19.01458,0.945,0.945,0.945,0.945,0.945,0.945,0.945,0.945,0.945,0.945,0.945,0.945,0.945,0.945,0.945,0.945,0.945,0.945,0.945,0.945,0.945,0.945,0.945,0.945,0.315,0.315,0.409,0.409,0.409,0.409,0.409,0.409,0.409,0.409,0.409,0.409,0.409,0.409,0.409,0.409,0.409,0.409,0.409,0.409,0.409,0.409,0.409,0.409,0.409,0.409
RGI60-19.01459,0.977,0.977,0.977,0.977,0.977,0.977,0.977,0.977,0.977,0.977,0.977,0.977,0.977,0.977,0.977,0.977,0.977,0.977,0.977,0.977,0.977,0.977,0.977,0.977,0.363,0.363,0.481,0.481,0.481,0.481,0.481,0.481,0.481,0.481,0.481,0.481,0.481,0.481,0.481,0.481,0.481,0.481,0.481,0.481,0.481,0.481,0.481,0.481,0.481,0.481
RGI60-19.01460,0.977,0.977,0.977,0.977,0.977,0.977,0.977,0.977,0.977,0.977,0.977,0.977,0.977,0.977,0.977,0.977,0.977,0.977,0.977,0.977,0.977,0.977,0.977,0.977,0.363,0.363,0.481,0.481,0.481,0.481,0.481,0.481,0.481,0.481,0.481,0.481,0.481,0.481,0.481,0.481,0.481,0.481,0.481,0.481,0.481,0.481,0.481,0.481,0.481,0.481
RGI60-19.01461,0.945,0.945,0.945,0.945,0.945,0.945,0.945,0.945,0.945,0.945,0.945,0.945,0.945,0.945,0.945,0.945,0.945,0.945,0.945,0.945,0.945,0.945,0.945,0.945,0.315,0.315,0.409,0.409,0.409,0.409,0.409,0.409,0.409,0.409,0.409,0.409,0.409,0.409,0.409,0.409,0.409,0.409,0.409,0.409,0.409,0.409,0.409,0.409,0.409,0.409
RGI60-19.01462,0.977,0.977,0.977,0.977,0.977,0.977,0.977,0.977,0.977,0.977,0.977,0.977,0.977,0.977,0.977,0.977,0.977,0.977,0.977,0.977,0.977,0.977,0.977,0.977,0.363,0.363,0.481,0.481,0.481,0.481,0.481,0.481,0.481,0.481,0.481,0.481,0.481,0.481,0.481,0.481,0.481,0.481,0.481,0.481,0.481,0.481,0.481,0.481,0.481,0.481
RGI60-19.01463,0.945,0.945,0.945,0.945,0.945,0.945,0.945,0.945,0.945,0.945,0.945,0.945,0.945,0.945,0.945,0.945,0.945,0.945,0.945,0.945,0.945,0.945,0.945,0.945,0.315,0.315,0.409,0.409,0.409,0.409,0.409,0.409,0.409,0.409,0.409,0.409,0.409,0.409,0.409,0.409,0.409,0.409,0.409,0.409,0.409,0.409,0.409,0.409,0.409,0.409
RGI60-19.01464,0.977,0.977,0.977,0.977,0.977,0.977,0.977,0.977,0.977,0.977,0.977,0.977,0.977,0.977,0.977,0.977,0.977,0.977,0.977,0.977,0.977,0.977,0.977,0.977,0.362,0.362,0.481,0.481,0.481,0.481,0.481,0.481,0.481,0.481,0.481,0.481,0.481,0.481,0.481,0.481,0.481,0.481,0.481,0.481,0.481,0.481,0.481,0.481,0.481,0.481
RGI60-19.01465,0.977,0.977,0.977,0.977,0.977,0.977,0.977,0.977,0.977,0.977,0.977,0.977,0.977,0.977,0.977,0.977,0.977,0.977,0.977,0.977,0.977,0.977,0.977,0.977,0.362,0.362,0.481,0.481,0.481,0.481,0.481,0.481,0.481,0.481,0.481,0.481,0.481,0.481,0.481,0.481,0.481,0.481,0.481,0.481,0.481,0.481,0.481,0.481,0.481,0.481
RGI60-19.01466,0.945,0.945,0.945,0.945,0.945,0.945,0.945,0.945,0.945,0.945,0.945,0.945,0.945,0.945,0.945,0.945,0.945,0.945,0.945,0.945,0.945,0.945,0.945,0.945,0.315,0.315,0.409,0.409,0.409,0.409,0.409,0.409,0.409,0.409,0.409,0.409,0.409,0.409,0.409,0.409,0.409,0.409,0.409,0.409,0.409,0.409,0.409,0.409,0.409,0.409
RGI60-19.01467,0.977,0.977,0.977,0.977,0.977,0.977,0.977,0.977,0.977,0.977,0.977,0.977,0.977,0.977,0.977,0.977,0.977,0.977,0.977,0.977,0.977,0.977,0.977,0.977,0.362,0.362,0.481,0.481,0.481,0.481,0.481,0.481,0.481,0.481,0.481,0.481,0.481,0.481,0.481,0.481,0.481,0.481,0.481,0.481,0.481,0.481,0.481,0.481,0.481,0.481
RGI60-19.01468,0.977,0.977,0.977,0.977,0.977,0.977,0.977,0.977,0.977,0.977,0.977,0.977,0.977,0.977,0.977,0.977,0.977,0.977,0.977,0.977,0.977,0.977,0.977,0.977,0.362,0.362,0.481,0.481,0.481,0.481,0.481,0.481,0.481,0.481,0.481,0.481,0.481,0.481,0.481,0.481,0.481,0.481,0.481,0.481,0.481,0.481,0.481,0.481,0.481,0.481
RGI60-19.01469,0.977,0.977,0.977,0.977,0.977,0.977,0.977,0.977,0.977,0.977,0.977,0.977,0.977,0.977,0.977,0.977,0.977,0.977,0.977,0.977,0.977,0.977,0.977,0.977,0.362,0.362,0.481,0.481,0.481,0.481,0.481,0.481,0.481,0.481,0.481,0.481,0.481,0.481,0.481,0.481,0.481,0.481,0.481,0.481,0.481,0.481,0.481,0.481,0.481,0.481
RGI60-19.01470,0.977,0.977,0.977,0.977,0.977,0.977,0.977,0.977,0.977,0.977,0.977,0.977,0.977,0.977,0.977,0.977,0.977,0.977,0.977,0.977,0.977,0.977,0.977,0.977,0.362,0.362,0.481,0.481,0.481,0.481,0.481,0.481,0.481,0.481,0.481,0.481,0.481,0.481,0.481,0.481,0.481,0.481,0.481,0.481,0.481,0.481,0.481,0.481,0.481,0.481
RGI60-19.01471,0.977,0.977,0.977,0.977,0.977,0.977,0.977,0.977,0.977,0.977,0.977,0.977,0.977,0.977,0.977,0.977,0.977,0.977,0.977,0.977,0.977,0.977,0.977,0.977,0.362,0.362,0.481,0.481,0.481,0.481,0.481,0.481,0.481,0.481,0.481,0.481,0.481,0.481,0.481,0.481,0.481,0.481,0.481,0.481,0.481,0.481,0.481,0.481,0.481,0.481
RGI60-19.01472,0.945,0.945,0.945,0.945,0.945,0.945,0.945,0.945,0.945,0.945,0.945,0.945,0.945,0.945,0.945,0.945,0.945,0.945,0.945,0.945,0.945,0.945,0.945,0.945,0.315,0.315,0.409,0.409,0.409,0.409,0.409,0.409,0.409,0.409,0.409,0.409,0.409,0.409,0.409,0.409,0.409,0.409,0.409,0.409,0.409,0.409,0.409,0.409,0.409,0.409
RGI60-19.01473,0.977,0.977,0.977,0.977,0.977,0.977,0.977,0.977,0.977,0.977,0.977,0.977,0.977,0.977,0.977,0.977,0.977,0.977,0.977,0.977,0.977,0.977,0.977,0.977,0.362,0.362,0.481,0.481,0.481,0.481,0.481,0.481,0.481,0.481,0.481,0.481,0.481,0.481,0.481,0.481,0.481,0.481,0.481,0.481,0.481,0.481,0.481,0.481,0.481,0.481
RGI60-19.01474,0.977,0.977,0.977,0.977,0.977,0.977,0.977,0.977,0.977,0.977,0.977,0.977,0.977,0.977,0.977,0.977,0.977,0.977,0.977,0.977,0.977,0.977,0.977,0.977,0.362,0.362,0.481,0.481,0.481,0.481,0.481,0.481,0.481,0.481,0.481,0.481,0.481,0.481,0.481,0.481,0.481,0.481,0.481,0.481,0.481,0.481,0.481,0.481,0.481,0.481
RGI60-19.01475,0.945,0.945,0.945,0.945,0.945,0.945,0.945,0.945,0.945,0.945,0.945,0.945,0.945,0.945,0.945,0.945,0.945,0.945,0.945,0.945,0.945,0.945,0.945,0.945,0.315,0.315,0.409,0.409,0.409,0.409,0.409,0.409,0.409,0.409,0.409,0.409,0.409,0.409,0.409,0.409,0.409,0.409,0.409,0.409,0.409,0.409,0.409,0.409,0.409,0.409
RGI60-19.01476,0.945,0.945,0.945,0.945,0.945,0.945,0.945,0.945,0.945,0.945,0.945,0.945,0.945,0.945,0.945,0.945,0.945,0.945,0.945,0.945,0.945,0.945,0.945,0.945,0.315,0.315,0.409,0.409,0.409,0.409,0.409,0.409,0.409,0.409,0.409,0.409,0.409,0.409,0.409,0.409,0.409,0.409,0.409,0.409,0.409,0.409,0.409,0.409,0.409,0.409
RGI60-19.01477,0.945,0.945,0.945,0.945,0.945,0.945,0.945,0.945,0.945,0.945,0.945,0.945,0.945,0.945,0.945,0.945,0.945,0.945,0.945,0.945,0.945,0.945,0.945,0.945,0.315,0.315,0.409,0.409,0.409,0.409,0.409,0.409,0.409,0.409,0.409,0.409,0.409,0.409,0.409,0.409,0.409,0.409,0.409,0.409,0.409,0.409,0.409,0.409,0.409,0.409
RGI60-19.01478,0.977,0.977,0.977,0.977,0.977,0.977,0.977,0.977,0.977,0.977,0.977,0.977,0.977,0.977,0.977,0.977,0.977,0.977,0.977,0.977,0.977,0.977,0.977,0.977,0.362,0.362,0.481,0.481,0.481,0.481,0.481,0.481,0.481,0.481,0.481,0.481,0.481,0.481,0.481,0.481,0.481,0.481,0.481,0.481,0.481,0.481,0.481,0.481,0.481,0.481
RGI60-19.01479,0.945,0.945,0.945,0.945,0.945,0.945,0.945,0.945,0.945,0.945,0.945,0.945,0.945,0.945,0.945,0.945,0.945,0.945,0.945,0.945,0.945,0.945,0.945,0.945,0.315,0.315,0.409,0.409,0.409,0.409,0.409,0.409,0.409,0.409,0.409,0.409,0.409,0.409,0.409,0.409,0.409,0.409,0.409,0.409,0.409,0.409,0.409,0.409,0.409,0.409
RGI60-19.01480,0.977,0.977,0.977,0.977,0.977,0.977,0.977,0.977,0.977,0.977,0.977,0.977,0.977,0.977,0.977,0.977,0.977,0.977,0.977,0.977,0.977,0.977,0.977,0.977,0.362,0.362,0.481,0.481,0.481,0.481,0.481,0.481,0.481,0.481,0.481,0.481,0.481,0.481,0.481,0.481,0.481,0.481,0.481,0.481,0.481,0.481,0.481,0.481,0.481,0.481
RGI60-19.01481,0.977,0.977,0.977,0.977,0.977,0.977,0.977,0.977,0.977,0.977,0.977,0.977,0.977,0.977,0.977,0.977,0.977,0.977,0.977,0.977,0.977,0.977,0.977,0.977,0.362,0.362,0.481,0.481,0.481,0.481,0.481,0.481,0.481,0.481,0.481,0.481,0.481,0.481,0.481,0.481,0.481,0.481,0.481,0.481,0.481,0.481,0.481,0.481,0.481,0.481
RGI60-19.01482,0.977,0.977,0.977,0.977,0.977,0.977,0.977,0.977,0.977,0.977,0.977,0.977,0.977,0.977,0.977,0.977,0.977,0.977,0.977,0.977,0.977,0.977,0.977,0.977,0.362,0.362,0.481,0.481,0.481,0.481,0.481,0.481,0.481,0.481,0.481,0.481,0.481,0.481,0.481,0.481,0.481,0.481,0.481,0.481,0.481,0.481,0.481,0.481,0.481,0.481
RGI60-19.01483,0.977,0.977,0.977,0.977,0.977,0.977,0.977,0.977,0.977,0.977,0.977,0.977,0.977,0.977,0.977,0.977,0.977,0.977,0.977,0.977,0.977,0.977,0.977,0.977,0.362,0.362,0.481,0.481,0.481,0.481,0.481,0.481,0.481,0.481,0.481,0.481,0.481,0.481,0.481,0.481,0.481,0.481,0.481,0.481,0.481,0.481,0.481,0.481,0.481,0.481
RGI60-19.01484,0.945,0.945,0.945,0.945,0.945,0.945,0.945,0.945,0.945,0.945,0.945,0.945,0.945,0.945,0.945,0.945,0.945,0.945,0.945,0.945,0.945,0.945,0.945,0.945,0.315,0.315,0.409,0.409,0.409,0.409,0.409,0.409,0.409,0.409,0.409,0.409,0.409,0.409,0.409,0.409,0.409,0.409,0.409,0.409,0.409,0.409,0.409,0.409,0.409,0.409
RGI60-19.01485,0.977,0.977,0.977,0.977,0.977,0.977,0.977,0.977,0.977,0.977,0.977,0.977,0.977,0.977,0.977,0.977,0.977,0.977,0.977,0.977,0.977,0.977,0.977,0.977,0.362,0.362,0.481,0.481,0.481,0.481,0.481,0.481,0.481,0.481,0.481,0.481,0.481,0.481,0.481,0.481,0.481,0.481,0.481,0.481,0.481,0.481,0.481,0.481,0.481,0.481
RGI60-19.01486,0.976,0.976,0.976,0.976,0.976,0.976,0.976,0.976,0.976,0.976,0.976,0.976,0.976,0.976,0.976,0.976,0.976,0.976,0.976,0.976,0.976,0.976,0.976,0.976,0.361,0.361,0.478,0.478,0.478,0.478,0.478,0.478,0.478,0.478,0.478,0.478,0.478,0.478,0.478,0.478,0.478,0.478,0.478,0.478,0.478,0.478,0.478,0.478,0.478,0.478
RGI60-19.01487,0.976,0.976,0.976,0.976,0.976,0.976,0.976,0.976,0.976,0.976,0.976,0.976,0.976,0.976,0.976,0.976,0.976,0.976,0.976,0.976,0.976,0.976,0.976,0.976,0.361,0.361,0.478,0.478,0.478,0.478,0.478,0.478,0.478,0.478,0.478,0.478,0.478,0.478,0.478,0.478,0.478,0.478,0.478,0.478,0.478,0.478,0.478,0.478,0.478,0.478
RGI60-19.01488,0.976,0.976,0.976,0.976,0.976,0.976,0.976,0.976,0.976,0.976,0.976,0.976,0.976,0.976,0.976,0.976,0.976,0.976,0.976,0.976,0.976,0.976,0.976,0.976,0.361,0.361,0.479,0.479,0.479,0.479,0.479,0.479,0.479,0.479,0.479,0.479,0.479,0.479,0.479,0.479,0.479,0.479,0.479,0.479,0.479,0.479,0.479,0.479,0.479,0.479
RGI60-19.01489,0.977,0.977,0.977,0.977,0.977,0.977,0.977,0.977,0.977,0.977,0.977,0.977,0.977,0.977,0.977,0.977,0.977,0.977,0.977,0.977,0.977,0.977,0.977,0.977,0.362,0.362,0.48,0.48,0.48,0.48,0.48,0.48,0.48,0.48,0.48,0.48,0.48,0.48,0.48,0.48,0.48,0.48,0.48,0.48,0.48,0.48,0.48,0.48,0.48,0.48
RGI60-19.01490,0.977,0.977,0.977,0.977,0.977,0.977,0.977,0.977,0.977,0.977,0.977,0.977,0.977,0.977,0.977,0.977,0.977,0.977,0.977,0.977,0.977,0.977,0.977,0.977,0.362,0.362,0.48,0.48,0.48,0.48,0.48,0.48,0.48,0.48,0.48,0.48,0.48,0.48,0.48,0.48,0.48,0.48,0.48,0.48,0.48,0.48,0.48,0.48,0.48,0.48
RGI60-19.01491,0.977,0.977,0.977,0.977,0.977,0.977,0.977,0.977,0.977,0.977,0.977,0.977,0.977,0.977,0.977,0.977,0.977,0.977,0.977,0.977,0.977,0.977,0.977,0.977,0.362,0.362,0.48,0.48,0.48,0.48,0.48,0.48,0.48,0.48,0.48,0.48,0.48,0.48,0.48,0.48,0.48,0.48,0.48,0.48,0.48,0.48,0.48,0.48,0.48,0.48
RGI60-19.01492,0.977,0.977,0.977,0.977,0.977,0.977,0.977,0.977,0.977,0.977,0.977,0.977,0.977,0.977,0.977,0.977,0.977,0.977,0.977,0.977,0.977,0.977,0.977,0.977,0.362,0.362,0.48,0.48,0.48,0.48,0.48,0.48,0.48,0.48,0.48,0.48,0.48,0.48,0.48,0.48,0.48,0.48,0.48,0.48,0.48,0.48,0.48,0.48,0.48,0.48
RGI60-19.01493,0.977,0.977,0.977,0.977,0.977,0.977,0.977,0.977,0.977,0.977,0.977,0.977,0.977,0.977,0.977,0.977,0.977,0.977,0.977,0.977,0.977,0.977,0.977,0.977,0.362,0.362,0.48,0.48,0.48,0.48,0.48,0.48,0.48,0.48,0.48,0.48,0.48,0.48,0.48,0.48,0.48,0.48,0.48,0.48,0.48,0.48,0.48,0.48,0.48,0.48
RGI60-19.01494,0.945,0.945,0.945,0.945,0.945,0.945,0.945,0.945,0.945,0.945,0.945,0.945,0.945,0.945,0.945,0.945,0.945,0.945,0.945,0.945,0.945,0.945,0.945,0.945,0.315,0.315,0.409,0.409,0.409,0.409,0.409,0.409,0.409,0.409,0.409,0.409,0.409,0.409,0.409,0.409,0.409,0.409,0.409,0.409,0.409,0.409,0.409,0.409,0.409,0.409
RGI60-19.01495,0.945,0.945,0.945,0.945,0.945,0.945,0.945,0.945,0.945,0.945,0.945,0.945,0.945,0.945,0.945,0.945,0.945,0.945,0.945,0.945,0.945,0.945,0.945,0.945,0.315,0.315,0.409,0.409,0.409,0.409,0.409,0.409,0.409,0.409,0.409,0.409,0.409,0.409,0.409,0.409,0.409,0.409,0.409,0.409,0.409,0.409,0.409,0.409,0.409,0.409
RGI60-19.01496,0.945,0.945,0.945,0.945,0.945,0.945,0.945,0.945,0.945,0.945,0.945,0.945,0.945,0.945,0.945,0.945,0.945,0.945,0.945,0.945,0.945,0.945,0.945,0.945,0.315,0.315,0.409,0.409,0.409,0.409,0.409,0.409,0.409,0.409,0.409,0.409,0.409,0.409,0.409,0.409,0.409,0.409,0.409,0.409,0.409,0.409,0.409,0.409,0.409,0.409
RGI60-19.01497,0.945,0.945,0.945,0.945,0.945,0.945,0.945,0.945,0.945,0.945,0.945,0.945,0.945,0.945,0.945,0.945,0.945,0.945,0.945,0.945,0.945,0.945,0.945,0.945,0.315,0.315,0.409,0.409,0.409,0.409,0.409,0.409,0.409,0.409,0.409,0.409,0.409,0.409,0.409,0.409,0.409,0.409,0.409,0.409,0.409,0.409,0.409,0.409,0.409,0.409
RGI60-19.01498,0.977,0.977,0.977,0.977,0.977,0.977,0.977,0.977,0.977,0.977,0.977,0.977,0.977,0.977,0.977,0.977,0.977,0.977,0.977,0.977,0.977,0.977,0.977,0.977,0.362,0.362,0.48,0.48,0.48,0.48,0.48,0.48,0.48,0.48,0.48,0.48,0.48,0.48,0.48,0.48,0.48,0.48,0.48,0.48,0.48,0.48,0.48,0.48,0.48,0.48
RGI60-19.01499,0.977,0.977,0.977,0.977,0.977,0.977,0.977,0.977,0.977,0.977,0.977,0.977,0.977,0.977,0.977,0.977,0.977,0.977,0.977,0.977,0.977,0.977,0.977,0.977,0.362,0.362,0.48,0.48,0.48,0.48,0.48,0.48,0.48,0.48,0.48,0.48,0.48,0.48,0.48,0.48,0.48,0.48,0.48,0.48,0.48,0.48,0.48,0.48,0.48,0.48
RGI60-19.01500,0.977,0.977,0.977,0.977,0.977,0.977,0.977,0.977,0.977,0.977,0.977,0.977,0.977,0.977,0.977,0.977,0.977,0.977,0.977,0.977,0.977,0.977,0.977,0.977,0.362,0.362,0.48,0.48,0.48,0.48,0.48,0.48,0.48,0.48,0.48,0.48,0.48,0.48,0.48,0.48,0.48,0.48,0.48,0.48,0.48,0.48,0.48,0.48,0.48,0.48
RGI60-19.01501,0.955,0.955,0.955,0.955,0.955,0.955,0.955,0.955,0.955,0.955,0.955,0.955,0.955,0.955,0.955,0.955,0.955,0.955,0.955,0.955,0.955,0.955,0.955,0.955,0.33,0.33,0.433,0.433,0.433,0.433,0.433,0.433,0.433,0.433,0.433,0.433,0.433,0.433,0.433,0.433,0.433,0.433,0.433,0.433,0.433,0.433,0.433,0.433,0.433,0.433
RGI60-19.01502,0.945,0.945,0.945,0.945,0.945,0.945,0.945,0.945,0.945,0.945,0.945,0.945,0.945,0.945,0.945,0.945,0.945,0.945,0.945,0.945,0.945,0.945,0.945,0.945,0.315,0.315,0.409,0.409,0.409,0.409,0.409,0.409,0.409,0.409,0.409,0.409,0.409,0.409,0.409,0.409,0.409,0.409,0.409,0.409,0.409,0.409,0.409,0.409,0.409,0.409
RGI60-19.01503,0.945,0.945,0.945,0.945,0.945,0.945,0.945,0.945,0.945,0.945,0.945,0.945,0.945,0.945,0.945,0.945,0.945,0.945,0.945,0.945,0.945,0.945,0.945,0.945,0.315,0.315,0.409,0.409,0.409,0.409,0.409,0.409,0.409,0.409,0.409,0.409,0.409,0.409,0.409,0.409,0.409,0.409,0.409,0.409,0.409,0.409,0.409,0.409,0.409,0.409
RGI60-19.01504,0.945,0.945,0.945,0.945,0.945,0.945,0.945,0.945,0.945,0.945,0.945,0.945,0.945,0.945,0.945,0.945,0.945,0.945,0.945,0.945,0.945,0.945,0.945,0.945,0.315,0.315,0.409,0.409,0.409,0.409,0.409,0.409,0.409,0.409,0.409,0.409,0.409,0.409,0.409,0.409,0.409,0.409,0.409,0.409,0.409,0.409,0.409,0.409,0.409,0.409
RGI60-19.01505,0.945,0.945,0.945,0.945,0.945,0.945,0.945,0.945,0.945,0.945,0.945,0.945,0.945,0.945,0.945,0.945,0.945,0.945,0.945,0.945,0.945,0.945,0.945,0.945,0.315,0.315,0.409,0.409,0.409,0.409,0.409,0.409,0.409,0.409,0.409,0.409,0.409,0.409,0.409,0.409,0.409,0.409,0.409,0.409,0.409,0.409,0.409,0.409,0.409,0.409
RGI60-19.01506,0.945,0.945,0.945,0.945,0.945,0.945,0.945,0.945,0.945,0.945,0.945,0.945,0.945,0.945,0.945,0.945,0.945,0.945,0.945,0.945,0.945,0.945,0.945,0.945,0.315,0.315,0.409,0.409,0.409,0.409,0.409,0.409,0.409,0.409,0.409,0.409,0.409,0.409,0.409,0.409,0.409,0.409,0.409,0.409,0.409,0.409,0.409,0.409,0.409,0.409
RGI60-19.01507,0.945,0.945,0.945,0.945,0.945,0.945,0.945,0.945,0.945,0.945,0.945,0.945,0.945,0.945,0.945,0.945,0.945,0.945,0.945,0.945,0.945,0.945,0.945,0.945,0.315,0.315,0.409,0.409,0.409,0.409,0.409,0.409,0.409,0.409,0.409,0.409,0.409,0.409,0.409,0.409,0.409,0.409,0.409,0.409,0.409,0.409,0.409,0.409,0.409,0.409
RGI60-19.01508,0.945,0.945,0.945,0.945,0.945,0.945,0.945,0.945,0.945,0.945,0.945,0.945,0.945,0.945,0.945,0.945,0.945,0.945,0.945,0.945,0.945,0.945,0.945,0.945,0.315,0.315,0.409,0.409,0.409,0.409,0.409,0.409,0.409,0.409,0.409,0.409,0.409,0.409,0.409,0.409,0.409,0.409,0.409,0.409,0.409,0.409,0.409,0.409,0.409,0.409
RGI60-19.01509,0.954,0.954,0.954,0.954,0.954,0.954,0.954,0.954,0.954,0.954,0.954,0.954,0.954,0.954,0.954,0.954,0.954,0.954,0.954,0.954,0.954,0.954,0.954,0.954,0.329,0.329,0.433,0.433,0.433,0.433,0.433,0.433,0.433,0.433,0.433,0.433,0.433,0.433,0.433,0.433,0.433,0.433,0.433,0.433,0.433,0.433,0.433,0.433,0.433,0.433
RGI60-19.01510,0.945,0.945,0.945,0.945,0.945,0.945,0.945,0.945,0.945,0.945,0.945,0.945,0.945,0.945,0.945,0.945,0.945,0.945,0.945,0.945,0.945,0.945,0.945,0.945,0.315,0.315,0.409,0.409,0.409,0.409,0.409,0.409,0.409,0.409,0.409,0.409,0.409,0.409,0.409,0.409,0.409,0.409,0.409,0.409,0.409,0.409,0.409,0.409,0.409,0.409
RGI60-19.01511,0.945,0.945,0.945,0.945,0.945,0.945,0.945,0.945,0.945,0.945,0.945,0.945,0.945,0.945,0.945,0.945,0.945,0.945,0.945,0.945,0.945,0.945,0.945,0.945,0.315,0.315,0.409,0.409,0.409,0.409,0.409,0.409,0.409,0.409,0.409,0.409,0.409,0.409,0.409,0.409,0.409,0.409,0.409,0.409,0.409,0.409,0.409,0.409,0.409,0.409
RGI60-19.01512,0.954,0.954,0.954,0.954,0.954,0.954,0.954,0.954,0.954,0.954,0.954,0.954,0.954,0.954,0.954,0.954,0.954,0.954,0.954,0.954,0.954,0.954,0.954,0.954,0.329,0.329,0.433,0.433,0.433,0.433,0.433,0.433,0.433,0.433,0.433,0.433,0.433,0.433,0.433,0.433,0.433,0.433,0.433,0.433,0.433,0.433,0.433,0.433,0.433,0.433
RGI60-19.01513,0.945,0.945,0.945,0.945,0.945,0.945,0.945,0.945,0.945,0.945,0.945,0.945,0.945,0.945,0.945,0.945,0.945,0.945,0.945,0.945,0.945,0.945,0.945,0.945,0.315,0.315,0.409,0.409,0.409,0.409,0.409,0.409,0.409,0.409,0.409,0.409,0.409,0.409,0.409,0.409,0.409,0.409,0.409,0.409,0.409,0.409,0.409,0.409,0.409,0.409
RGI60-19.01514,0.945,0.945,0.945,0.945,0.945,0.945,0.945,0.945,0.945,0.945,0.945,0.945,0.945,0.945,0.945,0.945,0.945,0.945,0.945,0.945,0.945,0.945,0.945,0.945,0.315,0.315,0.409,0.409,0.409,0.409,0.409,0.409,0.409,0.409,0.409,0.409,0.409,0.409,0.409,0.409,0.409,0.409,0.409,0.409,0.409,0.409,0.409,0.409,0.409,0.409
RGI60-19.01515,0.945,0.945,0.945,0.945,0.945,0.945,0.945,0.945,0.945,0.945,0.945,0.945,0.945,0.945,0.945,0.945,0.945,0.945,0.945,0.945,0.945,0.945,0.945,0.945,0.315,0.315,0.409,0.409,0.409,0.409,0.409,0.409,0.409,0.409,0.409,0.409,0.409,0.409,0.409,0.409,0.409,0.409,0.409,0.409,0.409,0.409,0.409,0.409,0.409,0.409
RGI60-19.01516,0.945,0.945,0.945,0.945,0.945,0.945,0.945,0.945,0.945,0.945,0.945,0.945,0.945,0.945,0.945,0.945,0.945,0.945,0.945,0.945,0.945,0.945,0.945,0.945,0.315,0.315,0.409,0.409,0.409,0.409,0.409,0.409,0.409,0.409,0.409,0.409,0.409,0.409,0.409,0.409,0.409,0.409,0.409,0.409,0.409,0.409,0.409,0.409,0.409,0.409
RGI60-19.01517,0.945,0.945,0.945,0.945,0.945,0.945,0.945,0.945,0.945,0.945,0.945,0.945,0.945,0.945,0.945,0.945,0.945,0.945,0.945,0.945,0.945,0.945,0.945,0.945,0.315,0.315,0.409,0.409,0.409,0.409,0.409,0.409,0.409,0.409,0.409,0.409,0.409,0.409,0.409,0.409,0.409,0.409,0.409,0.409,0.409,0.409,0.409,0.409,0.409,0.409
RGI60-19.01518,0.945,0.945,0.945,0.945,0.945,0.945,0.945,0.945,0.945,0.945,0.945,0.945,0.945,0.945,0.945,0.945,0.945,0.945,0.945,0.945,0.945,0.945,0.945,0.945,0.315,0.315,0.409,0.409,0.409,0.409,0.409,0.409,0.409,0.409,0.409,0.409,0.409,0.409,0.409,0.409,0.409,0.409,0.409,0.409,0.409,0.409,0.409,0.409,0.409,0.409
RGI60-19.01519,0.954,0.954,0.954,0.954,0.954,0.954,0.954,0.954,0.954,0.954,0.954,0.954,0.954,0.954,0.954,0.954,0.954,0.954,0.954,0.954,0.954,0.954,0.954,0.954,0.329,0.329,0.432,0.432,0.432,0.432,0.432,0.432,0.432,0.432,0.432,0.432,0.432,0.432,0.432,0.432,0.432,0.432,0.432,0.432,0.432,0.432,0.432,0.432,0.432,0.432
RGI60-19.01520,0.953,0.953,0.953,0.953,0.953,0.953,0.953,0.953,0.953,0.953,0.953,0.953,0.953,0.953,0.953,0.953,0.953,0.953,0.953,0.953,0.953,0.953,0.953,0.953,0.328,0.328,0.431,0.431,0.431,0.431,0.431,0.431,0.431,0.431,0.431,0.431,0.431,0.431,0.431,0.431,0.431,0.431,0.431,0.431,0.431,0.431,0.431,0.431,0.431,0.431
RGI60-19.01521,0.953,0.953,0.953,0.953,0.953,0.953,0.953,0.953,0.953,0.953,0.953,0.953,0.953,0.953,0.953,0.953,0.953,0.953,0.953,0.953,0.953,0.953,0.953,0.953,0.326,0.326,0.429,0.429,0.429,0.429,0.429,0.429,0.429,0.429,0.429,0.429,0.429,0.429,0.429,0.429,0.429,0.429,0.429,0.429,0.429,0.429,0.429,0.429,0.429,0.429
RGI60-19.01522,0.952,0.952,0.952,0.952,0.952,0.952,0.952,0.952,0.952,0.952,0.952,0.952,0.952,0.952,0.952,0.952,0.952,0.952,0.952,0.952,0.952,0.952,0.952,0.952,0.325,0.325,0.427,0.427,0.427,0.427,0.427,0.427,0.427,0.427,0.427,0.427,0.427,0.427,0.427,0.427,0.427,0.427,0.427,0.427,0.427,0.427,0.427,0.427,0.427,0.427
RGI60-19.01523,0.952,0.952,0.952,0.952,0.952,0.952,0.952,0.952,0.952,0.952,0.952,0.952,0.952,0.952,0.952,0.952,0.952,0.952,0.952,0.952,0.952,0.952,0.952,0.952,0.325,0.325,0.427,0.427,0.427,0.427,0.427,0.427,0.427,0.427,0.427,0.427,0.427,0.427,0.427,0.427,0.427,0.427,0.427,0.427,0.427,0.427,0.427,0.427,0.427,0.427
RGI60-19.01524,0.945,0.945,0.945,0.945,0.945,0.945,0.945,0.945,0.945,0.945,0.945,0.945,0.945,0.945,0.945,0.945,0.945,0.945,0.945,0.945,0.945,0.945,0.945,0.945,0.315,0.315,0.409,0.409,0.409,0.409,0.409,0.409,0.409,0.409,0.409,0.409,0.409,0.409,0.409,0.409,0.409,0.409,0.409,0.409,0.409,0.409,0.409,0.409,0.409,0.409
RGI60-19.01525,0.952,0.952,0.952,0.952,0.952,0.952,0.952,0.952,0.952,0.952,0.952,0.952,0.952,0.952,0.952,0.952,0.952,0.952,0.952,0.952,0.952,0.952,0.952,0.952,0.325,0.325,0.427,0.427,0.427,0.427,0.427,0.427,0.427,0.427,0.427,0.427,0.427,0.427,0.427,0.427,0.427,0.427,0.427,0.427,0.427,0.427,0.427,0.427,0.427,0.427
RGI60-19.01526,0.952,0.952,0.952,0.952,0.952,0.952,0.952,0.952,0.952,0.952,0.952,0.952,0.952,0.952,0.952,0.952,0.952,0.952,0.952,0.952,0.952,0.952,0.952,0.952,0.325,0.325,0.427,0.427,0.427,0.427,0.427,0.427,0.427,0.427,0.427,0.427,0.427,0.427,0.427,0.427,0.427,0.427,0.427,0.427,0.427,0.427,0.427,0.427,0.427,0.427
RGI60-19.01527,0.952,0.952,0.952,0.952,0.952,0.952,0.952,0.952,0.952,0.952,0.952,0.952,0.952,0.952,0.952,0.952,0.952,0.952,0.952,0.952,0.952,0.952,0.952,0.952,0.325,0.325,0.427,0.427,0.427,0.427,0.427,0.427,0.427,0.427,0.427,0.427,0.427,0.427,0.427,0.427,0.427,0.427,0.427,0.427,0.427,0.427,0.427,0.427,0.427,0.427
RGI60-19.01528,0.952,0.952,0.952,0.952,0.952,0.952,0.952,0.952,0.952,0.952,0.952,0.952,0.952,0.952,0.952,0.952,0.952,0.952,0.952,0.952,0.952,0.952,0.952,0.952,0.325,0.325,0.427,0.427,0.427,0.427,0.427,0.427,0.427,0.427,0.427,0.427,0.427,0.427,0.427,0.427,0.427,0.427,0.427,0.427,0.427,0.427,0.427,0.427,0.427,0.427
RGI60-19.01529,0.951,0.951,0.951,0.951,0.951,0.951,0.951,0.951,0.951,0.951,0.951,0.951,0.951,0.951,0.951,0.951,0.951,0.951,0.951,0.951,0.951,0.951,0.951,0.951,0.325,0.325,0.427,0.427,0.427,0.427,0.427,0.427,0.427,0.427,0.427,0.427,0.427,0.427,0.427,0.427,0.427,0.427,0.427,0.427,0.427,0.427,0.427,0.427,0.427,0.427
RGI60-19.01530,0.945,0.945,0.945,0.945,0.945,0.945,0.945,0.945,0.945,0.945,0.945,0.945,0.945,0.945,0.945,0.945,0.945,0.945,0.945,0.945,0.945,0.945,0.945,0.945,0.315,0.315,0.409,0.409,0.409,0.409,0.409,0.409,0.409,0.409,0.409,0.409,0.409,0.409,0.409,0.409,0.409,0.409,0.409,0.409,0.409,0.409,0.409,0.409,0.409,0.409
RGI60-19.01531,0.945,0.945,0.945,0.945,0.945,0.945,0.945,0.945,0.945,0.945,0.945,0.945,0.945,0.945,0.945,0.945,0.945,0.945,0.945,0.945,0.945,0.945,0.945,0.945,0.315,0.315,0.409,0.409,0.409,0.409,0.409,0.409,0.409,0.409,0.409,0.409,0.409,0.409,0.409,0.409,0.409,0.409,0.409,0.409,0.409,0.409,0.409,0.409,0.409,0.409
RGI60-19.01532,0.945,0.945,0.945,0.945,0.945,0.945,0.945,0.945,0.945,0.945,0.945,0.945,0.945,0.945,0.945,0.945,0.945,0.945,0.945,0.945,0.945,0.945,0.945,0.945,0.315,0.315,0.409,0.409,0.409,0.409,0.409,0.409,0.409,0.409,0.409,0.409,0.409,0.409,0.409,0.409,0.409,0.409,0.409,0.409,0.409,0.409,0.409,0.409,0.409,0.409
RGI60-19.01533,0.945,0.945,0.945,0.945,0.945,0.945,0.945,0.945,0.945,0.945,0.945,0.945,0.945,0.945,0.945,0.945,0.945,0.945,0.945,0.945,0.945,0.945,0.945,0.945,0.315,0.315,0.409,0.409,0.409,0.409,0.409,0.409,0.409,0.409,0.409,0.409,0.409,0.409,0.409,0.409,0.409,0.409,0.409,0.409,0.409,0.409,0.409,0.409,0.409,0.409
RGI60-19.01534,0.945,0.945,0.945,0.945,0.945,0.945,0.945,0.945,0.945,0.945,0.945,0.945,0.945,0.945,0.945,0.945,0.945,0.945,0.945,0.945,0.945,0.945,0.945,0.945,0.315,0.315,0.409,0.409,0.409,0.409,0.409,0.409,0.409,0.409,0.409,0.409,0.409,0.409,0.409,0.409,0.409,0.409,0.409,0.409,0.409,0.409,0.409,0.409,0.409,0.409
RGI60-19.01535,0.945,0.945,0.945,0.945,0.945,0.945,0.945,0.945,0.945,0.945,0.945,0.945,0.945,0.945,0.945,0.945,0.945,0.945,0.945,0.945,0.945,0.945,0.945,0.945,0.315,0.315,0.409,0.409,0.409,0.409,0.409,0.409,0.409,0.409,0.409,0.409,0.409,0.409,0.409,0.409,0.409,0.409,0.409,0.409,0.409,0.409,0.409,0.409,0.409,0.409
RGI60-19.01536,0.945,0.945,0.945,0.945,0.945,0.945,0.945,0.945,0.945,0.945,0.945,0.945,0.945,0.945,0.945,0.945,0.945,0.945,0.945,0.945,0.945,0.945,0.945,0.945,0.315,0.315,0.409,0.409,0.409,0.409,0.409,0.409,0.409,0.409,0.409,0.409,0.409,0.409,0.409,0.409,0.409,0.409,0.409,0.409,0.409,0.409,0.409,0.409,0.409,0.409
RGI60-19.01537,0.945,0.945,0.945,0.945,0.945,0.945,0.945,0.945,0.945,0.945,0.945,0.945,0.945,0.945,0.945,0.945,0.945,0.945,0.945,0.945,0.945,0.945,0.945,0.945,0.315,0.315,0.409,0.409,0.409,0.409,0.409,0.409,0.409,0.409,0.409,0.409,0.409,0.409,0.409,0.409,0.409,0.409,0.409,0.409,0.409,0.409,0.409,0.409,0.409,0.409
RGI60-19.01538,0.945,0.945,0.945,0.945,0.945,0.945,0.945,0.945,0.945,0.945,0.945,0.945,0.945,0.945,0.945,0.945,0.945,0.945,0.945,0.945,0.945,0.945,0.945,0.945,0.315,0.315,0.409,0.409,0.409,0.409,0.409,0.409,0.409,0.409,0.409,0.409,0.409,0.409,0.409,0.409,0.409,0.409,0.409,0.409,0.409,0.409,0.409,0.409,0.409,0.409
RGI60-19.01539,0.945,0.945,0.945,0.945,0.945,0.945,0.945,0.945,0.945,0.945,0.945,0.945,0.945,0.945,0.945,0.945,0.945,0.945,0.945,0.945,0.945,0.945,0.945,0.945,0.315,0.315,0.409,0.409,0.409,0.409,0.409,0.409,0.409,0.409,0.409,0.409,0.409,0.409,0.409,0.409,0.409,0.409,0.409,0.409,0.409,0.409,0.409,0.409,0.409,0.409
RGI60-19.01540,0.945,0.945,0.945,0.945,0.945,0.945,0.945,0.945,0.945,0.945,0.945,0.945,0.945,0.945,0.945,0.945,0.945,0.945,0.945,0.945,0.945,0.945,0.945,0.945,0.315,0.315,0.409,0.409,0.409,0.409,0.409,0.409,0.409,0.409,0.409,0.409,0.409,0.409,0.409,0.409,0.409,0.409,0.409,0.409,0.409,0.409,0.409,0.409,0.409,0.409
RGI60-19.01541,0.945,0.945,0.945,0.945,0.945,0.945,0.945,0.945,0.945,0.945,0.945,0.945,0.945,0.945,0.945,0.945,0.945,0.945,0.945,0.945,0.945,0.945,0.945,0.945,0.315,0.315,0.409,0.409,0.409,0.409,0.409,0.409,0.409,0.409,0.409,0.409,0.409,0.409,0.409,0.409,0.409,0.409,0.409,0.409,0.409,0.409,0.409,0.409,0.409,0.409
RGI60-19.01542,0.945,0.945,0.945,0.945,0.945,0.945,0.945,0.945,0.945,0.945,0.945,0.945,0.945,0.945,0.945,0.945,0.945,0.945,0.945,0.945,0.945,0.945,0.945,0.945,0.315,0.315,0.409,0.409,0.409,0.409,0.409,0.409,0.409,0.409,0.409,0.409,0.409,0.409,0.409,0.409,0.409,0.409,0.409,0.409,0.409,0.409,0.409,0.409,0.409,0.409
RGI60-19.01543,0.945,0.945,0.945,0.945,0.945,0.945,0.945,0.945,0.945,0.945,0.945,0.945,0.945,0.945,0.945,0.945,0.945,0.945,0.945,0.945,0.945,0.945,0.945,0.945,0.315,0.315,0.409,0.409,0.409,0.409,0.409,0.409,0.409,0.409,0.409,0.409,0.409,0.409,0.409,0.409,0.409,0.409,0.409,0.409,0.409,0.409,0.409,0.409,0.409,0.409
RGI60-19.01544,0.945,0.945,0.945,0.945,0.945,0.945,0.945,0.945,0.945,0.945,0.945,0.945,0.945,0.945,0.945,0.945,0.945,0.945,0.945,0.945,0.945,0.945,0.945,0.945,0.315,0.315,0.409,0.409,0.409,0.409,0.409,0.409,0.409,0.409,0.409,0.409,0.409,0.409,0.409,0.409,0.409,0.409,0.409,0.409,0.409,0.409,0.409,0.409,0.409,0.409
RGI60-19.01545,0.945,0.945,0.945,0.945,0.945,0.945,0.945,0.945,0.945,0.945,0.945,0.945,0.945,0.945,0.945,0.945,0.945,0.945,0.945,0.945,0.945,0.945,0.945,0.945,0.315,0.315,0.409,0.409,0.409,0.409,0.409,0.409,0.409,0.409,0.409,0.409,0.409,0.409,0.409,0.409,0.409,0.409,0.409,0.409,0.409,0.409,0.409,0.409,0.409,0.409
RGI60-19.01546,0.979,0.979,0.979,0.979,0.979,0.979,0.979,0.979,0.979,0.979,0.979,0.979,0.979,0.979,0.979,0.979,0.979,0.979,0.979,0.979,0.979,0.979,0.979,0.979,0.365,0.365,0.485,0.485,0.485,0.485,0.485,0.485,0.485,0.485,0.485,0.485,0.485,0.485,0.485,0.485,0.485,0.485,0.485,0.485,0.485,0.485,0.485,0.485,0.485,0.485
RGI60-19.01547,0.979,0.979,0.979,0.979,0.979,0.979,0.979,0.979,0.979,0.979,0.979,0.979,0.979,0.979,0.979,0.979,0.979,0.979,0.979,0.979,0.979,0.979,0.979,0.979,0.365,0.365,0.485,0.485,0.485,0.485,0.485,0.485,0.485,0.485,0.485,0.485,0.485,0.485,0.485,0.485,0.485,0.485,0.485,0.485,0.485,0.485,0.485,0.485,0.485,0.485
RGI60-19.01548,0.979,0.979,0.979,0.979,0.979,0.979,0.979,0.979,0.979,0.979,0.979,0.979,0.979,0.979,0.979,0.979,0.979,0.979,0.979,0.979,0.979,0.979,0.979,0.979,0.365,0.365,0.485,0.485,0.485,0.485,0.485,0.485,0.485,0.485,0.485,0.485,0.485,0.485,0.485,0.485,0.485,0.485,0.485,0.485,0.485,0.485,0.485,0.485,0.485,0.485
RGI60-19.01549,0.979,0.979,0.979,0.979,0.979,0.979,0.979,0.979,0.979,0.979,0.979,0.979,0.979,0.979,0.979,0.979,0.979,0.979,0.979,0.979,0.979,0.979,0.979,0.979,0.365,0.365,0.484,0.484,0.484,0.484,0.484,0.484,0.484,0.484,0.484,0.484,0.484,0.484,0.484,0.484,0.484,0.484,0.484,0.484,0.484,0.484,0.484,0.484,0.484,0.484
RGI60-19.01550,0.979,0.979,0.979,0.979,0.979,0.979,0.979,0.979,0.979,0.979,0.979,0.979,0.979,0.979,0.979,0.979,0.979,0.979,0.979,0.979,0.979,0.979,0.979,0.979,0.365,0.365,0.484,0.484,0.484,0.484,0.484,0.484,0.484,0.484,0.484,0.484,0.484,0.484,0.484,0.484,0.484,0.484,0.484,0.484,0.484,0.484,0.484,0.484,0.484,0.484
RGI60-19.01551,0.979,0.979,0.979,0.979,0.979,0.979,0.979,0.979,0.979,0.979,0.979,0.979,0.979,0.979,0.979,0.979,0.979,0.979,0.979,0.979,0.979,0.979,0.979,0.979,0.365,0.365,0.484,0.484,0.484,0.484,0.484,0.484,0.484,0.484,0.484,0.484,0.484,0.484,0.484,0.484,0.484,0.484,0.484,0.484,0.484,0.484,0.484,0.484,0.484,0.484
RGI60-19.01552,0.979,0.979,0.979,0.979,0.979,0.979,0.979,0.979,0.979,0.979,0.979,0.979,0.979,0.979,0.979,0.979,0.979,0.979,0.979,0.979,0.979,0.979,0.979,0.979,0.365,0.365,0.484,0.484,0.484,0.484,0.484,0.484,0.484,0.484,0.484,0.484,0.484,0.484,0.484,0.484,0.484,0.484,0.484,0.484,0.484,0.484,0.484,0.484,0.484,0.484
RGI60-19.01553,0.979,0.979,0.979,0.979,0.979,0.979,0.979,0.979,0.979,0.979,0.979,0.979,0.979,0.979,0.979,0.979,0.979,0.979,0.979,0.979,0.979,0.979,0.979,0.979,0.365,0.365,0.484,0.484,0.484,0.484,0.484,0.484,0.484,0.484,0.484,0.484,0.484,0.484,0.484,0.484,0.484,0.484,0.484,0.484,0.484,0.484,0.484,0.484,0.484,0.484
RGI60-19.01554,0.979,0.979,0.979,0.979,0.979,0.979,0.979,0.979,0.979,0.979,0.979,0.979,0.979,0.979,0.979,0.979,0.979,0.979,0.979,0.979,0.979,0.979,0.979,0.979,0.365,0.365,0.484,0.484,0.484,0.484,0.484,0.484,0.484,0.484,0.484,0.484,0.484,0.484,0.484,0.484,0.484,0.484,0.484,0.484,0.484,0.484,0.484,0.484,0.484,0.484
RGI60-19.01555,0.979,0.979,0.979,0.979,0.979,0.979,0.979,0.979,0.979,0.979,0.979,0.979,0.979,0.979,0.979,0.979,0.979,0.979,0.979,0.979,0.979,0.979,0.979,0.979,0.365,0.365,0.484,0.484,0.484,0.484,0.484,0.484,0.484,0.484,0.484,0.484,0.484,0.484,0.484,0.484,0.484,0.484,0.484,0.484,0.484,0.484,0.484,0.484,0.484,0.484
RGI60-19.01556,0.979,0.979,0.979,0.979,0.979,0.979,0.979,0.979,0.979,0.979,0.979,0.979,0.979,0.979,0.979,0.979,0.979,0.979,0.979,0.979,0.979,0.979,0.979,0.979,0.365,0.365,0.484,0.484,0.484,0.484,0.484,0.484,0.484,0.484,0.484,0.484,0.484,0.484,0.484,0.484,0.484,0.484,0.484,0.484,0.484,0.484,0.484,0.484,0.484,0.484
RGI60-19.01557,0.979,0.979,0.979,0.979,0.979,0.979,0.979,0.979,0.979,0.979,0.979,0.979,0.979,0.979,0.979,0.979,0.979,0.979,0.979,0.979,0.979,0.979,0.979,0.979,0.365,0.365,0.484,0.484,0.484,0.484,0.484,0.484,0.484,0.484,0.484,0.484,0.484,0.484,0.484,0.484,0.484,0.484,0.484,0.484,0.484,0.484,0.484,0.484,0.484,0.484
RGI60-19.01558,0.979,0.979,0.979,0.979,0.979,0.979,0.979,0.979,0.979,0.979,0.979,0.979,0.979,0.979,0.979,0.979,0.979,0.979,0.979,0.979,0.979,0.979,0.979,0.979,0.365,0.365,0.484,0.484,0.484,0.484,0.484,0.484,0.484,0.484,0.484,0.484,0.484,0.484,0.484,0.484,0.484,0.484,0.484,0.484,0.484,0.484,0.484,0.484,0.484,0.484
RGI60-19.01559,0.979,0.979,0.979,0.979,0.979,0.979,0.979,0.979,0.979,0.979,0.979,0.979,0.979,0.979,0.979,0.979,0.979,0.979,0.979,0.979,0.979,0.979,0.979,0.979,0.365,0.365,0.484,0.484,0.484,0.484,0.484,0.484,0.484,0.484,0.484,0.484,0.484,0.484,0.484,0.484,0.484,0.484,0.484,0.484,0.484,0.484,0.484,0.484,0.484,0.484
RGI60-19.01560,0.979,0.979,0.979,0.979,0.979,0.979,0.979,0.979,0.979,0.979,0.979,0.979,0.979,0.979,0.979,0.979,0.979,0.979,0.979,0.979,0.979,0.979,0.979,0.979,0.365,0.365,0.484,0.484,0.484,0.484,0.484,0.484,0.484,0.484,0.484,0.484,0.484,0.484,0.484,0.484,0.484,0.484,0.484,0.484,0.484,0.484,0.484,0.484,0.484,0.484
RGI60-19.01561,0.979,0.979,0.979,0.979,0.979,0.979,0.979,0.979,0.979,0.979,0.979,0.979,0.979,0.979,0.979,0.979,0.979,0.979,0.979,0.979,0.979,0.979,0.979,0.979,0.365,0.365,0.484,0.484,0.484,0.484,0.484,0.484,0.484,0.484,0.484,0.484,0.484,0.484,0.484,0.484,0.484,0.484,0.484,0.484,0.484,0.484,0.484,0.484,0.484,0.484
RGI60-19.01562,0.979,0.979,0.979,0.979,0.979,0.979,0.979,0.979,0.979,0.979,0.979,0.979,0.979,0.979,0.979,0.979,0.979,0.979,0.979,0.979,0.979,0.979,0.979,0.979,0.365,0.365,0.484,0.484,0.484,0.484,0.484,0.484,0.484,0.484,0.484,0.484,0.484,0.484,0.484,0.484,0.484,0.484,0.484,0.484,0.484,0.484,0.484,0.484,0.484,0.484
RGI60-19.01563,0.979,0.979,0.979,0.979,0.979,0.979,0.979,0.979,0.979,0.979,0.979,0.979,0.979,0.979,0.979,0.979,0.979,0.979,0.979,0.979,0.979,0.979,0.979,0.979,0.365,0.365,0.484,0.484,0.484,0.484,0.484,0.484,0.484,0.484,0.484,0.484,0.484,0.484,0.484,0.484,0.484,0.484,0.484,0.484,0.484,0.484,0.484,0.484,0.484,0.484
RGI60-19.01564,0.979,0.979,0.979,0.979,0.979,0.979,0.979,0.979,0.979,0.979,0.979,0.979,0.979,0.979,0.979,0.979,0.979,0.979,0.979,0.979,0.979,0.979,0.979,0.979,0.365,0.365,0.484,0.484,0.484,0.484,0.484,0.484,0.484,0.484,0.484,0.484,0.484,0.484,0.484,0.484,0.484,0.484,0.484,0.484,0.484,0.484,0.484,0.484,0.484,0.484
RGI60-19.01565,0.979,0.979,0.979,0.979,0.979,0.979,0.979,0.979,0.979,0.979,0.979,0.979,0.979,0.979,0.979,0.979,0.979,0.979,0.979,0.979,0.979,0.979,0.979,0.979,0.365,0.365,0.485,0.485,0.485,0.485,0.485,0.485,0.485,0.485,0.485,0.485,0.485,0.485,0.485,0.485,0.485,0.485,0.485,0.485,0.485,0.485,0.485,0.485,0.485,0.485
RGI60-19.01566,0.979,0.979,0.979,0.979,0.979,0.979,0.979,0.979,0.979,0.979,0.979,0.979,0.979,0.979,0.979,0.979,0.979,0.979,0.979,0.979,0.979,0.979,0.979,0.979,0.365,0.365,0.485,0.485,0.485,0.485,0.485,0.485,0.485,0.485,0.485,0.485,0.485,0.485,0.485,0.485,0.485,0.485,0.485,0.485,0.485,0.485,0.485,0.485,0.485,0.485
RGI60-19.01567,0.979,0.979,0.979,0.979,0.979,0.979,0.979,0.979,0.979,0.979,0.979,0.979,0.979,0.979,0.979,0.979,0.979,0.979,0.979,0.979,0.979,0.979,0.979,0.979,0.365,0.365,0.484,0.484,0.484,0.484,0.484,0.484,0.484,0.484,0.484,0.484,0.484,0.484,0.484,0.484,0.484,0.484,0.484,0.484,0.484,0.484,0.484,0.484,0.484,0.484
RGI60-19.01568,0.979,0.979,0.979,0.979,0.979,0.979,0.979,0.979,0.979,0.979,0.979,0.979,0.979,0.979,0.979,0.979,0.979,0.979,0.979,0.979,0.979,0.979,0.979,0.979,0.365,0.365,0.484,0.484,0.484,0.484,0.484,0.484,0.484,0.484,0.484,0.484,0.484,0.484,0.484,0.484,0.484,0.484,0.484,0.484,0.484,0.484,0.484,0.484,0.484,0.484
RGI60-19.01569,0.979,0.979,0.979,0.979,0.979,0.979,0.979,0.979,0.979,0.979,0.979,0.979,0.979,0.979,0.979,0.979,0.979,0.979,0.979,0.979,0.979,0.979,0.979,0.979,0.365,0.365,0.484,0.484,0.484,0.484,0.484,0.484,0.484,0.484,0.484,0.484,0.484,0.484,0.484,0.484,0.484,0.484,0.484,0.484,0.484,0.484,0.484,0.484,0.484,0.484
RGI60-19.01570,0.979,0.979,0.979,0.979,0.979,0.979,0.979,0.979,0.979,0.979,0.979,0.979,0.979,0.979,0.979,0.979,0.979,0.979,0.979,0.979,0.979,0.979,0.979,0.979,0.365,0.365,0.484,0.484,0.484,0.484,0.484,0.484,0.484,0.484,0.484,0.484,0.484,0.484,0.484,0.484,0.484,0.484,0.484,0.484,0.484,0.484,0.484,0.484,0.484,0.484
RGI60-19.01571,0.979,0.979,0.979,0.979,0.979,0.979,0.979,0.979,0.979,0.979,0.979,0.979,0.979,0.979,0.979,0.979,0.979,0.979,0.979,0.979,0.979,0.979,0.979,0.979,0.365,0.365,0.484,0.484,0.484,0.484,0.484,0.484,0.484,0.484,0.484,0.484,0.484,0.484,0.484,0.484,0.484,0.484,0.484,0.484,0.484,0.484,0.484,0.484,0.484,0.484
RGI60-19.01572,0.979,0.979,0.979,0.979,0.979,0.979,0.979,0.979,0.979,0.979,0.979,0.979,0.979,0.979,0.979,0.979,0.979,0.979,0.979,0.979,0.979,0.979,0.979,0.979,0.365,0.365,0.484,0.484,0.484,0.484,0.484,0.484,0.484,0.484,0.484,0.484,0.484,0.484,0.484,0.484,0.484,0.484,0.484,0.484,0.484,0.484,0.484,0.484,0.484,0.484
RGI60-19.01573,0.979,0.979,0.979,0.979,0.979,0.979,0.979,0.979,0.979,0.979,0.979,0.979,0.979,0.979,0.979,0.979,0.979,0.979,0.979,0.979,0.979,0.979,0.979,0.979,0.365,0.365,0.484,0.484,0.484,0.484,0.484,0.484,0.484,0.484,0.484,0.484,0.484,0.484,0.484,0.484,0.484,0.484,0.484,0.484,0.484,0.484,0.484,0.484,0.484,0.484
RGI60-19.01574,0.979,0.979,0.979,0.979,0.979,0.979,0.979,0.979,0.979,0.979,0.979,0.979,0.979,0.979,0.979,0.979,0.979,0.979,0.979,0.979,0.979,0.979,0.979,0.979,0.365,0.365,0.484,0.484,0.484,0.484,0.484,0.484,0.484,0.484,0.484,0.484,0.484,0.484,0.484,0.484,0.484,0.484,0.484,0.484,0.484,0.484,0.484,0.484,0.484,0.484
RGI60-19.01575,0.979,0.979,0.979,0.979,0.979,0.979,0.979,0.979,0.979,0.979,0.979,0.979,0.979,0.979,0.979,0.979,0.979,0.979,0.979,0.979,0.979,0.979,0.979,0.979,0.365,0.365,0.484,0.484,0.484,0.484,0.484,0.484,0.484,0.484,0.484,0.484,0.484,0.484,0.484,0.484,0.484,0.484,0.484,0.484,0.484,0.484,0.484,0.484,0.484,0.484
RGI60-19.01576,0.979,0.979,0.979,0.979,0.979,0.979,0.979,0.979,0.979,0.979,0.979,0.979,0.979,0.979,0.979,0.979,0.979,0.979,0.979,0.979,0.979,0.979,0.979,0.979,0.365,0.365,0.484,0.484,0.484,0.484,0.484,0.484,0.484,0.484,0.484,0.484,0.484,0.484,0.484,0.484,0.484,0.484,0.484,0.484,0.484,0.484,0.484,0.484,0.484,0.484
RGI60-19.01577,0.979,0.979,0.979,0.979,0.979,0.979,0.979,0.979,0.979,0.979,0.979,0.979,0.979,0.979,0.979,0.979,0.979,0.979,0.979,0.979,0.979,0.979,0.979,0.979,0.365,0.365,0.484,0.484,0.484,0.484,0.484,0.484,0.484,0.484,0.484,0.484,0.484,0.484,0.484,0.484,0.484,0.484,0.484,0.484,0.484,0.484,0.484,0.484,0.484,0.484
RGI60-19.01578,0.979,0.979,0.979,0.979,0.979,0.979,0.979,0.979,0.979,0.979,0.979,0.979,0.979,0.979,0.979,0.979,0.979,0.979,0.979,0.979,0.979,0.979,0.979,0.979,0.365,0.365,0.484,0.484,0.484,0.484,0.484,0.484,0.484,0.484,0.484,0.484,0.484,0.484,0.484,0.484,0.484,0.484,0.484,0.484,0.484,0.484,0.484,0.484,0.484,0.484
RGI60-19.01579,0.979,0.979,0.979,0.979,0.979,0.979,0.979,0.979,0.979,0.979,0.979,0.979,0.979,0.979,0.979,0.979,0.979,0.979,0.979,0.979,0.979,0.979,0.979,0.979,0.365,0.365,0.484,0.484,0.484,0.484,0.484,0.484,0.484,0.484,0.484,0.484,0.484,0.484,0.484,0.484,0.484,0.484,0.484,0.484,0.484,0.484,0.484,0.484,0.484,0.484
RGI60-19.01580,0.979,0.979,0.979,0.979,0.979,0.979,0.979,0.979,0.979,0.979,0.979,0.979,0.979,0.979,0.979,0.979,0.979,0.979,0.979,0.979,0.979,0.979,0.979,0.979,0.365,0.365,0.484,0.484,0.484,0.484,0.484,0.484,0.484,0.484,0.484,0.484,0.484,0.484,0.484,0.484,0.484,0.484,0.484,0.484,0.484,0.484,0.484,0.484,0.484,0.484
RGI60-19.01581,0.979,0.979,0.979,0.979,0.979,0.979,0.979,0.979,0.979,0.979,0.979,0.979,0.979,0.979,0.979,0.979,0.979,0.979,0.979,0.979,0.979,0.979,0.979,0.979,0.365,0.365,0.484,0.484,0.484,0.484,0.484,0.484,0.484,0.484,0.484,0.484,0.484,0.484,0.484,0.484,0.484,0.484,0.484,0.484,0.484,0.484,0.484,0.484,0.484,0.484
RGI60-19.01582,0.979,0.979,0.979,0.979,0.979,0.979,0.979,0.979,0.979,0.979,0.979,0.979,0.979,0.979,0.979,0.979,0.979,0.979,0.979,0.979,0.979,0.979,0.979,0.979,0.365,0.365,0.484,0.484,0.484,0.484,0.484,0.484,0.484,0.484,0.484,0.484,0.484,0.484,0.484,0.484,0.484,0.484,0.484,0.484,0.484,0.484,0.484,0.484,0.484,0.484
RGI60-19.01583,0.979,0.979,0.979,0.979,0.979,0.979,0.979,0.979,0.979,0.979,0.979,0.979,0.979,0.979,0.979,0.979,0.979,0.979,0.979,0.979,0.979,0.979,0.979,0.979,0.365,0.365,0.484,0.484,0.484,0.484,0.484,0.484,0.484,0.484,0.484,0.484,0.484,0.484,0.484,0.484,0.484,0.484,0.484,0.484,0.484,0.484,0.484,0.484,0.484,0.484
RGI60-19.01584,0.979,0.979,0.979,0.979,0.979,0.979,0.979,0.979,0.979,0.979,0.979,0.979,0.979,0.979,0.979,0.979,0.979,0.979,0.979,0.979,0.979,0.979,0.979,0.979,0.365,0.365,0.484,0.484,0.484,0.484,0.484,0.484,0.484,0.484,0.484,0.484,0.484,0.484,0.484,0.484,0.484,0.484,0.484,0.484,0.484,0.484,0.484,0.484,0.484,0.484
RGI60-19.01585,0.979,0.979,0.979,0.979,0.979,0.979,0.979,0.979,0.979,0.979,0.979,0.979,0.979,0.979,0.979,0.979,0.979,0.979,0.979,0.979,0.979,0.979,0.979,0.979,0.365,0.365,0.484,0.484,0.484,0.484,0.484,0.484,0.484,0.484,0.484,0.484,0.484,0.484,0.484,0.484,0.484,0.484,0.484,0.484,0.484,0.484,0.484,0.484,0.484,0.484
RGI60-19.01586,0.979,0.979,0.979,0.979,0.979,0.979,0.979,0.979,0.979,0.979,0.979,0.979,0.979,0.979,0.979,0.979,0.979,0.979,0.979,0.979,0.979,0.979,0.979,0.979,0.365,0.365,0.484,0.484,0.484,0.484,0.484,0.484,0.484,0.484,0.484,0.484,0.484,0.484,0.484,0.484,0.484,0.484,0.484,0.484,0.484,0.484,0.484,0.484,0.484,0.484
RGI60-19.01587,0.979,0.979,0.979,0.979,0.979,0.979,0.979,0.979,0.979,0.979,0.979,0.979,0.979,0.979,0.979,0.979,0.979,0.979,0.979,0.979,0.979,0.979,0.979,0.979,0.365,0.365,0.484,0.484,0.484,0.484,0.484,0.484,0.484,0.484,0.484,0.484,0.484,0.484,0.484,0.484,0.484,0.484,0.484,0.484,0.484,0.484,0.484,0.484,0.484,0.484
RGI60-19.01588,0.945,0.945,0.945,0.945,0.945,0.945,0.945,0.945,0.945,0.945,0.945,0.945,0.945,0.945,0.945,0.945,0.945,0.945,0.945,0.945,0.945,0.945,0.945,0.945,0.315,0.315,0.409,0.409,0.409,0.409,0.409,0.409,0.409,0.409,0.409,0.409,0.409,0.409,0.409,0.409,0.409,0.409,0.409,0.409,0.409,0.409,0.409,0.409,0.409,0.409
RGI60-19.01589,0.979,0.979,0.979,0.979,0.979,0.979,0.979,0.979,0.979,0.979,0.979,0.979,0.979,0.979,0.979,0.979,0.979,0.979,0.979,0.979,0.979,0.979,0.979,0.979,0.365,0.365,0.484,0.484,0.484,0.484,0.484,0.484,0.484,0.484,0.484,0.484,0.484,0.484,0.484,0.484,0.484,0.484,0.484,0.484,0.484,0.484,0.484,0.484,0.484,0.484
RGI60-19.01590,0.979,0.979,0.979,0.979,0.979,0.979,0.979,0.979,0.979,0.979,0.979,0.979,0.979,0.979,0.979,0.979,0.979,0.979,0.979,0.979,0.979,0.979,0.979,0.979,0.365,0.365,0.484,0.484,0.484,0.484,0.484,0.484,0.484,0.484,0.484,0.484,0.484,0.484,0.484,0.484,0.484,0.484,0.484,0.484,0.484,0.484,0.484,0.484,0.484,0.484
RGI60-19.01591,0.945,0.945,0.945,0.945,0.945,0.945,0.945,0.945,0.945,0.945,0.945,0.945,0.945,0.945,0.945,0.945,0.945,0.945,0.945,0.945,0.945,0.945,0.945,0.945,0.315,0.315,0.409,0.409,0.409,0.409,0.409,0.409,0.409,0.409,0.409,0.409,0.409,0.409,0.409,0.409,0.409,0.409,0.409,0.409,0.409,0.409,0.409,0.409,0.409,0.409
RGI60-19.01592,0.945,0.945,0.945,0.945,0.945,0.945,0.945,0.945,0.945,0.945,0.945,0.945,0.945,0.945,0.945,0.945,0.945,0.945,0.945,0.945,0.945,0.945,0.945,0.945,0.315,0.315,0.409,0.409,0.409,0.409,0.409,0.409,0.409,0.409,0.409,0.409,0.409,0.409,0.409,0.409,0.409,0.409,0.409,0.409,0.409,0.409,0.409,0.409,0.409,0.409
RGI60-19.01593,0.979,0.979,0.979,0.979,0.979,0.979,0.979,0.979,0.979,0.979,0.979,0.979,0.979,0.979,0.979,0.979,0.979,0.979,0.979,0.979,0.979,0.979,0.979,0.979,0.365,0.365,0.484,0.484,0.484,0.484,0.484,0.484,0.484,0.484,0.484,0.484,0.484,0.484,0.484,0.484,0.484,0.484,0.484,0.484,0.484,0.484,0.484,0.484,0.484,0.484
RGI60-19.01594,0.979,0.979,0.979,0.979,0.979,0.979,0.979,0.979,0.979,0.979,0.979,0.979,0.979,0.979,0.979,0.979,0.979,0.979,0.979,0.979,0.979,0.979,0.979,0.979,0.365,0.365,0.484,0.484,0.484,0.484,0.484,0.484,0.484,0.484,0.484,0.484,0.484,0.484,0.484,0.484,0.484,0.484,0.484,0.484,0.484,0.484,0.484,0.484,0.484,0.484
RGI60-19.01595,0.979,0.979,0.979,0.979,0.979,0.979,0.979,0.979,0.979,0.979,0.979,0.979,0.979,0.979,0.979,0.979,0.979,0.979,0.979,0.979,0.979,0.979,0.979,0.979,0.365,0.365,0.484,0.484,0.484,0.484,0.484,0.484,0.484,0.484,0.484,0.484,0.484,0.484,0.484,0.484,0.484,0.484,0.484,0.484,0.484,0.484,0.484,0.484,0.484,0.484
RGI60-19.01596,0.979,0.979,0.979,0.979,0.979,0.979,0.979,0.979,0.979,0.979,0.979,0.979,0.979,0.979,0.979,0.979,0.979,0.979,0.979,0.979,0.979,0.979,0.979,0.979,0.365,0.365,0.484,0.484,0.484,0.484,0.484,0.484,0.484,0.484,0.484,0.484,0.484,0.484,0.484,0.484,0.484,0.484,0.484,0.484,0.484,0.484,0.484,0.484,0.484,0.484
RGI60-19.01597,0.979,0.979,0.979,0.979,0.979,0.979,0.979,0.979,0.979,0.979,0.979,0.979,0.979,0.979,0.979,0.979,0.979,0.979,0.979,0.979,0.979,0.979,0.979,0.979,0.365,0.365,0.484,0.484,0.484,0.484,0.484,0.484,0.484,0.484,0.484,0.484,0.484,0.484,0.484,0.484,0.484,0.484,0.484,0.484,0.484,0.484,0.484,0.484,0.484,0.484
RGI60-19.01598,0.979,0.979,0.979,0.979,0.979,0.979,0.979,0.979,0.979,0.979,0.979,0.979,0.979,0.979,0.979,0.979,0.979,0.979,0.979,0.979,0.979,0.979,0.979,0.979,0.365,0.365,0.484,0.484,0.484,0.484,0.484,0.484,0.484,0.484,0.484,0.484,0.484,0.484,0.484,0.484,0.484,0.484,0.484,0.484,0.484,0.484,0.484,0.484,0.484,0.484
RGI60-19.01599,0.979,0.979,0.979,0.979,0.979,0.979,0.979,0.979,0.979,0.979,0.979,0.979,0.979,0.979,0.979,0.979,0.979,0.979,0.979,0.979,0.979,0.979,0.979,0.979,0.365,0.365,0.484,0.484,0.484,0.484,0.484,0.484,0.484,0.484,0.484,0.484,0.484,0.484,0.484,0.484,0.484,0.484,0.484,0.484,0.484,0.484,0.484,0.484,0.484,0.484
RGI60-19.01600,0.979,0.979,0.979,0.979,0.979,0.979,0.979,0.979,0.979,0.979,0.979,0.979,0.979,0.979,0.979,0.979,0.979,0.979,0.979,0.979,0.979,0.979,0.979,0.979,0.365,0.365,0.484,0.484,0.484,0.484,0.484,0.484,0.484,0.484,0.484,0.484,0.484,0.484,0.484,0.484,0.484,0.484,0.484,0.484,0.484,0.484,0.484,0.484,0.484,0.484
RGI60-19.01601,0.979,0.979,0.979,0.979,0.979,0.979,0.979,0.979,0.979,0.979,0.979,0.979,0.979,0.979,0.979,0.979,0.979,0.979,0.979,0.979,0.979,0.979,0.979,0.979,0.365,0.365,0.485,0.485,0.485,0.485,0.485,0.485,0.485,0.485,0.485,0.485,0.485,0.485,0.485,0.485,0.485,0.485,0.485,0.485,0.485,0.485,0.485,0.485,0.485,0.485
RGI60-19.01602,0.979,0.979,0.979,0.979,0.979,0.979,0.979,0.979,0.979,0.979,0.979,0.979,0.979,0.979,0.979,0.979,0.979,0.979,0.979,0.979,0.979,0.979,0.979,0.979,0.365,0.365,0.485,0.485,0.485,0.485,0.485,0.485,0.485,0.485,0.485,0.485,0.485,0.485,0.485,0.485,0.485,0.485,0.485,0.485,0.485,0.485,0.485,0.485,0.485,0.485
RGI60-19.01603,0.979,0.979,0.979,0.979,0.979,0.979,0.979,0.979,0.979,0.979,0.979,0.979,0.979,0.979,0.979,0.979,0.979,0.979,0.979,0.979,0.979,0.979,0.979,0.979,0.365,0.365,0.485,0.485,0.485,0.485,0.485,0.485,0.485,0.485,0.485,0.485,0.485,0.485,0.485,0.485,0.485,0.485,0.485,0.485,0.485,0.485,0.485,0.485,0.485,0.485
RGI60-19.01604,0.979,0.979,0.979,0.979,0.979,0.979,0.979,0.979,0.979,0.979,0.979,0.979,0.979,0.979,0.979,0.979,0.979,0.979,0.979,0.979,0.979,0.979,0.979,0.979,0.365,0.365,0.484,0.484,0.484,0.484,0.484,0.484,0.484,0.484,0.484,0.484,0.484,0.484,0.484,0.484,0.484,0.484,0.484,0.484,0.484,0.484,0.484,0.484,0.484,0.484
RGI60-19.01605,0.979,0.979,0.979,0.979,0.979,0.979,0.979,0.979,0.979,0.979,0.979,0.979,0.979,0.979,0.979,0.979,0.979,0.979,0.979,0.979,0.979,0.979,0.979,0.979,0.365,0.365,0.484,0.484,0.484,0.484,0.484,0.484,0.484,0.484,0.484,0.484,0.484,0.484,0.484,0.484,0.484,0.484,0.484,0.484,0.484,0.484,0.484,0.484,0.484,0.484
RGI60-19.01606,0.979,0.979,0.979,0.979,0.979,0.979,0.979,0.979,0.979,0.979,0.979,0.979,0.979,0.979,0.979,0.979,0.979,0.979,0.979,0.979,0.979,0.979,0.979,0.979,0.365,0.365,0.484,0.484,0.484,0.484,0.484,0.484,0.484,0.484,0.484,0.484,0.484,0.484,0.484,0.484,0.484,0.484,0.484,0.484,0.484,0.484,0.484,0.484,0.484,0.484
RGI60-19.01607,0.979,0.979,0.979,0.979,0.979,0.979,0.979,0.979,0.979,0.979,0.979,0.979,0.979,0.979,0.979,0.979,0.979,0.979,0.979,0.979,0.979,0.979,0.979,0.979,0.365,0.365,0.484,0.484,0.484,0.484,0.484,0.484,0.484,0.484,0.484,0.484,0.484,0.484,0.484,0.484,0.484,0.484,0.484,0.484,0.484,0.484,0.484,0.484,0.484,0.484
RGI60-19.01608,0.979,0.979,0.979,0.979,0.979,0.979,0.979,0.979,0.979,0.979,0.979,0.979,0.979,0.979,0.979,0.979,0.979,0.979,0.979,0.979,0.979,0.979,0.979,0.979,0.365,0.365,0.484,0.484,0.484,0.484,0.484,0.484,0.484,0.484,0.484,0.484,0.484,0.484,0.484,0.484,0.484,0.484,0.484,0.484,0.484,0.484,0.484,0.484,0.484,0.484
RGI60-19.01609,0.979,0.979,0.979,0.979,0.979,0.979,0.979,0.979,0.979,0.979,0.979,0.979,0.979,0.979,0.979,0.979,0.979,0.979,0.979,0.979,0.979,0.979,0.979,0.979,0.365,0.365,0.484,0.484,0.484,0.484,0.484,0.484,0.484,0.484,0.484,0.484,0.484,0.484,0.484,0.484,0.484,0.484,0.484,0.484,0.484,0.484,0.484,0.484,0.484,0.484
RGI60-19.01610,0.979,0.979,0.979,0.979,0.979,0.979,0.979,0.979,0.979,0.979,0.979,0.979,0.979,0.979,0.979,0.979,0.979,0.979,0.979,0.979,0.979,0.979,0.979,0.979,0.365,0.365,0.484,0.484,0.484,0.484,0.484,0.484,0.484,0.484,0.484,0.484,0.484,0.484,0.484,0.484,0.484,0.484,0.484,0.484,0.484,0.484,0.484,0.484,0.484,0.484
RGI60-19.01611,0.979,0.979,0.979,0.979,0.979,0.979,0.979,0.979,0.979,0.979,0.979,0.979,0.979,0.979,0.979,0.979,0.979,0.979,0.979,0.979,0.979,0.979,0.979,0.979,0.365,0.365,0.485,0.485,0.485,0.485,0.485,0.485,0.485,0.485,0.485,0.485,0.485,0.485,0.485,0.485,0.485,0.485,0.485,0.485,0.485,0.485,0.485,0.485,0.485,0.485
RGI60-19.01612,0.979,0.979,0.979,0.979,0.979,0.979,0.979,0.979,0.979,0.979,0.979,0.979,0.979,0.979,0.979,0.979,0.979,0.979,0.979,0.979,0.979,0.979,0.979,0.979,0.365,0.365,0.485,0.485,0.485,0.485,0.485,0.485,0.485,0.485,0.485,0.485,0.485,0.485,0.485,0.485,0.485,0.485,0.485,0.485,0.485,0.485,0.485,0.485,0.485,0.485
RGI60-19.01613,0.979,0.979,0.979,0.979,0.979,0.979,0.979,0.979,0.979,0.979,0.979,0.979,0.979,0.979,0.979,0.979,0.979,0.979,0.979,0.979,0.979,0.979,0.979,0.979,0.365,0.365,0.485,0.485,0.485,0.485,0.485,0.485,0.485,0.485,0.485,0.485,0.485,0.485,0.485,0.485,0.485,0.485,0.485,0.485,0.485,0.485,0.485,0.485,0.485,0.485
RGI60-19.01614,0.979,0.979,0.979,0.979,0.979,0.979,0.979,0.979,0.979,0.979,0.979,0.979,0.979,0.979,0.979,0.979,0.979,0.979,0.979,0.979,0.979,0.979,0.979,0.979,0.365,0.365,0.485,0.485,0.485,0.485,0.485,0.485,0.485,0.485,0.485,0.485,0.485,0.485,0.485,0.485,0.485,0.485,0.485,0.485,0.485,0.485,0.485,0.485,0.485,0.485
RGI60-19.01615,0.979,0.979,0.979,0.979,0.979,0.979,0.979,0.979,0.979,0.979,0.979,0.979,0.979,0.979,0.979,0.979,0.979,0.979,0.979,0.979,0.979,0.979,0.979,0.979,0.365,0.365,0.485,0.485,0.485,0.485,0.485,0.485,0.485,0.485,0.485,0.485,0.485,0.485,0.485,0.485,0.485,0.485,0.485,0.485,0.485,0.485,0.485,0.485,0.485,0.485
RGI60-19.01616,0.979,0.979,0.979,0.979,0.979,0.979,0.979,0.979,0.979,0.979,0.979,0.979,0.979,0.979,0.979,0.979,0.979,0.979,0.979,0.979,0.979,0.979,0.979,0.979,0.365,0.365,0.485,0.485,0.485,0.485,0.485,0.485,0.485,0.485,0.485,0.485,0.485,0.485,0.485,0.485,0.485,0.485,0.485,0.485,0.485,0.485,0.485,0.485,0.485,0.485
RGI60-19.01617,0.945,0.945,0.945,0.945,0.945,0.945,0.945,0.945,0.945,0.945,0.945,0.945,0.945,0.945,0.945,0.945,0.945,0.945,0.945,0.945,0.945,0.945,0.945,0.945,0.315,0.315,0.409,0.409,0.409,0.409,0.409,0.409,0.409,0.409,0.409,0.409,0.409,0.409,0.409,0.409,0.409,0.409,0.409,0.409,0.409,0.409,0.409,0.409,0.409,0.409
RGI60-19.01618,0.979,0.979,0.979,0.979,0.979,0.979,0.979,0.979,0.979,0.979,0.979,0.979,0.979,0.979,0.979,0.979,0.979,0.979,0.979,0.979,0.979,0.979,0.979,0.979,0.365,0.365,0.485,0.485,0.485,0.485,0.485,0.485,0.485,0.485,0.485,0.485,0.485,0.485,0.485,0.485,0.485,0.485,0.485,0.485,0.485,0.485,0.485,0.485,0.485,0.485
RGI60-19.01619,0.979,0.979,0.979,0.979,0.979,0.979,0.979,0.979,0.979,0.979,0.979,0.979,0.979,0.979,0.979,0.979,0.979,0.979,0.979,0.979,0.979,0.979,0.979,0.979,0.365,0.365,0.484,0.484,0.484,0.484,0.484,0.484,0.484,0.484,0.484,0.484,0.484,0.484,0.484,0.484,0.484,0.484,0.484,0.484,0.484,0.484,0.484,0.484,0.484,0.484
RGI60-19.01620,0.979,0.979,0.979,0.979,0.979,0.979,0.979,0.979,0.979,0.979,0.979,0.979,0.979,0.979,0.979,0.979,0.979,0.979,0.979,0.979,0.979,0.979,0.979,0.979,0.365,0.365,0.484,0.484,0.484,0.484,0.484,0.484,0.484,0.484,0.484,0.484,0.484,0.484,0.484,0.484,0.484,0.484,0.484,0.484,0.484,0.484,0.484,0.484,0.484,0.484
RGI60-19.01621,0.979,0.979,0.979,0.979,0.979,0.979,0.979,0.979,0.979,0.979,0.979,0.979,0.979,0.979,0.979,0.979,0.979,0.979,0.979,0.979,0.979,0.979,0.979,0.979,0.365,0.365,0.484,0.484,0.484,0.484,0.484,0.484,0.484,0.484,0.484,0.484,0.484,0.484,0.484,0.484,0.484,0.484,0.484,0.484,0.484,0.484,0.484,0.484,0.484,0.484
RGI60-19.01622,0.979,0.979,0.979,0.979,0.979,0.979,0.979,0.979,0.979,0.979,0.979,0.979,0.979,0.979,0.979,0.979,0.979,0.979,0.979,0.979,0.979,0.979,0.979,0.979,0.365,0.365,0.484,0.484,0.484,0.484,0.484,0.484,0.484,0.484,0.484,0.484,0.484,0.484,0.484,0.484,0.484,0.484,0.484,0.484,0.484,0.484,0.484,0.484,0.484,0.484
RGI60-19.01623,0.945,0.945,0.945,0.945,0.945,0.945,0.945,0.945,0.945,0.945,0.945,0.945,0.945,0.945,0.945,0.945,0.945,0.945,0.945,0.945,0.945,0.945,0.945,0.945,0.315,0.315,0.409,0.409,0.409,0.409,0.409,0.409,0.409,0.409,0.409,0.409,0.409,0.409,0.409,0.409,0.409,0.409,0.409,0.409,0.409,0.409,0.409,0.409,0.409,0.409
RGI60-19.01624,0.979,0.979,0.979,0.979,0.979,0.979,0.979,0.979,0.979,0.979,0.979,0.979,0.979,0.979,0.979,0.979,0.979,0.979,0.979,0.979,0.979,0.979,0.979,0.979,0.365,0.365,0.484,0.484,0.484,0.484,0.484,0.484,0.484,0.484,0.484,0.484,0.484,0.484,0.484,0.484,0.484,0.484,0.484,0.484,0.484,0.484,0.484,0.484,0.484,0.484
RGI60-19.01625,0.979,0.979,0.979,0.979,0.979,0.979,0.979,0.979,0.979,0.979,0.979,0.979,0.979,0.979,0.979,0.979,0.979,0.979,0.979,0.979,0.979,0.979,0.979,0.979,0.365,0.365,0.484,0.484,0.484,0.484,0.484,0.484,0.484,0.484,0.484,0.484,0.484,0.484,0.484,0.484,0.484,0.484,0.484,0.484,0.484,0.484,0.484,0.484,0.484,0.484
RGI60-19.01626,0.945,0.945,0.945,0.945,0.945,0.945,0.945,0.945,0.945,0.945,0.945,0.945,0.945,0.945,0.945,0.945,0.945,0.945,0.945,0.945,0.945,0.945,0.945,0.945,0.315,0.315,0.409,0.409,0.409,0.409,0.409,0.409,0.409,0.409,0.409,0.409,0.409,0.409,0.409,0.409,0.409,0.409,0.409,0.409,0.409,0.409,0.409,0.409,0.409,0.409
RGI60-19.01627,0.979,0.979,0.979,0.979,0.979,0.979,0.979,0.979,0.979,0.979,0.979,0.979,0.979,0.979,0.979,0.979,0.979,0.979,0.979,0.979,0.979,0.979,0.979,0.979,0.365,0.365,0.484,0.484,0.484,0.484,0.484,0.484,0.484,0.484,0.484,0.484,0.484,0.484,0.484,0.484,0.484,0.484,0.484,0.484,0.484,0.484,0.484,0.484,0.484,0.484
RGI60-19.01628,0.979,0.979,0.979,0.979,0.979,0.979,0.979,0.979,0.979,0.979,0.979,0.979,0.979,0.979,0.979,0.979,0.979,0.979,0.979,0.979,0.979,0.979,0.979,0.979,0.365,0.365,0.484,0.484,0.484,0.484,0.484,0.484,0.484,0.484,0.484,0.484,0.484,0.484,0.484,0.484,0.484,0.484,0.484,0.484,0.484,0.484,0.484,0.484,0.484,0.484
RGI60-19.01629,0.979,0.979,0.979,0.979,0.979,0.979,0.979,0.979,0.979,0.979,0.979,0.979,0.979,0.979,0.979,0.979,0.979,0.979,0.979,0.979,0.979,0.979,0.979,0.979,0.365,0.365,0.484,0.484,0.484,0.484,0.484,0.484,0.484,0.484,0.484,0.484,0.484,0.484,0.484,0.484,0.484,0.484,0.484,0.484,0.484,0.484,0.484,0.484,0.484,0.484
RGI60-19.01630,0.979,0.979,0.979,0.979,0.979,0.979,0.979,0.979,0.979,0.979,0.979,0.979,0.979,0.979,0.979,0.979,0.979,0.979,0.979,0.979,0.979,0.979,0.979,0.979,0.365,0.365,0.484,0.484,0.484,0.484,0.484,0.484,0.484,0.484,0.484,0.484,0.484,0.484,0.484,0.484,0.484,0.484,0.484,0.484,0.484,0.484,0.484,0.484,0.484,0.484
RGI60-19.01631,0.979,0.979,0.979,0.979,0.979,0.979,0.979,0.979,0.979,0.979,0.979,0.979,0.979,0.979,0.979,0.979,0.979,0.979,0.979,0.979,0.979,0.979,0.979,0.979,0.365,0.365,0.484,0.484,0.484,0.484,0.484,0.484,0.484,0.484,0.484,0.484,0.484,0.484,0.484,0.484,0.484,0.484,0.484,0.484,0.484,0.484,0.484,0.484,0.484,0.484
RGI60-19.01632,0.979,0.979,0.979,0.979,0.979,0.979,0.979,0.979,0.979,0.979,0.979,0.979,0.979,0.979,0.979,0.979,0.979,0.979,0.979,0.979,0.979,0.979,0.979,0.979,0.365,0.365,0.484,0.484,0.484,0.484,0.484,0.484,0.484,0.484,0.484,0.484,0.484,0.484,0.484,0.484,0.484,0.484,0.484,0.484,0.484,0.484,0.484,0.484,0.484,0.484
RGI60-19.01633,0.979,0.979,0.979,0.979,0.979,0.979,0.979,0.979,0.979,0.979,0.979,0.979,0.979,0.979,0.979,0.979,0.979,0.979,0.979,0.979,0.979,0.979,0.979,0.979,0.365,0.365,0.484,0.484,0.484,0.484,0.484,0.484,0.484,0.484,0.484,0.484,0.484,0.484,0.484,0.484,0.484,0.484,0.484,0.484,0.484,0.484,0.484,0.484,0.484,0.484
RGI60-19.01634,0.979,0.979,0.979,0.979,0.979,0.979,0.979,0.979,0.979,0.979,0.979,0.979,0.979,0.979,0.979,0.979,0.979,0.979,0.979,0.979,0.979,0.979,0.979,0.979,0.365,0.365,0.484,0.484,0.484,0.484,0.484,0.484,0.484,0.484,0.484,0.484,0.484,0.484,0.484,0.484,0.484,0.484,0.484,0.484,0.484,0.484,0.484,0.484,0.484,0.484
RGI60-19.01635,0.979,0.979,0.979,0.979,0.979,0.979,0.979,0.979,0.979,0.979,0.979,0.979,0.979,0.979,0.979,0.979,0.979,0.979,0.979,0.979,0.979,0.979,0.979,0.979,0.365,0.365,0.484,0.484,0.484,0.484,0.484,0.484,0.484,0.484,0.484,0.484,0.484,0.484,0.484,0.484,0.484,0.484,0.484,0.484,0.484,0.484,0.484,0.484,0.484,0.484
RGI60-19.01636,0.979,0.979,0.979,0.979,0.979,0.979,0.979,0.979,0.979,0.979,0.979,0.979,0.979,0.979,0.979,0.979,0.979,0.979,0.979,0.979,0.979,0.979,0.979,0.979,0.365,0.365,0.484,0.484,0.484,0.484,0.484,0.484,0.484,0.484,0.484,0.484,0.484,0.484,0.484,0.484,0.484,0.484,0.484,0.484,0.484,0.484,0.484,0.484,0.484,0.484
RGI60-19.01637,0.979,0.979,0.979,0.979,0.979,0.979,0.979,0.979,0.979,0.979,0.979,0.979,0.979,0.979,0.979,0.979,0.979,0.979,0.979,0.979,0.979,0.979,0.979,0.979,0.365,0.365,0.484,0.484,0.484,0.484,0.484,0.484,0.484,0.484,0.484,0.484,0.484,0.484,0.484,0.484,0.484,0.484,0.484,0.484,0.484,0.484,0.484,0.484,0.484,0.484
RGI60-19.01638,0.979,0.979,0.979,0.979,0.979,0.979,0.979,0.979,0.979,0.979,0.979,0.979,0.979,0.979,0.979,0.979,0.979,0.979,0.979,0.979,0.979,0.979,0.979,0.979,0.365,0.365,0.484,0.484,0.484,0.484,0.484,0.484,0.484,0.484,0.484,0.484,0.484,0.484,0.484,0.484,0.484,0.484,0.484,0.484,0.484,0.484,0.484,0.484,0.484,0.484
RGI60-19.01639,0.945,0.945,0.945,0.945,0.945,0.945,0.945,0.945,0.945,0.945,0.945,0.945,0.945,0.945,0.945,0.945,0.945,0.945,0.945,0.945,0.945,0.945,0.945,0.945,0.315,0.315,0.409,0.409,0.409,0.409,0.409,0.409,0.409,0.409,0.409,0.409,0.409,0.409,0.409,0.409,0.409,0.409,0.409,0.409,0.409,0.409,0.409,0.409,0.409,0.409
RGI60-19.01640,0.979,0.979,0.979,0.979,0.979,0.979,0.979,0.979,0.979,0.979,0.979,0.979,0.979,0.979,0.979,0.979,0.979,0.979,0.979,0.979,0.979,0.979,0.979,0.979,0.365,0.365,0.484,0.484,0.484,0.484,0.484,0.484,0.484,0.484,0.484,0.484,0.484,0.484,0.484,0.484,0.484,0.484,0.484,0.484,0.484,0.484,0.484,0.484,0.484,0.484
RGI60-19.01641,0.979,0.979,0.979,0.979,0.979,0.979,0.979,0.979,0.979,0.979,0.979,0.979,0.979,0.979,0.979,0.979,0.979,0.979,0.979,0.979,0.979,0.979,0.979,0.979,0.365,0.365,0.484,0.484,0.484,0.484,0.484,0.484,0.484,0.484,0.484,0.484,0.484,0.484,0.484,0.484,0.484,0.484,0.484,0.484,0.484,0.484,0.484,0.484,0.484,0.484
RGI60-19.01642,0.979,0.979,0.979,0.979,0.979,0.979,0.979,0.979,0.979,0.979,0.979,0.979,0.979,0.979,0.979,0.979,0.979,0.979,0.979,0.979,0.979,0.979,0.979,0.979,0.365,0.365,0.484,0.484,0.484,0.484,0.484,0.484,0.484,0.484,0.484,0.484,0.484,0.484,0.484,0.484,0.484,0.484,0.484,0.484,0.484,0.484,0.484,0.484,0.484,0.484
RGI60-19.01643,0.979,0.979,0.979,0.979,0.979,0.979,0.979,0.979,0.979,0.979,0.979,0.979,0.979,0.979,0.979,0.979,0.979,0.979,0.979,0.979,0.979,0.979,0.979,0.979,0.365,0.365,0.484,0.484,0.484,0.484,0.484,0.484,0.484,0.484,0.484,0.484,0.484,0.484,0.484,0.484,0.484,0.484,0.484,0.484,0.484,0.484,0.484,0.484,0.484,0.484
RGI60-19.01644,0.979,0.979,0.979,0.979,0.979,0.979,0.979,0.979,0.979,0.979,0.979,0.979,0.979,0.979,0.979,0.979,0.979,0.979,0.979,0.979,0.979,0.979,0.979,0.979,0.365,0.365,0.484,0.484,0.484,0.484,0.484,0.484,0.484,0.484,0.484,0.484,0.484,0.484,0.484,0.484,0.484,0.484,0.484,0.484,0.484,0.484,0.484,0.484,0.484,0.484
RGI60-19.01645,0.979,0.979,0.979,0.979,0.979,0.979,0.979,0.979,0.979,0.979,0.979,0.979,0.979,0.979,0.979,0.979,0.979,0.979,0.979,0.979,0.979,0.979,0.979,0.979,0.365,0.365,0.484,0.484,0.484,0.484,0.484,0.484,0.484,0.484,0.484,0.484,0.484,0.484,0.484,0.484,0.484,0.484,0.484,0.484,0.484,0.484,0.484,0.484,0.484,0.484
RGI60-19.01646,0.979,0.979,0.979,0.979,0.979,0.979,0.979,0.979,0.979,0.979,0.979,0.979,0.979,0.979,0.979,0.979,0.979,0.979,0.979,0.979,0.979,0.979,0.979,0.979,0.365,0.365,0.485,0.485,0.485,0.485,0.485,0.485,0.485,0.485,0.485,0.485,0.485,0.485,0.485,0.485,0.485,0.485,0.485,0.485,0.485,0.485,0.485,0.485,0.485,0.485
RGI60-19.01647,0.979,0.979,0.979,0.979,0.979,0.979,0.979,0.979,0.979,0.979,0.979,0.979,0.979,0.979,0.979,0.979,0.979,0.979,0.979,0.979,0.979,0.979,0.979,0.979,0.365,0.365,0.485,0.485,0.485,0.485,0.485,0.485,0.485,0.485,0.485,0.485,0.485,0.485,0.485,0.485,0.485,0.485,0.485,0.485,0.485,0.485,0.485,0.485,0.485,0.485
RGI60-19.01648,0.979,0.979,0.979,0.979,0.979,0.979,0.979,0.979,0.979,0.979,0.979,0.979,0.979,0.979,0.979,0.979,0.979,0.979,0.979,0.979,0.979,0.979,0.979,0.979,0.365,0.365,0.485,0.485,0.485,0.485,0.485,0.485,0.485,0.485,0.485,0.485,0.485,0.485,0.485,0.485,0.485,0.485,0.485,0.485,0.485,0.485,0.485,0.485,0.485,0.485
RGI60-19.01649,0.979,0.979,0.979,0.979,0.979,0.979,0.979,0.979,0.979,0.979,0.979,0.979,0.979,0.979,0.979,0.979,0.979,0.979,0.979,0.979,0.979,0.979,0.979,0.979,0.365,0.365,0.485,0.485,0.485,0.485,0.485,0.485,0.485,0.485,0.485,0.485,0.485,0.485,0.485,0.485,0.485,0.485,0.485,0.485,0.485,0.485,0.485,0.485,0.485,0.485
RGI60-19.01650,0.979,0.979,0.979,0.979,0.979,0.979,0.979,0.979,0.979,0.979,0.979,0.979,0.979,0.979,0.979,0.979,0.979,0.979,0.979,0.979,0.979,0.979,0.979,0.979,0.365,0.365,0.485,0.485,0.485,0.485,0.485,0.485,0.485,0.485,0.485,0.485,0.485,0.485,0.485,0.485,0.485,0.485,0.485,0.485,0.485,0.485,0.485,0.485,0.485,0.485
RGI60-19.01651,0.979,0.979,0.979,0.979,0.979,0.979,0.979,0.979,0.979,0.979,0.979,0.979,0.979,0.979,0.979,0.979,0.979,0.979,0.979,0.979,0.979,0.979,0.979,0.979,0.365,0.365,0.485,0.485,0.485,0.485,0.485,0.485,0.485,0.485,0.485,0.485,0.485,0.485,0.485,0.485,0.485,0.485,0.485,0.485,0.485,0.485,0.485,0.485,0.485,0.485
RGI60-19.01652,0.979,0.979,0.979,0.979,0.979,0.979,0.979,0.979,0.979,0.979,0.979,0.979,0.979,0.979,0.979,0.979,0.979,0.979,0.979,0.979,0.979,0.979,0.979,0.979,0.365,0.365,0.485,0.485,0.485,0.485,0.485,0.485,0.485,0.485,0.485,0.485,0.485,0.485,0.485,0.485,0.485,0.485,0.485,0.485,0.485,0.485,0.485,0.485,0.485,0.485
RGI60-19.01653,0.979,0.979,0.979,0.979,0.979,0.979,0.979,0.979,0.979,0.979,0.979,0.979,0.979,0.979,0.979,0.979,0.979,0.979,0.979,0.979,0.979,0.979,0.979,0.979,0.365,0.365,0.485,0.485,0.485,0.485,0.485,0.485,0.485,0.485,0.485,0.485,0.485,0.485,0.485,0.485,0.485,0.485,0.485,0.485,0.485,0.485,0.485,0.485,0.485,0.485
RGI60-19.01654,0.979,0.979,0.979,0.979,0.979,0.979,0.979,0.979,0.979,0.979,0.979,0.979,0.979,0.979,0.979,0.979,0.979,0.979,0.979,0.979,0.979,0.979,0.979,0.979,0.365,0.365,0.485,0.485,0.485,0.485,0.485,0.485,0.485,0.485,0.485,0.485,0.485,0.485,0.485,0.485,0.485,0.485,0.485,0.485,0.485,0.485,0.485,0.485,0.485,0.485
RGI60-19.01655,0.979,0.979,0.979,0.979,0.979,0.979,0.979,0.979,0.979,0.979,0.979,0.979,0.979,0.979,0.979,0.979,0.979,0.979,0.979,0.979,0.979,0.979,0.979,0.979,0.365,0.365,0.485,0.485,0.485,0.485,0.485,0.485,0.485,0.485,0.485,0.485,0.485,0.485,0.485,0.485,0.485,0.485,0.485,0.485,0.485,0.485,0.485,0.485,0.485,0.485
RGI60-19.01656,0.979,0.979,0.979,0.979,0.979,0.979,0.979,0.979,0.979,0.979,0.979,0.979,0.979,0.979,0.979,0.979,0.979,0.979,0.979,0.979,0.979,0.979,0.979,0.979,0.365,0.365,0.485,0.485,0.485,0.485,0.485,0.485,0.485,0.485,0.485,0.485,0.485,0.485,0.485,0.485,0.485,0.485,0.485,0.485,0.485,0.485,0.485,0.485,0.485,0.485
RGI60-19.01657,0.979,0.979,0.979,0.979,0.979,0.979,0.979,0.979,0.979,0.979,0.979,0.979,0.979,0.979,0.979,0.979,0.979,0.979,0.979,0.979,0.979,0.979,0.979,0.979,0.365,0.365,0.485,0.485,0.485,0.485,0.485,0.485,0.485,0.485,0.485,0.485,0.485,0.485,0.485,0.485,0.485,0.485,0.485,0.485,0.485,0.485,0.485,0.485,0.485,0.485
RGI60-19.01658,0.979,0.979,0.979,0.979,0.979,0.979,0.979,0.979,0.979,0.979,0.979,0.979,0.979,0.979,0.979,0.979,0.979,0.979,0.979,0.979,0.979,0.979,0.979,0.979,0.365,0.365,0.485,0.485,0.485,0.485,0.485,0.485,0.485,0.485,0.485,0.485,0.485,0.485,0.485,0.485,0.485,0.485,0.485,0.485,0.485,0.485,0.485,0.485,0.485,0.485
RGI60-19.01659,0.979,0.979,0.979,0.979,0.979,0.979,0.979,0.979,0.979,0.979,0.979,0.979,0.979,0.979,0.979,0.979,0.979,0.979,0.979,0.979,0.979,0.979,0.979,0.979,0.365,0.365,0.485,0.485,0.485,0.485,0.485,0.485,0.485,0.485,0.485,0.485,0.485,0.485,0.485,0.485,0.485,0.485,0.485,0.485,0.485,0.485,0.485,0.485,0.485,0.485
RGI60-19.01660,0.979,0.979,0.979,0.979,0.979,0.979,0.979,0.979,0.979,0.979,0.979,0.979,0.979,0.979,0.979,0.979,0.979,0.979,0.979,0.979,0.979,0.979,0.979,0.979,0.365,0.365,0.485,0.485,0.485,0.485,0.485,0.485,0.485,0.485,0.485,0.485,0.485,0.485,0.485,0.485,0.485,0.485,0.485,0.485,0.485,0.485,0.485,0.485,0.485,0.485
RGI60-19.01661,0.979,0.979,0.979,0.979,0.979,0.979,0.979,0.979,0.979,0.979,0.979,0.979,0.979,0.979,0.979,0.979,0.979,0.979,0.979,0.979,0.979,0.979,0.979,0.979,0.365,0.365,0.485,0.485,0.485,0.485,0.485,0.485,0.485,0.485,0.485,0.485,0.485,0.485,0.485,0.485,0.485,0.485,0.485,0.485,0.485,0.485,0.485,0.485,0.485,0.485
RGI60-19.01662,0.979,0.979,0.979,0.979,0.979,0.979,0.979,0.979,0.979,0.979,0.979,0.979,0.979,0.979,0.979,0.979,0.979,0.979,0.979,0.979,0.979,0.979,0.979,0.979,0.365,0.365,0.485,0.485,0.485,0.485,0.485,0.485,0.485,0.485,0.485,0.485,0.485,0.485,0.485,0.485,0.485,0.485,0.485,0.485,0.485,0.485,0.485,0.485,0.485,0.485
RGI60-19.01663,0.945,0.945,0.945,0.945,0.945,0.945,0.945,0.945,0.945,0.945,0.945,0.945,0.945,0.945,0.945,0.945,0.945,0.945,0.945,0.945,0.945,0.945,0.945,0.945,0.315,0.315,0.409,0.409,0.409,0.409,0.409,0.409,0.409,0.409,0.409,0.409,0.409,0.409,0.409,0.409,0.409,0.409,0.409,0.409,0.409,0.409,0.409,0.409,0.409,0.409
RGI60-19.01664,0.979,0.979,0.979,0.979,0.979,0.979,0.979,0.979,0.979,0.979,0.979,0.979,0.979,0.979,0.979,0.979,0.979,0.979,0.979,0.979,0.979,0.979,0.979,0.979,0.365,0.365,0.485,0.485,0.485,0.485,0.485,0.485,0.485,0.485,0.485,0.485,0.485,0.485,0.485,0.485,0.485,0.485,0.485,0.485,0.485,0.485,0.485,0.485,0.485,0.485
RGI60-19.01665,0.945,0.945,0.945,0.945,0.945,0.945,0.945,0.945,0.945,0.945,0.945,0.945,0.945,0.945,0.945,0.945,0.945,0.945,0.945,0.945,0.945,0.945,0.945,0.945,0.315,0.315,0.409,0.409,0.409,0.409,0.409,0.409,0.409,0.409,0.409,0.409,0.409,0.409,0.409,0.409,0.409,0.409,0.409,0.409,0.409,0.409,0.409,0.409,0.409,0.409
RGI60-19.01666,0.945,0.945,0.945,0.945,0.945,0.945,0.945,0.945,0.945,0.945,0.945,0.945,0.945,0.945,0.945,0.945,0.945,0.945,0.945,0.945,0.945,0.945,0.945,0.945,0.315,0.315,0.409,0.409,0.409,0.409,0.409,0.409,0.409,0.409,0.409,0.409,0.409,0.409,0.409,0.409,0.409,0.409,0.409,0.409,0.409,0.409,0.409,0.409,0.409,0.409
RGI60-19.01667,0.945,0.945,0.945,0.945,0.945,0.945,0.945,0.945,0.945,0.945,0.945,0.945,0.945,0.945,0.945,0.945,0.945,0.945,0.945,0.945,0.945,0.945,0.945,0.945,0.315,0.315,0.409,0.409,0.409,0.409,0.409,0.409,0.409,0.409,0.409,0.409,0.409,0.409,0.409,0.409,0.409,0.409,0.409,0.409,0.409,0.409,0.409,0.409,0.409,0.409
RGI60-19.01668,0.945,0.945,0.945,0.945,0.945,0.945,0.945,0.945,0.945,0.945,0.945,0.945,0.945,0.945,0.945,0.945,0.945,0.945,0.945,0.945,0.945,0.945,0.945,0.945,0.315,0.315,0.409,0.409,0.409,0.409,0.409,0.409,0.409,0.409,0.409,0.409,0.409,0.409,0.409,0.409,0.409,0.409,0.409,0.409,0.409,0.409,0.409,0.409,0.409,0.409
RGI60-19.01669,0.945,0.945,0.945,0.945,0.945,0.945,0.945,0.945,0.945,0.945,0.945,0.945,0.945,0.945,0.945,0.945,0.945,0.945,0.945,0.945,0.945,0.945,0.945,0.945,0.315,0.315,0.409,0.409,0.409,0.409,0.409,0.409,0.409,0.409,0.409,0.409,0.409,0.409,0.409,0.409,0.409,0.409,0.409,0.409,0.409,0.409,0.409,0.409,0.409,0.409
RGI60-19.01670,0.979,0.979,0.979,0.979,0.979,0.979,0.979,0.979,0.979,0.979,0.979,0.979,0.979,0.979,0.979,0.979,0.979,0.979,0.979,0.979,0.979,0.979,0.979,0.979,0.365,0.365,0.485,0.485,0.485,0.485,0.485,0.485,0.485,0.485,0.485,0.485,0.485,0.485,0.485,0.485,0.485,0.485,0.485,0.485,0.485,0.485,0.485,0.485,0.485,0.485
RGI60-19.01671,0.979,0.979,0.979,0.979,0.979,0.979,0.979,0.979,0.979,0.979,0.979,0.979,0.979,0.979,0.979,0.979,0.979,0.979,0.979,0.979,0.979,0.979,0.979,0.979,0.365,0.365,0.485,0.485,0.485,0.485,0.485,0.485,0.485,0.485,0.485,0.485,0.485,0.485,0.485,0.485,0.485,0.485,0.485,0.485,0.485,0.485,0.485,0.485,0.485,0.485
RGI60-19.01672,0.979,0.979,0.979,0.979,0.979,0.979,0.979,0.979,0.979,0.979,0.979,0.979,0.979,0.979,0.979,0.979,0.979,0.979,0.979,0.979,0.979,0.979,0.979,0.979,0.365,0.365,0.485,0.485,0.485,0.485,0.485,0.485,0.485,0.485,0.485,0.485,0.485,0.485,0.485,0.485,0.485,0.485,0.485,0.485,0.485,0.485,0.485,0.485,0.485,0.485
RGI60-19.01673,0.979,0.979,0.979,0.979,0.979,0.979,0.979,0.979,0.979,0.979,0.979,0.979,0.979,0.979,0.979,0.979,0.979,0.979,0.979,0.979,0.979,0.979,0.979,0.979,0.365,0.365,0.485,0.485,0.485,0.485,0.485,0.485,0.485,0.485,0.485,0.485,0.485,0.485,0.485,0.485,0.485,0.485,0.485,0.485,0.485,0.485,0.485,0.485,0.485,0.485
RGI60-19.01674,0.945,0.945,0.945,0.945,0.945,0.945,0.945,0.945,0.945,0.945,0.945,0.945,0.945,0.945,0.945,0.945,0.945,0.945,0.945,0.945,0.945,0.945,0.945,0.945,0.315,0.315,0.409,0.409,0.409,0.409,0.409,0.409,0.409,0.409,0.409,0.409,0.409,0.409,0.409,0.409,0.409,0.409,0.409,0.409,0.409,0.409,0.409,0.409,0.409,0.409
RGI60-19.01675,0.945,0.945,0.945,0.945,0.945,0.945,0.945,0.945,0.945,0.945,0.945,0.945,0.945,0.945,0.945,0.945,0.945,0.945,0.945,0.945,0.945,0.945,0.945,0.945,0.315,0.315,0.409,0.409,0.409,0.409,0.409,0.409,0.409,0.409,0.409,0.409,0.409,0.409,0.409,0.409,0.409,0.409,0.409,0.409,0.409,0.409,0.409,0.409,0.409,0.409
RGI60-19.01676,0.945,0.945,0.945,0.945,0.945,0.945,0.945,0.945,0.945,0.945,0.945,0.945,0.945,0.945,0.945,0.945,0.945,0.945,0.945,0.945,0.945,0.945,0.945,0.945,0.315,0.315,0.409,0.409,0.409,0.409,0.409,0.409,0.409,0.409,0.409,0.409,0.409,0.409,0.409,0.409,0.409,0.409,0.409,0.409,0.409,0.409,0.409,0.409,0.409,0.409
RGI60-19.01677,0.945,0.945,0.945,0.945,0.945,0.945,0.945,0.945,0.945,0.945,0.945,0.945,0.945,0.945,0.945,0.945,0.945,0.945,0.945,0.945,0.945,0.945,0.945,0.945,0.315,0.315,0.409,0.409,0.409,0.409,0.409,0.409,0.409,0.409,0.409,0.409,0.409,0.409,0.409,0.409,0.409,0.409,0.409,0.409,0.409,0.409,0.409,0.409,0.409,0.409
RGI60-19.01678,0.945,0.945,0.945,0.945,0.945,0.945,0.945,0.945,0.945,0.945,0.945,0.945,0.945,0.945,0.945,0.945,0.945,0.945,0.945,0.945,0.945,0.945,0.945,0.945,0.315,0.315,0.409,0.409,0.409,0.409,0.409,0.409,0.409,0.409,0.409,0.409,0.409,0.409,0.409,0.409,0.409,0.409,0.409,0.409,0.409,0.409,0.409,0.409,0.409,0.409
RGI60-19.01679,0.979,0.979,0.979,0.979,0.979,0.979,0.979,0.979,0.979,0.979,0.979,0.979,0.979,0.979,0.979,0.979,0.979,0.979,0.979,0.979,0.979,0.979,0.979,0.979,0.365,0.365,0.485,0.485,0.485,0.485,0.485,0.485,0.485,0.485,0.485,0.485,0.485,0.485,0.485,0.485,0.485,0.485,0.485,0.485,0.485,0.485,0.485,0.485,0.485,0.485
RGI60-19.01680,0.979,0.979,0.979,0.979,0.979,0.979,0.979,0.979,0.979,0.979,0.979,0.979,0.979,0.979,0.979,0.979,0.979,0.979,0.979,0.979,0.979,0.979,0.979,0.979,0.365,0.365,0.485,0.485,0.485,0.485,0.485,0.485,0.485,0.485,0.485,0.485,0.485,0.485,0.485,0.485,0.485,0.485,0.485,0.485,0.485,0.485,0.485,0.485,0.485,0.485
RGI60-19.01681,0.945,0.945,0.945,0.945,0.945,0.945,0.945,0.945,0.945,0.945,0.945,0.945,0.945,0.945,0.945,0.945,0.945,0.945,0.945,0.945,0.945,0.945,0.945,0.945,0.315,0.315,0.409,0.409,0.409,0.409,0.409,0.409,0.409,0.409,0.409,0.409,0.409,0.409,0.409,0.409,0.409,0.409,0.409,0.409,0.409,0.409,0.409,0.409,0.409,0.409
RGI60-19.01682,0.945,0.945,0.945,0.945,0.945,0.945,0.945,0.945,0.945,0.945,0.945,0.945,0.945,0.945,0.945,0.945,0.945,0.945,0.945,0.945,0.945,0.945,0.945,0.945,0.315,0.315,0.409,0.409,0.409,0.409,0.409,0.409,0.409,0.409,0.409,0.409,0.409,0.409,0.409,0.409,0.409,0.409,0.409,0.409,0.409,0.409,0.409,0.409,0.409,0.409
RGI60-19.01683,0.979,0.979,0.979,0.979,0.979,0.979,0.979,0.979,0.979,0.979,0.979,0.979,0.979,0.979,0.979,0.979,0.979,0.979,0.979,0.979,0.979,0.979,0.979,0.979,0.365,0.365,0.485,0.485,0.485,0.485,0.485,0.485,0.485,0.485,0.485,0.485,0.485,0.485,0.485,0.485,0.485,0.485,0.485,0.485,0.485,0.485,0.485,0.485,0.485,0.485
RGI60-19.01684,0.945,0.945,0.945,0.945,0.945,0.945,0.945,0.945,0.945,0.945,0.945,0.945,0.945,0.945,0.945,0.945,0.945,0.945,0.945,0.945,0.945,0.945,0.945,0.945,0.315,0.315,0.409,0.409,0.409,0.409,0.409,0.409,0.409,0.409,0.409,0.409,0.409,0.409,0.409,0.409,0.409,0.409,0.409,0.409,0.409,0.409,0.409,0.409,0.409,0.409
RGI60-19.01685,0.979,0.979,0.979,0.979,0.979,0.979,0.979,0.979,0.979,0.979,0.979,0.979,0.979,0.979,0.979,0.979,0.979,0.979,0.979,0.979,0.979,0.979,0.979,0.979,0.365,0.365,0.485,0.485,0.485,0.485,0.485,0.485,0.485,0.485,0.485,0.485,0.485,0.485,0.485,0.485,0.485,0.485,0.485,0.485,0.485,0.485,0.485,0.485,0.485,0.485
RGI60-19.01686,0.979,0.979,0.979,0.979,0.979,0.979,0.979,0.979,0.979,0.979,0.979,0.979,0.979,0.979,0.979,0.979,0.979,0.979,0.979,0.979,0.979,0.979,0.979,0.979,0.365,0.365,0.485,0.485,0.485,0.485,0.485,0.485,0.485,0.485,0.485,0.485,0.485,0.485,0.485,0.485,0.485,0.485,0.485,0.485,0.485,0.485,0.485,0.485,0.485,0.485
RGI60-19.01687,0.979,0.979,0.979,0.979,0.979,0.979,0.979,0.979,0.979,0.979,0.979,0.979,0.979,0.979,0.979,0.979,0.979,0.979,0.979,0.979,0.979,0.979,0.979,0.979,0.365,0.365,0.485,0.485,0.485,0.485,0.485,0.485,0.485,0.485,0.485,0.485,0.485,0.485,0.485,0.485,0.485,0.485,0.485,0.485,0.485,0.485,0.485,0.485,0.485,0.485
RGI60-19.01688,0.979,0.979,0.979,0.979,0.979,0.979,0.979,0.979,0.979,0.979,0.979,0.979,0.979,0.979,0.979,0.979,0.979,0.979,0.979,0.979,0.979,0.979,0.979,0.979,0.365,0.365,0.485,0.485,0.485,0.485,0.485,0.485,0.485,0.485,0.485,0.485,0.485,0.485,0.485,0.485,0.485,0.485,0.485,0.485,0.485,0.485,0.485,0.485,0.485,0.485
RGI60-19.01689,0.945,0.945,0.945,0.945,0.945,0.945,0.945,0.945,0.945,0.945,0.945,0.945,0.945,0.945,0.945,0.945,0.945,0.945,0.945,0.945,0.945,0.945,0.945,0.945,0.315,0.315,0.409,0.409,0.409,0.409,0.409,0.409,0.409,0.409,0.409,0.409,0.409,0.409,0.409,0.409,0.409,0.409,0.409,0.409,0.409,0.409,0.409,0.409,0.409,0.409
RGI60-19.01690,0.945,0.945,0.945,0.945,0.945,0.945,0.945,0.945,0.945,0.945,0.945,0.945,0.945,0.945,0.945,0.945,0.945,0.945,0.945,0.945,0.945,0.945,0.945,0.945,0.315,0.315,0.409,0.409,0.409,0.409,0.409,0.409,0.409,0.409,0.409,0.409,0.409,0.409,0.409,0.409,0.409,0.409,0.409,0.409,0.409,0.409,0.409,0.409,0.409,0.409
RGI60-19.01691,0.945,0.945,0.945,0.945,0.945,0.945,0.945,0.945,0.945,0.945,0.945,0.945,0.945,0.945,0.945,0.945,0.945,0.945,0.945,0.945,0.945,0.945,0.945,0.945,0.315,0.315,0.409,0.409,0.409,0.409,0.409,0.409,0.409,0.409,0.409,0.409,0.409,0.409,0.409,0.409,0.409,0.409,0.409,0.409,0.409,0.409,0.409,0.409,0.409,0.409
RGI60-19.01692,0.945,0.945,0.945,0.945,0.945,0.945,0.945,0.945,0.945,0.945,0.945,0.945,0.945,0.945,0.945,0.945,0.945,0.945,0.945,0.945,0.945,0.945,0.945,0.945,0.315,0.315,0.409,0.409,0.409,0.409,0.409,0.409,0.409,0.409,0.409,0.409,0.409,0.409,0.409,0.409,0.409,0.409,0.409,0.409,0.409,0.409,0.409,0.409,0.409,0.409
RGI60-19.01693,0.945,0.945,0.945,0.945,0.945,0.945,0.945,0.945,0.945,0.945,0.945,0.945,0.945,0.945,0.945,0.945,0.945,0.945,0.945,0.945,0.945,0.945,0.945,0.945,0.315,0.315,0.409,0.409,0.409,0.409,0.409,0.409,0.409,0.409,0.409,0.409,0.409,0.409,0.409,0.409,0.409,0.409,0.409,0.409,0.409,0.409,0.409,0.409,0.409,0.409
RGI60-19.01694,0.945,0.945,0.945,0.945,0.945,0.945,0.945,0.945,0.945,0.945,0.945,0.945,0.945,0.945,0.945,0.945,0.945,0.945,0.945,0.945,0.945,0.945,0.945,0.945,0.315,0.315,0.409,0.409,0.409,0.409,0.409,0.409,0.409,0.409,0.409,0.409,0.409,0.409,0.409,0.409,0.409,0.409,0.409,0.409,0.409,0.409,0.409,0.409,0.409,0.409
RGI60-19.01695,0.945,0.945,0.945,0.945,0.945,0.945,0.945,0.945,0.945,0.945,0.945,0.945,0.945,0.945,0.945,0.945,0.945,0.945,0.945,0.945,0.945,0.945,0.945,0.945,0.315,0.315,0.409,0.409,0.409,0.409,0.409,0.409,0.409,0.409,0.409,0.409,0.409,0.409,0.409,0.409,0.409,0.409,0.409,0.409,0.409,0.409,0.409,0.409,0.409,0.409
RGI60-19.01696,0.945,0.945,0.945,0.945,0.945,0.945,0.945,0.945,0.945,0.945,0.945,0.945,0.945,0.945,0.945,0.945,0.945,0.945,0.945,0.945,0.945,0.945,0.945,0.945,0.315,0.315,0.409,0.409,0.409,0.409,0.409,0.409,0.409,0.409,0.409,0.409,0.409,0.409,0.409,0.409,0.409,0.409,0.409,0.409,0.409,0.409,0.409,0.409,0.409,0.409
RGI60-19.01697,0.945,0.945,0.945,0.945,0.945,0.945,0.945,0.945,0.945,0.945,0.945,0.945,0.945,0.945,0.945,0.945,0.945,0.945,0.945,0.945,0.945,0.945,0.945,0.945,0.315,0.315,0.409,0.409,0.409,0.409,0.409,0.409,0.409,0.409,0.409,0.409,0.409,0.409,0.409,0.409,0.409,0.409,0.409,0.409,0.409,0.409,0.409,0.409,0.409,0.409
RGI60-19.01698,0.945,0.945,0.945,0.945,0.945,0.945,0.945,0.945,0.945,0.945,0.945,0.945,0.945,0.945,0.945,0.945,0.945,0.945,0.945,0.945,0.945,0.945,0.945,0.945,0.315,0.315,0.409,0.409,0.409,0.409,0.409,0.409,0.409,0.409,0.409,0.409,0.409,0.409,0.409,0.409,0.409,0.409,0.409,0.409,0.409,0.409,0.409,0.409,0.409,0.409
RGI60-19.01699,0.979,0.979,0.979,0.979,0.979,0.979,0.979,0.979,0.979,0.979,0.979,0.979,0.979,0.979,0.979,0.979,0.979,0.979,0.979,0.979,0.979,0.979,0.979,0.979,0.365,0.365,0.484,0.484,0.484,0.484,0.484,0.484,0.484,0.484,0.484,0.484,0.484,0.484,0.484,0.484,0.484,0.484,0.484,0.484,0.484,0.484,0.484,0.484,0.484,0.484
RGI60-19.01700,0.979,0.979,0.979,0.979,0.979,0.979,0.979,0.979,0.979,0.979,0.979,0.979,0.979,0.979,0.979,0.979,0.979,0.979,0.979,0.979,0.979,0.979,0.979,0.979,0.365,0.365,0.484,0.484,0.484,0.484,0.484,0.484,0.484,0.484,0.484,0.484,0.484,0.484,0.484,0.484,0.484,0.484,0.484,0.484,0.484,0.484,0.484,0.484,0.484,0.484
RGI60-19.01701,0.979,0.979,0.979,0.979,0.979,0.979,0.979,0.979,0.979,0.979,0.979,0.979,0.979,0.979,0.979,0.979,0.979,0.979,0.979,0.979,0.979,0.979,0.979,0.979,0.365,0.365,0.484,0.484,0.484,0.484,0.484,0.484,0.484,0.484,0.484,0.484,0.484,0.484,0.484,0.484,0.484,0.484,0.484,0.484,0.484,0.484,0.484,0.484,0.484,0.484
RGI60-19.01702,0.979,0.979,0.979,0.979,0.979,0.979,0.979,0.979,0.979,0.979,0.979,0.979,0.979,0.979,0.979,0.979,0.979,0.979,0.979,0.979,0.979,0.979,0.979,0.979,0.365,0.365,0.484,0.484,0.484,0.484,0.484,0.484,0.484,0.484,0.484,0.484,0.484,0.484,0.484,0.484,0.484,0.484,0.484,0.484,0.484,0.484,0.484,0.484,0.484,0.484
RGI60-19.01703,0.945,0.945,0.945,0.945,0.945,0.945,0.945,0.945,0.945,0.945,0.945,0.945,0.945,0.945,0.945,0.945,0.945,0.945,0.945,0.945,0.945,0.945,0.945,0.945,0.315,0.315,0.409,0.409,0.409,0.409,0.409,0.409,0.409,0.409,0.409,0.409,0.409,0.409,0.409,0.409,0.409,0.409,0.409,0.409,0.409,0.409,0.409,0.409,0.409,0.409
RGI60-19.01704,0.979,0.979,0.979,0.979,0.979,0.979,0.979,0.979,0.979,0.979,0.979,0.979,0.979,0.979,0.979,0.979,0.979,0.979,0.979,0.979,0.979,0.979,0.979,0.979,0.365,0.365,0.484,0.484,0.484,0.484,0.484,0.484,0.484,0.484,0.484,0.484,0.484,0.484,0.484,0.484,0.484,0.484,0.484,0.484,0.484,0.484,0.484,0.484,0.484,0.484
RGI60-19.01705,0.979,0.979,0.979,0.979,0.979,0.979,0.979,0.979,0.979,0.979,0.979,0.979,0.979,0.979,0.979,0.979,0.979,0.979,0.979,0.979,0.979,0.979,0.979,0.979,0.365,0.365,0.484,0.484,0.484,0.484,0.484,0.484,0.484,0.484,0.484,0.484,0.484,0.484,0.484,0.484,0.484,0.484,0.484,0.484,0.484,0.484,0.484,0.484,0.484,0.484
RGI60-19.01706,0.979,0.979,0.979,0.979,0.979,0.979,0.979,0.979,0.979,0.979,0.979,0.979,0.979,0.979,0.979,0.979,0.979,0.979,0.979,0.979,0.979,0.979,0.979,0.979,0.365,0.365,0.484,0.484,0.484,0.484,0.484,0.484,0.484,0.484,0.484,0.484,0.484,0.484,0.484,0.484,0.484,0.484,0.484,0.484,0.484,0.484,0.484,0.484,0.484,0.484
RGI60-19.01707,0.979,0.979,0.979,0.979,0.979,0.979,0.979,0.979,0.979,0.979,0.979,0.979,0.979,0.979,0.979,0.979,0.979,0.979,0.979,0.979,0.979,0.979,0.979,0.979,0.365,0.365,0.484,0.484,0.484,0.484,0.484,0.484,0.484,0.484,0.484,0.484,0.484,0.484,0.484,0.484,0.484,0.484,0.484,0.484,0.484,0.484,0.484,0.484,0.484,0.484
RGI60-19.01708,0.979,0.979,0.979,0.979,0.979,0.979,0.979,0.979,0.979,0.979,0.979,0.979,0.979,0.979,0.979,0.979,0.979,0.979,0.979,0.979,0.979,0.979,0.979,0.979,0.365,0.365,0.484,0.484,0.484,0.484,0.484,0.484,0.484,0.484,0.484,0.484,0.484,0.484,0.484,0.484,0.484,0.484,0.484,0.484,0.484,0.484,0.484,0.484,0.484,0.484
RGI60-19.01709,0.979,0.979,0.979,0.979,0.979,0.979,0.979,0.979,0.979,0.979,0.979,0.979,0.979,0.979,0.979,0.979,0.979,0.979,0.979,0.979,0.979,0.979,0.979,0.979,0.365,0.365,0.484,0.484,0.484,0.484,0.484,0.484,0.484,0.484,0.484,0.484,0.484,0.484,0.484,0.484,0.484,0.484,0.484,0.484,0.484,0.484,0.484,0.484,0.484,0.484
RGI60-19.01710,0.979,0.979,0.979,0.979,0.979,0.979,0.979,0.979,0.979,0.979,0.979,0.979,0.979,0.979,0.979,0.979,0.979,0.979,0.979,0.979,0.979,0.979,0.979,0.979,0.365,0.365,0.484,0.484,0.484,0.484,0.484,0.484,0.484,0.484,0.484,0.484,0.484,0.484,0.484,0.484,0.484,0.484,0.484,0.484,0.484,0.484,0.484,0.484,0.484,0.484
RGI60-19.01711,0.979,0.979,0.979,0.979,0.979,0.979,0.979,0.979,0.979,0.979,0.979,0.979,0.979,0.979,0.979,0.979,0.979,0.979,0.979,0.979,0.979,0.979,0.979,0.979,0.365,0.365,0.484,0.484,0.484,0.484,0.484,0.484,0.484,0.484,0.484,0.484,0.484,0.484,0.484,0.484,0.484,0.484,0.484,0.484,0.484,0.484,0.484,0.484,0.484,0.484
RGI60-19.01712,0.945,0.945,0.945,0.945,0.945,0.945,0.945,0.945,0.945,0.945,0.945,0.945,0.945,0.945,0.945,0.945,0.945,0.945,0.945,0.945,0.945,0.945,0.945,0.945,0.315,0.315,0.409,0.409,0.409,0.409,0.409,0.409,0.409,0.409,0.409,0.409,0.409,0.409,0.409,0.409,0.409,0.409,0.409,0.409,0.409,0.409,0.409,0.409,0.409,0.409
RGI60-19.01713,0.979,0.979,0.979,0.979,0.979,0.979,0.979,0.979,0.979,0.979,0.979,0.979,0.979,0.979,0.979,0.979,0.979,0.979,0.979,0.979,0.979,0.979,0.979,0.979,0.365,0.365,0.484,0.484,0.484,0.484,0.484,0.484,0.484,0.484,0.484,0.484,0.484,0.484,0.484,0.484,0.484,0.484,0.484,0.484,0.484,0.484,0.484,0.484,0.484,0.484
RGI60-19.01714,0.979,0.979,0.979,0.979,0.979,0.979,0.979,0.979,0.979,0.979,0.979,0.979,0.979,0.979,0.979,0.979,0.979,0.979,0.979,0.979,0.979,0.979,0.979,0.979,0.365,0.365,0.484,0.484,0.484,0.484,0.484,0.484,0.484,0.484,0.484,0.484,0.484,0.484,0.484,0.484,0.484,0.484,0.484,0.484,0.484,0.484,0.484,0.484,0.484,0.484
RGI60-19.01715,0.945,0.945,0.945,0.945,0.945,0.945,0.945,0.945,0.945,0.945,0.945,0.945,0.945,0.945,0.945,0.945,0.945,0.945,0.945,0.945,0.945,0.945,0.945,0.945,0.315,0.315,0.409,0.409,0.409,0.409,0.409,0.409,0.409,0.409,0.409,0.409,0.409,0.409,0.409,0.409,0.409,0.409,0.409,0.409,0.409,0.409,0.409,0.409,0.409,0.409
RGI60-19.01716,0.945,0.945,0.945,0.945,0.945,0.945,0.945,0.945,0.945,0.945,0.945,0.945,0.945,0.945,0.945,0.945,0.945,0.945,0.945,0.945,0.945,0.945,0.945,0.945,0.315,0.315,0.409,0.409,0.409,0.409,0.409,0.409,0.409,0.409,0.409,0.409,0.409,0.409,0.409,0.409,0.409,0.409,0.409,0.409,0.409,0.409,0.409,0.409,0.409,0.409
RGI60-19.01717,0.945,0.945,0.945,0.945,0.945,0.945,0.945,0.945,0.945,0.945,0.945,0.945,0.945,0.945,0.945,0.945,0.945,0.945,0.945,0.945,0.945,0.945,0.945,0.945,0.315,0.315,0.409,0.409,0.409,0.409,0.409,0.409,0.409,0.409,0.409,0.409,0.409,0.409,0.409,0.409,0.409,0.409,0.409,0.409,0.409,0.409,0.409,0.409,0.409,0.409
RGI60-19.01718,0.945,0.945,0.945,0.945,0.945,0.945,0.945,0.945,0.945,0.945,0.945,0.945,0.945,0.945,0.945,0.945,0.945,0.945,0.945,0.945,0.945,0.945,0.945,0.945,0.315,0.315,0.409,0.409,0.409,0.409,0.409,0.409,0.409,0.409,0.409,0.409,0.409,0.409,0.409,0.409,0.409,0.409,0.409,0.409,0.409,0.409,0.409,0.409,0.409,0.409
RGI60-19.01719,0.945,0.945,0.945,0.945,0.945,0.945,0.945,0.945,0.945,0.945,0.945,0.945,0.945,0.945,0.945,0.945,0.945,0.945,0.945,0.945,0.945,0.945,0.945,0.945,0.315,0.315,0.409,0.409,0.409,0.409,0.409,0.409,0.409,0.409,0.409,0.409,0.409,0.409,0.409,0.409,0.409,0.409,0.409,0.409,0.409,0.409,0.409,0.409,0.409,0.409
RGI60-19.01720,0.945,0.945,0.945,0.945,0.945,0.945,0.945,0.945,0.945,0.945,0.945,0.945,0.945,0.945,0.945,0.945,0.945,0.945,0.945,0.945,0.945,0.945,0.945,0.945,0.315,0.315,0.409,0.409,0.409,0.409,0.409,0.409,0.409,0.409,0.409,0.409,0.409,0.409,0.409,0.409,0.409,0.409,0.409,0.409,0.409,0.409,0.409,0.409,0.409,0.409
RGI60-19.01721,0.964,0.964,0.964,0.964,0.964,0.964,0.964,0.964,0.964,0.964,0.964,0.964,0.964,0.964,0.964,0.964,0.964,0.964,0.964,0.964,0.964,0.964,0.964,0.964,0.344,0.344,0.453,0.453,0.453,0.453,0.453,0.453,0.453,0.453,0.453,0.453,0.453,0.453,0.453,0.453,0.453,0.453,0.453,0.453,0.453,0.453,0.453,0.453,0.453,0.453
RGI60-19.01722,0.945,0.945,0.945,0.945,0.945,0.945,0.945,0.945,0.945,0.945,0.945,0.945,0.945,0.945,0.945,0.945,0.945,0.945,0.945,0.945,0.945,0.945,0.945,0.945,0.315,0.315,0.409,0.409,0.409,0.409,0.409,0.409,0.409,0.409,0.409,0.409,0.409,0.409,0.409,0.409,0.409,0.409,0.409,0.409,0.409,0.409,0.409,0.409,0.409,0.409
RGI60-19.01723,0.945,0.945,0.945,0.945,0.945,0.945,0.945,0.945,0.945,0.945,0.945,0.945,0.945,0.945,0.945,0.945,0.945,0.945,0.945,0.945,0.945,0.945,0.945,0.945,0.315,0.315,0.409,0.409,0.409,0.409,0.409,0.409,0.409,0.409,0.409,0.409,0.409,0.409,0.409,0.409,0.409,0.409,0.409,0.409,0.409,0.409,0.409,0.409,0.409,0.409
RGI60-19.01724,0.945,0.945,0.945,0.945,0.945,0.945,0.945,0.945,0.945,0.945,0.945,0.945,0.945,0.945,0.945,0.945,0.945,0.945,0.945,0.945,0.945,0.945,0.945,0.945,0.315,0.315,0.409,0.409,0.409,0.409,0.409,0.409,0.409,0.409,0.409,0.409,0.409,0.409,0.409,0.409,0.409,0.409,0.409,0.409,0.409,0.409,0.409,0.409,0.409,0.409
RGI60-19.01725,0.945,0.945,0.945,0.945,0.945,0.945,0.945,0.945,0.945,0.945,0.945,0.945,0.945,0.945,0.945,0.945,0.945,0.945,0.945,0.945,0.945,0.945,0.945,0.945,0.315,0.315,0.409,0.409,0.409,0.409,0.409,0.409,0.409,0.409,0.409,0.409,0.409,0.409,0.409,0.409,0.409,0.409,0.409,0.409,0.409,0.409,0.409,0.409,0.409,0.409
RGI60-19.01726,0.945,0.945,0.945,0.945,0.945,0.945,0.945,0.945,0.945,0.945,0.945,0.945,0.945,0.945,0.945,0.945,0.945,0.945,0.945,0.945,0.945,0.945,0.945,0.945,0.315,0.315,0.409,0.409,0.409,0.409,0.409,0.409,0.409,0.409,0.409,0.409,0.409,0.409,0.409,0.409,0.409,0.409,0.409,0.409,0.409,0.409,0.409,0.409,0.409,0.409
RGI60-19.01727,0.945,0.945,0.945,0.945,0.945,0.945,0.945,0.945,0.945,0.945,0.945,0.945,0.945,0.945,0.945,0.945,0.945,0.945,0.945,0.945,0.945,0.945,0.945,0.945,0.315,0.315,0.409,0.409,0.409,0.409,0.409,0.409,0.409,0.409,0.409,0.409,0.409,0.409,0.409,0.409,0.409,0.409,0.409,0.409,0.409,0.409,0.409,0.409,0.409,0.409
RGI60-19.01728,0.945,0.945,0.945,0.945,0.945,0.945,0.945,0.945,0.945,0.945,0.945,0.945,0.945,0.945,0.945,0.945,0.945,0.945,0.945,0.945,0.945,0.945,0.945,0.945,0.315,0.315,0.409,0.409,0.409,0.409,0.409,0.409,0.409,0.409,0.409,0.409,0.409,0.409,0.409,0.409,0.409,0.409,0.409,0.409,0.409,0.409,0.409,0.409,0.409,0.409
RGI60-19.01729,0.945,0.945,0.945,0.945,0.945,0.945,0.945,0.945,0.945,0.945,0.945,0.945,0.945,0.945,0.945,0.945,0.945,0.945,0.945,0.945,0.945,0.945,0.945,0.945,0.315,0.315,0.409,0.409,0.409,0.409,0.409,0.409,0.409,0.409,0.409,0.409,0.409,0.409,0.409,0.409,0.409,0.409,0.409,0.409,0.409,0.409,0.409,0.409,0.409,0.409
RGI60-19.01730,0.945,0.945,0.945,0.945,0.945,0.945,0.945,0.945,0.945,0.945,0.945,0.945,0.945,0.945,0.945,0.945,0.945,0.945,0.945,0.945,0.945,0.945,0.945,0.945,0.315,0.315,0.409,0.409,0.409,0.409,0.409,0.409,0.409,0.409,0.409,0.409,0.409,0.409,0.409,0.409,0.409,0.409,0.409,0.409,0.409,0.409,0.409,0.409,0.409,0.409
RGI60-19.01731,0.945,0.945,0.945,0.945,0.945,0.945,0.945,0.945,0.945,0.945,0.945,0.945,0.945,0.945,0.945,0.945,0.945,0.945,0.945,0.945,0.945,0.945,0.945,0.945,0.315,0.315,0.409,0.409,0.409,0.409,0.409,0.409,0.409,0.409,0.409,0.409,0.409,0.409,0.409,0.409,0.409,0.409,0.409,0.409,0.409,0.409,0.409,0.409,0.409,0.409
RGI60-19.01732,0.945,0.945,0.945,0.945,0.945,0.945,0.945,0.945,0.945,0.945,0.945,0.945,0.945,0.945,0.945,0.945,0.945,0.945,0.945,0.945,0.945,0.945,0.945,0.945,0.315,0.315,0.409,0.409,0.409,0.409,0.409,0.409,0.409,0.409,0.409,0.409,0.409,0.409,0.409,0.409,0.409,0.409,0.409,0.409,0.409,0.409,0.409,0.409,0.409,0.409
RGI60-19.01733,0.945,0.945,0.945,0.945,0.945,0.945,0.945,0.945,0.945,0.945,0.945,0.945,0.945,0.945,0.945,0.945,0.945,0.945,0.945,0.945,0.945,0.945,0.945,0.945,0.315,0.315,0.409,0.409,0.409,0.409,0.409,0.409,0.409,0.409,0.409,0.409,0.409,0.409,0.409,0.409,0.409,0.409,0.409,0.409,0.409,0.409,0.409,0.409,0.409,0.409
RGI60-19.01734,0.945,0.945,0.945,0.945,0.945,0.945,0.945,0.945,0.945,0.945,0.945,0.945,0.945,0.945,0.945,0.945,0.945,0.945,0.945,0.945,0.945,0.945,0.945,0.945,0.315,0.315,0.409,0.409,0.409,0.409,0.409,0.409,0.409,0.409,0.409,0.409,0.409,0.409,0.409,0.409,0.409,0.409,0.409,0.409,0.409,0.409,0.409,0.409,0.409,0.409
RGI60-19.01735,0.945,0.945,0.945,0.945,0.945,0.945,0.945,0.945,0.945,0.945,0.945,0.945,0.945,0.945,0.945,0.945,0.945,0.945,0.945,0.945,0.945,0.945,0.945,0.945,0.315,0.315,0.409,0.409,0.409,0.409,0.409,0.409,0.409,0.409,0.409,0.409,0.409,0.409,0.409,0.409,0.409,0.409,0.409,0.409,0.409,0.409,0.409,0.409,0.409,0.409
RGI60-19.01736,0.945,0.945,0.945,0.945,0.945,0.945,0.945,0.945,0.945,0.945,0.945,0.945,0.945,0.945,0.945,0.945,0.945,0.945,0.945,0.945,0.945,0.945,0.945,0.945,0.315,0.315,0.409,0.409,0.409,0.409,0.409,0.409,0.409,0.409,0.409,0.409,0.409,0.409,0.409,0.409,0.409,0.409,0.409,0.409,0.409,0.409,0.409,0.409,0.409,0.409
RGI60-19.01737,0.945,0.945,0.945,0.945,0.945,0.945,0.945,0.945,0.945,0.945,0.945,0.945,0.945,0.945,0.945,0.945,0.945,0.945,0.945,0.945,0.945,0.945,0.945,0.945,0.315,0.315,0.409,0.409,0.409,0.409,0.409,0.409,0.409,0.409,0.409,0.409,0.409,0.409,0.409,0.409,0.409,0.409,0.409,0.409,0.409,0.409,0.409,0.409,0.409,0.409
RGI60-19.01738,0.945,0.945,0.945,0.945,0.945,0.945,0.945,0.945,0.945,0.945,0.945,0.945,0.945,0.945,0.945,0.945,0.945,0.945,0.945,0.945,0.945,0.945,0.945,0.945,0.315,0.315,0.409,0.409,0.409,0.409,0.409,0.409,0.409,0.409,0.409,0.409,0.409,0.409,0.409,0.409,0.409,0.409,0.409,0.409,0.409,0.409,0.409,0.409,0.409,0.409
RGI60-19.01739,0.945,0.945,0.945,0.945,0.945,0.945,0.945,0.945,0.945,0.945,0.945,0.945,0.945,0.945,0.945,0.945,0.945,0.945,0.945,0.945,0.945,0.945,0.945,0.945,0.315,0.315,0.409,0.409,0.409,0.409,0.409,0.409,0.409,0.409,0.409,0.409,0.409,0.409,0.409,0.409,0.409,0.409,0.409,0.409,0.409,0.409,0.409,0.409,0.409,0.409
RGI60-19.01740,0.945,0.945,0.945,0.945,0.945,0.945,0.945,0.945,0.945,0.945,0.945,0.945,0.945,0.945,0.945,0.945,0.945,0.945,0.945,0.945,0.945,0.945,0.945,0.945,0.315,0.315,0.409,0.409,0.409,0.409,0.409,0.409,0.409,0.409,0.409,0.409,0.409,0.409,0.409,0.409,0.409,0.409,0.409,0.409,0.409,0.409,0.409,0.409,0.409,0.409
RGI60-19.01741,0.945,0.945,0.945,0.945,0.945,0.945,0.945,0.945,0.945,0.945,0.945,0.945,0.945,0.945,0.945,0.945,0.945,0.945,0.945,0.945,0.945,0.945,0.945,0.945,0.315,0.315,0.409,0.409,0.409,0.409,0.409,0.409,0.409,0.409,0.409,0.409,0.409,0.409,0.409,0.409,0.409,0.409,0.409,0.409,0.409,0.409,0.409,0.409,0.409,0.409
RGI60-19.01742,0.945,0.945,0.945,0.945,0.945,0.945,0.945,0.945,0.945,0.945,0.945,0.945,0.945,0.945,0.945,0.945,0.945,0.945,0.945,0.945,0.945,0.945,0.945,0.945,0.315,0.315,0.409,0.409,0.409,0.409,0.409,0.409,0.409,0.409,0.409,0.409,0.409,0.409,0.409,0.409,0.409,0.409,0.409,0.409,0.409,0.409,0.409,0.409,0.409,0.409
RGI60-19.01743,0.945,0.945,0.945,0.945,0.945,0.945,0.945,0.945,0.945,0.945,0.945,0.945,0.945,0.945,0.945,0.945,0.945,0.945,0.945,0.945,0.945,0.945,0.945,0.945,0.315,0.315,0.409,0.409,0.409,0.409,0.409,0.409,0.409,0.409,0.409,0.409,0.409,0.409,0.409,0.409,0.409,0.409,0.409,0.409,0.409,0.409,0.409,0.409,0.409,0.409
RGI60-19.01744,0.945,0.945,0.945,0.945,0.945,0.945,0.945,0.945,0.945,0.945,0.945,0.945,0.945,0.945,0.945,0.945,0.945,0.945,0.945,0.945,0.945,0.945,0.945,0.945,0.315,0.315,0.409,0.409,0.409,0.409,0.409,0.409,0.409,0.409,0.409,0.409,0.409,0.409,0.409,0.409,0.409,0.409,0.409,0.409,0.409,0.409,0.409,0.409,0.409,0.409
RGI60-19.01745,0.945,0.945,0.945,0.945,0.945,0.945,0.945,0.945,0.945,0.945,0.945,0.945,0.945,0.945,0.945,0.945,0.945,0.945,0.945,0.945,0.945,0.945,0.945,0.945,0.315,0.315,0.409,0.409,0.409,0.409,0.409,0.409,0.409,0.409,0.409,0.409,0.409,0.409,0.409,0.409,0.409,0.409,0.409,0.409,0.409,0.409,0.409,0.409,0.409,0.409
RGI60-19.01746,0.945,0.945,0.945,0.945,0.945,0.945,0.945,0.945,0.945,0.945,0.945,0.945,0.945,0.945,0.945,0.945,0.945,0.945,0.945,0.945,0.945,0.945,0.945,0.945,0.315,0.315,0.409,0.409,0.409,0.409,0.409,0.409,0.409,0.409,0.409,0.409,0.409,0.409,0.409,0.409,0.409,0.409,0.409,0.409,0.409,0.409,0.409,0.409,0.409,0.409
RGI60-19.01747,0.945,0.945,0.945,0.945,0.945,0.945,0.945,0.945,0.945,0.945,0.945,0.945,0.945,0.945,0.945,0.945,0.945,0.945,0.945,0.945,0.945,0.945,0.945,0.945,0.315,0.315,0.409,0.409,0.409,0.409,0.409,0.409,0.409,0.409,0.409,0.409,0.409,0.409,0.409,0.409,0.409,0.409,0.409,0.409,0.409,0.409,0.409,0.409,0.409,0.409
RGI60-19.01748,0.945,0.945,0.945,0.945,0.945,0.945,0.945,0.945,0.945,0.945,0.945,0.945,0.945,0.945,0.945,0.945,0.945,0.945,0.945,0.945,0.945,0.945,0.945,0.945,0.315,0.315,0.409,0.409,0.409,0.409,0.409,0.409,0.409,0.409,0.409,0.409,0.409,0.409,0.409,0.409,0.409,0.409,0.409,0.409,0.409,0.409,0.409,0.409,0.409,0.409
RGI60-19.01749,0.945,0.945,0.945,0.945,0.945,0.945,0.945,0.945,0.945,0.945,0.945,0.945,0.945,0.945,0.945,0.945,0.945,0.945,0.945,0.945,0.945,0.945,0.945,0.945,0.315,0.315,0.409,0.409,0.409,0.409,0.409,0.409,0.409,0.409,0.409,0.409,0.409,0.409,0.409,0.409,0.409,0.409,0.409,0.409,0.409,0.409,0.409,0.409,0.409,0.409
RGI60-19.01750,0.945,0.945,0.945,0.945,0.945,0.945,0.945,0.945,0.945,0.945,0.945,0.945,0.945,0.945,0.945,0.945,0.945,0.945,0.945,0.945,0.945,0.945,0.945,0.945,0.315,0.315,0.409,0.409,0.409,0.409,0.409,0.409,0.409,0.409,0.409,0.409,0.409,0.409,0.409,0.409,0.409,0.409,0.409,0.409,0.409,0.409,0.409,0.409,0.409,0.409
RGI60-19.01751,0.945,0.945,0.945,0.945,0.945,0.945,0.945,0.945,0.945,0.945,0.945,0.945,0.945,0.945,0.945,0.945,0.945,0.945,0.945,0.945,0.945,0.945,0.945,0.945,0.315,0.315,0.409,0.409,0.409,0.409,0.409,0.409,0.409,0.409,0.409,0.409,0.409,0.409,0.409,0.409,0.409,0.409,0.409,0.409,0.409,0.409,0.409,0.409,0.409,0.409
RGI60-19.01752,0.945,0.945,0.945,0.945,0.945,0.945,0.945,0.945,0.945,0.945,0.945,0.945,0.945,0.945,0.945,0.945,0.945,0.945,0.945,0.945,0.945,0.945,0.945,0.945,0.315,0.315,0.409,0.409,0.409,0.409,0.409,0.409,0.409,0.409,0.409,0.409,0.409,0.409,0.409,0.409,0.409,0.409,0.409,0.409,0.409,0.409,0.409,0.409,0.409,0.409
RGI60-19.01753,0.945,0.945,0.945,0.945,0.945,0.945,0.945,0.945,0.945,0.945,0.945,0.945,0.945,0.945,0.945,0.945,0.945,0.945,0.945,0.945,0.945,0.945,0.945,0.945,0.315,0.315,0.409,0.409,0.409,0.409,0.409,0.409,0.409,0.409,0.409,0.409,0.409,0.409,0.409,0.409,0.409,0.409,0.409,0.409,0.409,0.409,0.409,0.409,0.409,0.409
RGI60-19.01754,0.945,0.945,0.945,0.945,0.945,0.945,0.945,0.945,0.945,0.945,0.945,0.945,0.945,0.945,0.945,0.945,0.945,0.945,0.945,0.945,0.945,0.945,0.945,0.945,0.315,0.315,0.409,0.409,0.409,0.409,0.409,0.409,0.409,0.409,0.409,0.409,0.409,0.409,0.409,0.409,0.409,0.409,0.409,0.409,0.409,0.409,0.409,0.409,0.409,0.409
RGI60-19.01755,0.945,0.945,0.945,0.945,0.945,0.945,0.945,0.945,0.945,0.945,0.945,0.945,0.945,0.945,0.945,0.945,0.945,0.945,0.945,0.945,0.945,0.945,0.945,0.945,0.315,0.315,0.409,0.409,0.409,0.409,0.409,0.409,0.409,0.409,0.409,0.409,0.409,0.409,0.409,0.409,0.409,0.409,0.409,0.409,0.409,0.409,0.409,0.409,0.409,0.409
RGI60-19.01756,0.945,0.945,0.945,0.945,0.945,0.945,0.945,0.945,0.945,0.945,0.945,0.945,0.945,0.945,0.945,0.945,0.945,0.945,0.945,0.945,0.945,0.945,0.945,0.945,0.315,0.315,0.409,0.409,0.409,0.409,0.409,0.409,0.409,0.409,0.409,0.409,0.409,0.409,0.409,0.409,0.409,0.409,0.409,0.409,0.409,0.409,0.409,0.409,0.409,0.409
RGI60-19.01757,0.945,0.945,0.945,0.945,0.945,0.945,0.945,0.945,0.945,0.945,0.945,0.945,0.945,0.945,0.945,0.945,0.945,0.945,0.945,0.945,0.945,0.945,0.945,0.945,0.315,0.315,0.409,0.409,0.409,0.409,0.409,0.409,0.409,0.409,0.409,0.409,0.409,0.409,0.409,0.409,0.409,0.409,0.409,0.409,0.409,0.409,0.409,0.409,0.409,0.409
RGI60-19.01758,0.945,0.945,0.945,0.945,0.945,0.945,0.945,0.945,0.945,0.945,0.945,0.945,0.945,0.945,0.945,0.945,0.945,0.945,0.945,0.945,0.945,0.945,0.945,0.945,0.315,0.315,0.409,0.409,0.409,0.409,0.409,0.409,0.409,0.409,0.409,0.409,0.409,0.409,0.409,0.409,0.409,0.409,0.409,0.409,0.409,0.409,0.409,0.409,0.409,0.409
RGI60-19.01759,0.945,0.945,0.945,0.945,0.945,0.945,0.945,0.945,0.945,0.945,0.945,0.945,0.945,0.945,0.945,0.945,0.945,0.945,0.945,0.945,0.945,0.945,0.945,0.945,0.315,0.315,0.409,0.409,0.409,0.409,0.409,0.409,0.409,0.409,0.409,0.409,0.409,0.409,0.409,0.409,0.409,0.409,0.409,0.409,0.409,0.409,0.409,0.409,0.409,0.409
RGI60-19.01760,0.945,0.945,0.945,0.945,0.945,0.945,0.945,0.945,0.945,0.945,0.945,0.945,0.945,0.945,0.945,0.945,0.945,0.945,0.945,0.945,0.945,0.945,0.945,0.945,0.315,0.315,0.409,0.409,0.409,0.409,0.409,0.409,0.409,0.409,0.409,0.409,0.409,0.409,0.409,0.409,0.409,0.409,0.409,0.409,0.409,0.409,0.409,0.409,0.409,0.409
RGI60-19.01761,0.945,0.945,0.945,0.945,0.945,0.945,0.945,0.945,0.945,0.945,0.945,0.945,0.945,0.945,0.945,0.945,0.945,0.945,0.945,0.945,0.945,0.945,0.945,0.945,0.315,0.315,0.409,0.409,0.409,0.409,0.409,0.409,0.409,0.409,0.409,0.409,0.409,0.409,0.409,0.409,0.409,0.409,0.409,0.409,0.409,0.409,0.409,0.409,0.409,0.409
RGI60-19.01762,0.945,0.945,0.945,0.945,0.945,0.945,0.945,0.945,0.945,0.945,0.945,0.945,0.945,0.945,0.945,0.945,0.945,0.945,0.945,0.945,0.945,0.945,0.945,0.945,0.315,0.315,0.409,0.409,0.409,0.409,0.409,0.409,0.409,0.409,0.409,0.409,0.409,0.409,0.409,0.409,0.409,0.409,0.409,0.409,0.409,0.409,0.409,0.409,0.409,0.409
RGI60-19.01763,0.945,0.945,0.945,0.945,0.945,0.945,0.945,0.945,0.945,0.945,0.945,0.945,0.945,0.945,0.945,0.945,0.945,0.945,0.945,0.945,0.945,0.945,0.945,0.945,0.315,0.315,0.409,0.409,0.409,0.409,0.409,0.409,0.409,0.409,0.409,0.409,0.409,0.409,0.409,0.409,0.409,0.409,0.409,0.409,0.409,0.409,0.409,0.409,0.409,0.409
RGI60-19.01764,0.945,0.945,0.945,0.945,0.945,0.945,0.945,0.945,0.945,0.945,0.945,0.945,0.945,0.945,0.945,0.945,0.945,0.945,0.945,0.945,0.945,0.945,0.945,0.945,0.315,0.315,0.409,0.409,0.409,0.409,0.409,0.409,0.409,0.409,0.409,0.409,0.409,0.409,0.409,0.409,0.409,0.409,0.409,0.409,0.409,0.409,0.409,0.409,0.409,0.409
RGI60-19.01765,0.945,0.945,0.945,0.945,0.945,0.945,0.945,0.945,0.945,0.945,0.945,0.945,0.945,0.945,0.945,0.945,0.945,0.945,0.945,0.945,0.945,0.945,0.945,0.945,0.315,0.315,0.409,0.409,0.409,0.409,0.409,0.409,0.409,0.409,0.409,0.409,0.409,0.409,0.409,0.409,0.409,0.409,0.409,0.409,0.409,0.409,0.409,0.409,0.409,0.409
RGI60-19.01766,0.945,0.945,0.945,0.945,0.945,0.945,0.945,0.945,0.945,0.945,0.945,0.945,0.945,0.945,0.945,0.945,0.945,0.945,0.945,0.945,0.945,0.945,0.945,0.945,0.315,0.315,0.409,0.409,0.409,0.409,0.409,0.409,0.409,0.409,0.409,0.409,0.409,0.409,0.409,0.409,0.409,0.409,0.409,0.409,0.409,0.409,0.409,0.409,0.409,0.409
RGI60-19.01767,0.945,0.945,0.945,0.945,0.945,0.945,0.945,0.945,0.945,0.945,0.945,0.945,0.945,0.945,0.945,0.945,0.945,0.945,0.945,0.945,0.945,0.945,0.945,0.945,0.315,0.315,0.409,0.409,0.409,0.409,0.409,0.409,0.409,0.409,0.409,0.409,0.409,0.409,0.409,0.409,0.409,0.409,0.409,0.409,0.409,0.409,0.409,0.409,0.409,0.409
RGI60-19.01768,0.945,0.945,0.945,0.945,0.945,0.945,0.945,0.945,0.945,0.945,0.945,0.945,0.945,0.945,0.945,0.945,0.945,0.945,0.945,0.945,0.945,0.945,0.945,0.945,0.315,0.315,0.409,0.409,0.409,0.409,0.409,0.409,0.409,0.409,0.409,0.409,0.409,0.409,0.409,0.409,0.409,0.409,0.409,0.409,0.409,0.409,0.409,0.409,0.409,0.409
RGI60-19.01769,0.945,0.945,0.945,0.945,0.945,0.945,0.945,0.945,0.945,0.945,0.945,0.945,0.945,0.945,0.945,0.945,0.945,0.945,0.945,0.945,0.945,0.945,0.945,0.945,0.315,0.315,0.409,0.409,0.409,0.409,0.409,0.409,0.409,0.409,0.409,0.409,0.409,0.409,0.409,0.409,0.409,0.409,0.409,0.409,0.409,0.409,0.409,0.409,0.409,0.409
RGI60-19.01770,0.945,0.945,0.945,0.945,0.945,0.945,0.945,0.945,0.945,0.945,0.945,0.945,0.945,0.945,0.945,0.945,0.945,0.945,0.945,0.945,0.945,0.945,0.945,0.945,0.315,0.315,0.409,0.409,0.409,0.409,0.409,0.409,0.409,0.409,0.409,0.409,0.409,0.409,0.409,0.409,0.409,0.409,0.409,0.409,0.409,0.409,0.409,0.409,0.409,0.409
RGI60-19.01771,0.945,0.945,0.945,0.945,0.945,0.945,0.945,0.945,0.945,0.945,0.945,0.945,0.945,0.945,0.945,0.945,0.945,0.945,0.945,0.945,0.945,0.945,0.945,0.945,0.315,0.315,0.409,0.409,0.409,0.409,0.409,0.409,0.409,0.409,0.409,0.409,0.409,0.409,0.409,0.409,0.409,0.409,0.409,0.409,0.409,0.409,0.409,0.409,0.409,0.409
RGI60-19.01772,0.945,0.945,0.945,0.945,0.945,0.945,0.945,0.945,0.945,0.945,0.945,0.945,0.945,0.945,0.945,0.945,0.945,0.945,0.945,0.945,0.945,0.945,0.945,0.945,0.315,0.315,0.409,0.409,0.409,0.409,0.409,0.409,0.409,0.409,0.409,0.409,0.409,0.409,0.409,0.409,0.409,0.409,0.409,0.409,0.409,0.409,0.409,0.409,0.409,0.409
RGI60-19.01773,0.945,0.945,0.945,0.945,0.945,0.945,0.945,0.945,0.945,0.945,0.945,0.945,0.945,0.945,0.945,0.945,0.945,0.945,0.945,0.945,0.945,0.945,0.945,0.945,0.315,0.315,0.409,0.409,0.409,0.409,0.409,0.409,0.409,0.409,0.409,0.409,0.409,0.409,0.409,0.409,0.409,0.409,0.409,0.409,0.409,0.409,0.409,0.409,0.409,0.409
RGI60-19.01774,0.945,0.945,0.945,0.945,0.945,0.945,0.945,0.945,0.945,0.945,0.945,0.945,0.945,0.945,0.945,0.945,0.945,0.945,0.945,0.945,0.945,0.945,0.945,0.945,0.315,0.315,0.409,0.409,0.409,0.409,0.409,0.409,0.409,0.409,0.409,0.409,0.409,0.409,0.409,0.409,0.409,0.409,0.409,0.409,0.409,0.409,0.409,0.409,0.409,0.409
RGI60-19.01775,0.945,0.945,0.945,0.945,0.945,0.945,0.945,0.945,0.945,0.945,0.945,0.945,0.945,0.945,0.945,0.945,0.945,0.945,0.945,0.945,0.945,0.945,0.945,0.945,0.315,0.315,0.409,0.409,0.409,0.409,0.409,0.409,0.409,0.409,0.409,0.409,0.409,0.409,0.409,0.409,0.409,0.409,0.409,0.409,0.409,0.409,0.409,0.409,0.409,0.409
RGI60-19.01776,0.945,0.945,0.945,0.945,0.945,0.945,0.945,0.945,0.945,0.945,0.945,0.945,0.945,0.945,0.945,0.945,0.945,0.945,0.945,0.945,0.945,0.945,0.945,0.945,0.315,0.315,0.409,0.409,0.409,0.409,0.409,0.409,0.409,0.409,0.409,0.409,0.409,0.409,0.409,0.409,0.409,0.409,0.409,0.409,0.409,0.409,0.409,0.409,0.409,0.409
RGI60-19.01777,0.945,0.945,0.945,0.945,0.945,0.945,0.945,0.945,0.945,0.945,0.945,0.945,0.945,0.945,0.945,0.945,0.945,0.945,0.945,0.945,0.945,0.945,0.945,0.945,0.315,0.315,0.409,0.409,0.409,0.409,0.409,0.409,0.409,0.409,0.409,0.409,0.409,0.409,0.409,0.409,0.409,0.409,0.409,0.409,0.409,0.409,0.409,0.409,0.409,0.409
RGI60-19.01778,0.945,0.945,0.945,0.945,0.945,0.945,0.945,0.945,0.945,0.945,0.945,0.945,0.945,0.945,0.945,0.945,0.945,0.945,0.945,0.945,0.945,0.945,0.945,0.945,0.315,0.315,0.409,0.409,0.409,0.409,0.409,0.409,0.409,0.409,0.409,0.409,0.409,0.409,0.409,0.409,0.409,0.409,0.409,0.409,0.409,0.409,0.409,0.409,0.409,0.409
RGI60-19.01779,0.945,0.945,0.945,0.945,0.945,0.945,0.945,0.945,0.945,0.945,0.945,0.945,0.945,0.945,0.945,0.945,0.945,0.945,0.945,0.945,0.945,0.945,0.945,0.945,0.315,0.315,0.409,0.409,0.409,0.409,0.409,0.409,0.409,0.409,0.409,0.409,0.409,0.409,0.409,0.409,0.409,0.409,0.409,0.409,0.409,0.409,0.409,0.409,0.409,0.409
RGI60-19.01780,0.927,0.927,0.927,0.927,0.927,0.927,0.927,0.927,0.927,0.927,0.927,0.927,0.927,0.927,0.927,0.927,0.927,0.927,0.927,0.927,0.927,0.927,0.927,0.927,0.287,0.287,0.369,0.369,0.369,0.369,0.369,0.369,0.369,0.369,0.369,0.369,0.369,0.369,0.369,0.369,0.369,0.369,0.369,0.369,0.369,0.369,0.369,0.369,0.369,0.369
RGI60-19.01781,0.929,0.929,0.929,0.929,0.929,0.929,0.929,0.929,0.929,0.929,0.929,0.929,0.929,0.929,0.929,0.929,0.929,0.929,0.929,0.929,0.929,0.929,0.929,0.929,0.29,0.29,0.374,0.374,0.374,0.374,0.374,0.374,0.374,0.374,0.374,0.374,0.374,0.374,0.374,0.374,0.374,0.374,0.374,0.374,0.374,0.374,0.374,0.374,0.374,0.374
RGI60-19.01782,0.929,0.929,0.929,0.929,0.929,0.929,0.929,0.929,0.929,0.929,0.929,0.929,0.929,0.929,0.929,0.929,0.929,0.929,0.929,0.929,0.929,0.929,0.929,0.929,0.29,0.29,0.374,0.374,0.374,0.374,0.374,0.374,0.374,0.374,0.374,0.374,0.374,0.374,0.374,0.374,0.374,0.374,0.374,0.374,0.374,0.374,0.374,0.374,0.374,0.374
RGI60-19.01783,0.929,0.929,0.929,0.929,0.929,0.929,0.929,0.929,0.929,0.929,0.929,0.929,0.929,0.929,0.929,0.929,0.929,0.929,0.929,0.929,0.929,0.929,0.929,0.929,0.29,0.29,0.374,0.374,0.374,0.374,0.374,0.374,0.374,0.374,0.374,0.374,0.374,0.374,0.374,0.374,0.374,0.374,0.374,0.374,0.374,0.374,0.374,0.374,0.374,0.374
RGI60-19.01784,0.929,0.929,0.929,0.929,0.929,0.929,0.929,0.929,0.929,0.929,0.929,0.929,0.929,0.929,0.929,0.929,0.929,0.929,0.929,0.929,0.929,0.929,0.929,0.929,0.29,0.29,0.374,0.374,0.374,0.374,0.374,0.374,0.374,0.374,0.374,0.374,0.374,0.374,0.374,0.374,0.374,0.374,0.374,0.374,0.374,0.374,0.374,0.374,0.374,0.374
RGI60-19.01785,0.929,0.929,0.929,0.929,0.929,0.929,0.929,0.929,0.929,0.929,0.929,0.929,0.929,0.929,0.929,0.929,0.929,0.929,0.929,0.929,0.929,0.929,0.929,0.929,0.29,0.29,0.374,0.374,0.374,0.374,0.374,0.374,0.374,0.374,0.374,0.374,0.374,0.374,0.374,0.374,0.374,0.374,0.374,0.374,0.374,0.374,0.374,0.374,0.374,0.374
RGI60-19.01786,0.929,0.929,0.929,0.929,0.929,0.929,0.929,0.929,0.929,0.929,0.929,0.929,0.929,0.929,0.929,0.929,0.929,0.929,0.929,0.929,0.929,0.929,0.929,0.929,0.29,0.29,0.374,0.374,0.374,0.374,0.374,0.374,0.374,0.374,0.374,0.374,0.374,0.374,0.374,0.374,0.374,0.374,0.374,0.374,0.374,0.374,0.374,0.374,0.374,0.374
RGI60-19.01787,0.929,0.929,0.929,0.929,0.929,0.929,0.929,0.929,0.929,0.929,0.929,0.929,0.929,0.929,0.929,0.929,0.929,0.929,0.929,0.929,0.929,0.929,0.929,0.929,0.29,0.29,0.374,0.374,0.374,0.374,0.374,0.374,0.374,0.374,0.374,0.374,0.374,0.374,0.374,0.374,0.374,0.374,0.374,0.374,0.374,0.374,0.374,0.374,0.374,0.374
RGI60-19.01788,0.929,0.929,0.929,0.929,0.929,0.929,0.929,0.929,0.929,0.929,0.929,0.929,0.929,0.929,0.929,0.929,0.929,0.929,0.929,0.929,0.929,0.929,0.929,0.929,0.29,0.29,0.374,0.374,0.374,0.374,0.374,0.374,0.374,0.374,0.374,0.374,0.374,0.374,0.374,0.374,0.374,0.374,0.374,0.374,0.374,0.374,0.374,0.374,0.374,0.374
RGI60-19.01789,0.929,0.929,0.929,0.929,0.929,0.929,0.929,0.929,0.929,0.929,0.929,0.929,0.929,0.929,0.929,0.929,0.929,0.929,0.929,0.929,0.929,0.929,0.929,0.929,0.29,0.29,0.374,0.374,0.374,0.374,0.374,0.374,0.374,0.374,0.374,0.374,0.374,0.374,0.374,0.374,0.374,0.374,0.374,0.374,0.374,0.374,0.374,0.374,0.374,0.374
RGI60-19.01790,0.929,0.929,0.929,0.929,0.929,0.929,0.929,0.929,0.929,0.929,0.929,0.929,0.929,0.929,0.929,0.929,0.929,0.929,0.929,0.929,0.929,0.929,0.929,0.929,0.29,0.29,0.374,0.374,0.374,0.374,0.374,0.374,0.374,0.374,0.374,0.374,0.374,0.374,0.374,0.374,0.374,0.374,0.374,0.374,0.374,0.374,0.374,0.374,0.374,0.374
RGI60-19.01791,0.929,0.929,0.929,0.929,0.929,0.929,0.929,0.929,0.929,0.929,0.929,0.929,0.929,0.929,0.929,0.929,0.929,0.929,0.929,0.929,0.929,0.929,0.929,0.929,0.29,0.29,0.374,0.374,0.374,0.374,0.374,0.374,0.374,0.374,0.374,0.374,0.374,0.374,0.374,0.374,0.374,0.374,0.374,0.374,0.374,0.374,0.374,0.374,0.374,0.374
RGI60-19.01792,0.929,0.929,0.929,0.929,0.929,0.929,0.929,0.929,0.929,0.929,0.929,0.929,0.929,0.929,0.929,0.929,0.929,0.929,0.929,0.929,0.929,0.929,0.929,0.929,0.29,0.29,0.374,0.374,0.374,0.374,0.374,0.374,0.374,0.374,0.374,0.374,0.374,0.374,0.374,0.374,0.374,0.374,0.374,0.374,0.374,0.374,0.374,0.374,0.374,0.374
RGI60-19.01793,0.929,0.929,0.929,0.929,0.929,0.929,0.929,0.929,0.929,0.929,0.929,0.929,0.929,0.929,0.929,0.929,0.929,0.929,0.929,0.929,0.929,0.929,0.929,0.929,0.29,0.29,0.374,0.374,0.374,0.374,0.374,0.374,0.374,0.374,0.374,0.374,0.374,0.374,0.374,0.374,0.374,0.374,0.374,0.374,0.374,0.374,0.374,0.374,0.374,0.374
RGI60-19.01794,0.929,0.929,0.929,0.929,0.929,0.929,0.929,0.929,0.929,0.929,0.929,0.929,0.929,0.929,0.929,0.929,0.929,0.929,0.929,0.929,0.929,0.929,0.929,0.929,0.29,0.29,0.374,0.374,0.374,0.374,0.374,0.374,0.374,0.374,0.374,0.374,0.374,0.374,0.374,0.374,0.374,0.374,0.374,0.374,0.374,0.374,0.374,0.374,0.374,0.374
RGI60-19.01795,0.929,0.929,0.929,0.929,0.929,0.929,0.929,0.929,0.929,0.929,0.929,0.929,0.929,0.929,0.929,0.929,0.929,0.929,0.929,0.929,0.929,0.929,0.929,0.929,0.29,0.29,0.374,0.374,0.374,0.374,0.374,0.374,0.374,0.374,0.374,0.374,0.374,0.374,0.374,0.374,0.374,0.374,0.374,0.374,0.374,0.374,0.374,0.374,0.374,0.374
RGI60-19.01796,0.929,0.929,0.929,0.929,0.929,0.929,0.929,0.929,0.929,0.929,0.929,0.929,0.929,0.929,0.929,0.929,0.929,0.929,0.929,0.929,0.929,0.929,0.929,0.929,0.29,0.29,0.374,0.374,0.374,0.374,0.374,0.374,0.374,0.374,0.374,0.374,0.374,0.374,0.374,0.374,0.374,0.374,0.374,0.374,0.374,0.374,0.374,0.374,0.374,0.374
RGI60-19.01797,0.929,0.929,0.929,0.929,0.929,0.929,0.929,0.929,0.929,0.929,0.929,0.929,0.929,0.929,0.929,0.929,0.929,0.929,0.929,0.929,0.929,0.929,0.929,0.929,0.29,0.29,0.374,0.374,0.374,0.374,0.374,0.374,0.374,0.374,0.374,0.374,0.374,0.374,0.374,0.374,0.374,0.374,0.374,0.374,0.374,0.374,0.374,0.374,0.374,0.374
RGI60-19.01798,0.929,0.929,0.929,0.929,0.929,0.929,0.929,0.929,0.929,0.929,0.929,0.929,0.929,0.929,0.929,0.929,0.929,0.929,0.929,0.929,0.929,0.929,0.929,0.929,0.29,0.29,0.374,0.374,0.374,0.374,0.374,0.374,0.374,0.374,0.374,0.374,0.374,0.374,0.374,0.374,0.374,0.374,0.374,0.374,0.374,0.374,0.374,0.374,0.374,0.374
RGI60-19.01799,0.929,0.929,0.929,0.929,0.929,0.929,0.929,0.929,0.929,0.929,0.929,0.929,0.929,0.929,0.929,0.929,0.929,0.929,0.929,0.929,0.929,0.929,0.929,0.929,0.29,0.29,0.375,0.375,0.375,0.375,0.375,0.375,0.375,0.375,0.375,0.375,0.375,0.375,0.375,0.375,0.375,0.375,0.375,0.375,0.375,0.375,0.375,0.375,0.375,0.375
RGI60-19.01800,0.929,0.929,0.929,0.929,0.929,0.929,0.929,0.929,0.929,0.929,0.929,0.929,0.929,0.929,0.929,0.929,0.929,0.929,0.929,0.929,0.929,0.929,0.929,0.929,0.29,0.29,0.375,0.375,0.375,0.375,0.375,0.375,0.375,0.375,0.375,0.375,0.375,0.375,0.375,0.375,0.375,0.375,0.375,0.375,0.375,0.375,0.375,0.375,0.375,0.375
RGI60-19.01801,0.929,0.929,0.929,0.929,0.929,0.929,0.929,0.929,0.929,0.929,0.929,0.929,0.929,0.929,0.929,0.929,0.929,0.929,0.929,0.929,0.929,0.929,0.929,0.929,0.291,0.291,0.375,0.375,0.375,0.375,0.375,0.375,0.375,0.375,0.375,0.375,0.375,0.375,0.375,0.375,0.375,0.375,0.375,0.375,0.375,0.375,0.375,0.375,0.375,0.375
RGI60-19.01802,0.929,0.929,0.929,0.929,0.929,0.929,0.929,0.929,0.929,0.929,0.929,0.929,0.929,0.929,0.929,0.929,0.929,0.929,0.929,0.929,0.929,0.929,0.929,0.929,0.291,0.291,0.375,0.375,0.375,0.375,0.375,0.375,0.375,0.375,0.375,0.375,0.375,0.375,0.375,0.375,0.375,0.375,0.375,0.375,0.375,0.375,0.375,0.375,0.375,0.375
RGI60-19.01803,0.929,0.929,0.929,0.929,0.929,0.929,0.929,0.929,0.929,0.929,0.929,0.929,0.929,0.929,0.929,0.929,0.929,0.929,0.929,0.929,0.929,0.929,0.929,0.929,0.291,0.291,0.375,0.375,0.375,0.375,0.375,0.375,0.375,0.375,0.375,0.375,0.375,0.375,0.375,0.375,0.375,0.375,0.375,0.375,0.375,0.375,0.375,0.375,0.375,0.375
RGI60-19.01804,0.929,0.929,0.929,0.929,0.929,0.929,0.929,0.929,0.929,0.929,0.929,0.929,0.929,0.929,0.929,0.929,0.929,0.929,0.929,0.929,0.929,0.929,0.929,0.929,0.291,0.291,0.375,0.375,0.375,0.375,0.375,0.375,0.375,0.375,0.375,0.375,0.375,0.375,0.375,0.375,0.375,0.375,0.375,0.375,0.375,0.375,0.375,0.375,0.375,0.375
RGI60-19.01805,0.929,0.929,0.929,0.929,0.929,0.929,0.929,0.929,0.929,0.929,0.929,0.929,0.929,0.929,0.929,0.929,0.929,0.929,0.929,0.929,0.929,0.929,0.929,0.929,0.291,0.291,0.375,0.375,0.375,0.375,0.375,0.375,0.375,0.375,0.375,0.375,0.375,0.375,0.375,0.375,0.375,0.375,0.375,0.375,0.375,0.375,0.375,0.375,0.375,0.375
RGI60-19.01806,0.929,0.929,0.929,0.929,0.929,0.929,0.929,0.929,0.929,0.929,0.929,0.929,0.929,0.929,0.929,0.929,0.929,0.929,0.929,0.929,0.929,0.929,0.929,0.929,0.29,0.29,0.375,0.375,0.375,0.375,0.375,0.375,0.375,0.375,0.375,0.375,0.375,0.375,0.375,0.375,0.375,0.375,0.375,0.375,0.375,0.375,0.375,0.375,0.375,0.375
RGI60-19.01807,0.929,0.929,0.929,0.929,0.929,0.929,0.929,0.929,0.929,0.929,0.929,0.929,0.929,0.929,0.929,0.929,0.929,0.929,0.929,0.929,0.929,0.929,0.929,0.929,0.29,0.29,0.375,0.375,0.375,0.375,0.375,0.375,0.375,0.375,0.375,0.375,0.375,0.375,0.375,0.375,0.375,0.375,0.375,0.375,0.375,0.375,0.375,0.375,0.375,0.375
RGI60-19.01808,0.929,0.929,0.929,0.929,0.929,0.929,0.929,0.929,0.929,0.929,0.929,0.929,0.929,0.929,0.929,0.929,0.929,0.929,0.929,0.929,0.929,0.929,0.929,0.929,0.29,0.29,0.374,0.374,0.374,0.374,0.374,0.374,0.374,0.374,0.374,0.374,0.374,0.374,0.374,0.374,0.374,0.374,0.374,0.374,0.374,0.374,0.374,0.374,0.374,0.374
RGI60-19.01809,0.929,0.929,0.929,0.929,0.929,0.929,0.929,0.929,0.929,0.929,0.929,0.929,0.929,0.929,0.929,0.929,0.929,0.929,0.929,0.929,0.929,0.929,0.929,0.929,0.29,0.29,0.374,0.374,0.374,0.374,0.374,0.374,0.374,0.374,0.374,0.374,0.374,0.374,0.374,0.374,0.374,0.374,0.374,0.374,0.374,0.374,0.374,0.374,0.374,0.374
RGI60-19.01810,0.929,0.929,0.929,0.929,0.929,0.929,0.929,0.929,0.929,0.929,0.929,0.929,0.929,0.929,0.929,0.929,0.929,0.929,0.929,0.929,0.929,0.929,0.929,0.929,0.29,0.29,0.374,0.374,0.374,0.374,0.374,0.374,0.374,0.374,0.374,0.374,0.374,0.374,0.374,0.374,0.374,0.374,0.374,0.374,0.374,0.374,0.374,0.374,0.374,0.374
RGI60-19.01811,0.929,0.929,0.929,0.929,0.929,0.929,0.929,0.929,0.929,0.929,0.929,0.929,0.929,0.929,0.929,0.929,0.929,0.929,0.929,0.929,0.929,0.929,0.929,0.929,0.29,0.29,0.374,0.374,0.374,0.374,0.374,0.374,0.374,0.374,0.374,0.374,0.374,0.374,0.374,0.374,0.374,0.374,0.374,0.374,0.374,0.374,0.374,0.374,0.374,0.374
RGI60-19.01812,0.929,0.929,0.929,0.929,0.929,0.929,0.929,0.929,0.929,0.929,0.929,0.929,0.929,0.929,0.929,0.929,0.929,0.929,0.929,0.929,0.929,0.929,0.929,0.929,0.29,0.29,0.374,0.374,0.374,0.374,0.374,0.374,0.374,0.374,0.374,0.374,0.374,0.374,0.374,0.374,0.374,0.374,0.374,0.374,0.374,0.374,0.374,0.374,0.374,0.374
RGI60-19.01813,0.929,0.929,0.929,0.929,0.929,0.929,0.929,0.929,0.929,0.929,0.929,0.929,0.929,0.929,0.929,0.929,0.929,0.929,0.929,0.929,0.929,0.929,0.929,0.929,0.29,0.29,0.374,0.374,0.374,0.374,0.374,0.374,0.374,0.374,0.374,0.374,0.374,0.374,0.374,0.374,0.374,0.374,0.374,0.374,0.374,0.374,0.374,0.374,0.374,0.374
RGI60-19.01814,0.929,0.929,0.929,0.929,0.929,0.929,0.929,0.929,0.929,0.929,0.929,0.929,0.929,0.929,0.929,0.929,0.929,0.929,0.929,0.929,0.929,0.929,0.929,0.929,0.29,0.29,0.374,0.374,0.374,0.374,0.374,0.374,0.374,0.374,0.374,0.374,0.374,0.374,0.374,0.374,0.374,0.374,0.374,0.374,0.374,0.374,0.374,0.374,0.374,0.374
RGI60-19.01815,0.929,0.929,0.929,0.929,0.929,0.929,0.929,0.929,0.929,0.929,0.929,0.929,0.929,0.929,0.929,0.929,0.929,0.929,0.929,0.929,0.929,0.929,0.929,0.929,0.29,0.29,0.374,0.374,0.374,0.374,0.374,0.374,0.374,0.374,0.374,0.374,0.374,0.374,0.374,0.374,0.374,0.374,0.374,0.374,0.374,0.374,0.374,0.374,0.374,0.374
RGI60-19.01816,0.929,0.929,0.929,0.929,0.929,0.929,0.929,0.929,0.929,0.929,0.929,0.929,0.929,0.929,0.929,0.929,0.929,0.929,0.929,0.929,0.929,0.929,0.929,0.929,0.29,0.29,0.373,0.373,0.373,0.373,0.373,0.373,0.373,0.373,0.373,0.373,0.373,0.373,0.373,0.373,0.373,0.373,0.373,0.373,0.373,0.373,0.373,0.373,0.373,0.373
RGI60-19.01817,0.929,0.929,0.929,0.929,0.929,0.929,0.929,0.929,0.929,0.929,0.929,0.929,0.929,0.929,0.929,0.929,0.929,0.929,0.929,0.929,0.929,0.929,0.929,0.929,0.29,0.29,0.373,0.373,0.373,0.373,0.373,0.373,0.373,0.373,0.373,0.373,0.373,0.373,0.373,0.373,0.373,0.373,0.373,0.373,0.373,0.373,0.373,0.373,0.373,0.373
RGI60-19.01818,0.945,0.945,0.945,0.945,0.945,0.945,0.945,0.945,0.945,0.945,0.945,0.945,0.945,0.945,0.945,0.945,0.945,0.945,0.945,0.945,0.945,0.945,0.945,0.945,0.315,0.315,0.409,0.409,0.409,0.409,0.409,0.409,0.409,0.409,0.409,0.409,0.409,0.409,0.409,0.409,0.409,0.409,0.409,0.409,0.409,0.409,0.409,0.409,0.409,0.409
RGI60-19.01819,0.945,0.945,0.945,0.945,0.945,0.945,0.945,0.945,0.945,0.945,0.945,0.945,0.945,0.945,0.945,0.945,0.945,0.945,0.945,0.945,0.945,0.945,0.945,0.945,0.315,0.315,0.409,0.409,0.409,0.409,0.409,0.409,0.409,0.409,0.409,0.409,0.409,0.409,0.409,0.409,0.409,0.409,0.409,0.409,0.409,0.409,0.409,0.409,0.409,0.409
RGI60-19.01820,0.929,0.929,0.929,0.929,0.929,0.929,0.929,0.929,0.929,0.929,0.929,0.929,0.929,0.929,0.929,0.929,0.929,0.929,0.929,0.929,0.929,0.929,0.929,0.929,0.289,0.289,0.373,0.373,0.373,0.373,0.373,0.373,0.373,0.373,0.373,0.373,0.373,0.373,0.373,0.373,0.373,0.373,0.373,0.373,0.373,0.373,0.373,0.373,0.373,0.373
RGI60-19.01821,0.929,0.929,0.929,0.929,0.929,0.929,0.929,0.929,0.929,0.929,0.929,0.929,0.929,0.929,0.929,0.929,0.929,0.929,0.929,0.929,0.929,0.929,0.929,0.929,0.289,0.289,0.373,0.373,0.373,0.373,0.373,0.373,0.373,0.373,0.373,0.373,0.373,0.373,0.373,0.373,0.373,0.373,0.373,0.373,0.373,0.373,0.373,0.373,0.373,0.373
RGI60-19.01822,0.929,0.929,0.929,0.929,0.929,0.929,0.929,0.929,0.929,0.929,0.929,0.929,0.929,0.929,0.929,0.929,0.929,0.929,0.929,0.929,0.929,0.929,0.929,0.929,0.289,0.289,0.373,0.373,0.373,0.373,0.373,0.373,0.373,0.373,0.373,0.373,0.373,0.373,0.373,0.373,0.373,0.373,0.373,0.373,0.373,0.373,0.373,0.373,0.373,0.373
RGI60-19.01823,0.929,0.929,0.929,0.929,0.929,0.929,0.929,0.929,0.929,0.929,0.929,0.929,0.929,0.929,0.929,0.929,0.929,0.929,0.929,0.929,0.929,0.929,0.929,0.929,0.289,0.289,0.373,0.373,0.373,0.373,0.373,0.373,0.373,0.373,0.373,0.373,0.373,0.373,0.373,0.373,0.373,0.373,0.373,0.373,0.373,0.373,0.373,0.373,0.373,0.373
RGI60-19.01824,0.929,0.929,0.929,0.929,0.929,0.929,0.929,0.929,0.929,0.929,0.929,0.929,0.929,0.929,0.929,0.929,0.929,0.929,0.929,0.929,0.929,0.929,0.929,0.929,0.289,0.289,0.373,0.373,0.373,0.373,0.373,0.373,0.373,0.373,0.373,0.373,0.373,0.373,0.373,0.373,0.373,0.373,0.373,0.373,0.373,0.373,0.373,0.373,0.373,0.373
RGI60-19.01825,0.929,0.929,0.929,0.929,0.929,0.929,0.929,0.929,0.929,0.929,0.929,0.929,0.929,0.929,0.929,0.929,0.929,0.929,0.929,0.929,0.929,0.929,0.929,0.929,0.289,0.289,0.373,0.373,0.373,0.373,0.373,0.373,0.373,0.373,0.373,0.373,0.373,0.373,0.373,0.373,0.373,0.373,0.373,0.373,0.373,0.373,0.373,0.373,0.373,0.373
RGI60-19.01826,0.929,0.929,0.929,0.929,0.929,0.929,0.929,0.929,0.929,0.929,0.929,0.929,0.929,0.929,0.929,0.929,0.929,0.929,0.929,0.929,0.929,0.929,0.929,0.929,0.289,0.289,0.373,0.373,0.373,0.373,0.373,0.373,0.373,0.373,0.373,0.373,0.373,0.373,0.373,0.373,0.373,0.373,0.373,0.373,0.373,0.373,0.373,0.373,0.373,0.373
RGI60-19.01827,0.929,0.929,0.929,0.929,0.929,0.929,0.929,0.929,0.929,0.929,0.929,0.929,0.929,0.929,0.929,0.929,0.929,0.929,0.929,0.929,0.929,0.929,0.929,0.929,0.289,0.289,0.373,0.373,0.373,0.373,0.373,0.373,0.373,0.373,0.373,0.373,0.373,0.373,0.373,0.373,0.373,0.373,0.373,0.373,0.373,0.373,0.373,0.373,0.373,0.373
RGI60-19.01828,0.929,0.929,0.929,0.929,0.929,0.929,0.929,0.929,0.929,0.929,0.929,0.929,0.929,0.929,0.929,0.929,0.929,0.929,0.929,0.929,0.929,0.929,0.929,0.929,0.289,0.289,0.373,0.373,0.373,0.373,0.373,0.373,0.373,0.373,0.373,0.373,0.373,0.373,0.373,0.373,0.373,0.373,0.373,0.373,0.373,0.373,0.373,0.373,0.373,0.373
RGI60-19.01829,0.929,0.929,0.929,0.929,0.929,0.929,0.929,0.929,0.929,0.929,0.929,0.929,0.929,0.929,0.929,0.929,0.929,0.929,0.929,0.929,0.929,0.929,0.929,0.929,0.289,0.289,0.373,0.373,0.373,0.373,0.373,0.373,0.373,0.373,0.373,0.373,0.373,0.373,0.373,0.373,0.373,0.373,0.373,0.373,0.373,0.373,0.373,0.373,0.373,0.373
RGI60-19.01830,0.929,0.929,0.929,0.929,0.929,0.929,0.929,0.929,0.929,0.929,0.929,0.929,0.929,0.929,0.929,0.929,0.929,0.929,0.929,0.929,0.929,0.929,0.929,0.929,0.289,0.289,0.373,0.373,0.373,0.373,0.373,0.373,0.373,0.373,0.373,0.373,0.373,0.373,0.373,0.373,0.373,0.373,0.373,0.373,0.373,0.373,0.373,0.373,0.373,0.373
RGI60-19.01831,0.929,0.929,0.929,0.929,0.929,0.929,0.929,0.929,0.929,0.929,0.929,0.929,0.929,0.929,0.929,0.929,0.929,0.929,0.929,0.929,0.929,0.929,0.929,0.929,0.289,0.289,0.373,0.373,0.373,0.373,0.373,0.373,0.373,0.373,0.373,0.373,0.373,0.373,0.373,0.373,0.373,0.373,0.373,0.373,0.373,0.373,0.373,0.373,0.373,0.373
RGI60-19.01832,0.929,0.929,0.929,0.929,0.929,0.929,0.929,0.929,0.929,0.929,0.929,0.929,0.929,0.929,0.929,0.929,0.929,0.929,0.929,0.929,0.929,0.929,0.929,0.929,0.289,0.289,0.373,0.373,0.373,0.373,0.373,0.373,0.373,0.373,0.373,0.373,0.373,0.373,0.373,0.373,0.373,0.373,0.373,0.373,0.373,0.373,0.373,0.373,0.373,0.373
RGI60-19.01833,0.928,0.928,0.928,0.928,0.928,0.928,0.928,0.928,0.928,0.928,0.928,0.928,0.928,0.928,0.928,0.928,0.928,0.928,0.928,0.928,0.928,0.928,0.928,0.928,0.289,0.289,0.372,0.372,0.372,0.372,0.372,0.372,0.372,0.372,0.372,0.372,0.372,0.372,0.372,0.372,0.372,0.372,0.372,0.372,0.372,0.372,0.372,0.372,0.372,0.372
RGI60-19.01834,0.928,0.928,0.928,0.928,0.928,0.928,0.928,0.928,0.928,0.928,0.928,0.928,0.928,0.928,0.928,0.928,0.928,0.928,0.928,0.928,0.928,0.928,0.928,0.928,0.289,0.289,0.372,0.372,0.372,0.372,0.372,0.372,0.372,0.372,0.372,0.372,0.372,0.372,0.372,0.372,0.372,0.372,0.372,0.372,0.372,0.372,0.372,0.372,0.372,0.372
RGI60-19.01835,0.928,0.928,0.928,0.928,0.928,0.928,0.928,0.928,0.928,0.928,0.928,0.928,0.928,0.928,0.928,0.928,0.928,0.928,0.928,0.928,0.928,0.928,0.928,0.928,0.289,0.289,0.372,0.372,0.372,0.372,0.372,0.372,0.372,0.372,0.372,0.372,0.372,0.372,0.372,0.372,0.372,0.372,0.372,0.372,0.372,0.372,0.372,0.372,0.372,0.372
RGI60-19.01836,0.928,0.928,0.928,0.928,0.928,0.928,0.928,0.928,0.928,0.928,0.928,0.928,0.928,0.928,0.928,0.928,0.928,0.928,0.928,0.928,0.928,0.928,0.928,0.928,0.289,0.289,0.372,0.372,0.372,0.372,0.372,0.372,0.372,0.372,0.372,0.372,0.372,0.372,0.372,0.372,0.372,0.372,0.372,0.372,0.372,0.372,0.372,0.372,0.372,0.372
RGI60-19.01837,0.927,0.927,0.927,0.927,0.927,0.927,0.927,0.927,0.927,0.927,0.927,0.927,0.927,0.927,0.927,0.927,0.927,0.927,0.927,0.927,0.927,0.927,0.927,0.927,0.287,0.287,0.369,0.369,0.369,0.369,0.369,0.369,0.369,0.369,0.369,0.369,0.369,0.369,0.369,0.369,0.369,0.369,0.369,0.369,0.369,0.369,0.369,0.369,0.369,0.369
RGI60-19.01838,0.927,0.927,0.927,0.927,0.927,0.927,0.927,0.927,0.927,0.927,0.927,0.927,0.927,0.927,0.927,0.927,0.927,0.927,0.927,0.927,0.927,0.927,0.927,0.927,0.288,0.288,0.37,0.37,0.37,0.37,0.37,0.37,0.37,0.37,0.37,0.37,0.37,0.37,0.37,0.37,0.37,0.37,0.37,0.37,0.37,0.37,0.37,0.37,0.37,0.37
RGI60-19.01839,0.927,0.927,0.927,0.927,0.927,0.927,0.927,0.927,0.927,0.927,0.927,0.927,0.927,0.927,0.927,0.927,0.927,0.927,0.927,0.927,0.927,0.927,0.927,0.927,0.288,0.288,0.37,0.37,0.37,0.37,0.37,0.37,0.37,0.37,0.37,0.37,0.37,0.37,0.37,0.37,0.37,0.37,0.37,0.37,0.37,0.37,0.37,0.37,0.37,0.37
RGI60-19.01840,0.928,0.928,0.928,0.928,0.928,0.928,0.928,0.928,0.928,0.928,0.928,0.928,0.928,0.928,0.928,0.928,0.928,0.928,0.928,0.928,0.928,0.928,0.928,0.928,0.288,0.288,0.37,0.37,0.37,0.37,0.37,0.37,0.37,0.37,0.37,0.37,0.37,0.37,0.37,0.37,0.37,0.37,0.37,0.37,0.37,0.37,0.37,0.37,0.37,0.37
RGI60-19.01841,0.928,0.928,0.928,0.928,0.928,0.928,0.928,0.928,0.928,0.928,0.928,0.928,0.928,0.928,0.928,0.928,0.928,0.928,0.928,0.928,0.928,0.928,0.928,0.928,0.288,0.288,0.37,0.37,0.37,0.37,0.37,0.37,0.37,0.37,0.37,0.37,0.37,0.37,0.37,0.37,0.37,0.37,0.37,0.37,0.37,0.37,0.37,0.37,0.37,0.37
RGI60-19.01842,0.928,0.928,0.928,0.928,0.928,0.928,0.928,0.928,0.928,0.928,0.928,0.928,0.928,0.928,0.928,0.928,0.928,0.928,0.928,0.928,0.928,0.928,0.928,0.928,0.288,0.288,0.371,0.371,0.371,0.371,0.371,0.371,0.371,0.371,0.371,0.371,0.371,0.371,0.371,0.371,0.371,0.371,0.371,0.371,0.371,0.371,0.371,0.371,0.371,0.371
RGI60-19.01843,0.928,0.928,0.928,0.928,0.928,0.928,0.928,0.928,0.928,0.928,0.928,0.928,0.928,0.928,0.928,0.928,0.928,0.928,0.928,0.928,0.928,0.928,0.928,0.928,0.288,0.288,0.371,0.371,0.371,0.371,0.371,0.371,0.371,0.371,0.371,0.371,0.371,0.371,0.371,0.371,0.371,0.371,0.371,0.371,0.371,0.371,0.371,0.371,0.371,0.371
RGI60-19.01844,0.928,0.928,0.928,0.928,0.928,0.928,0.928,0.928,0.928,0.928,0.928,0.928,0.928,0.928,0.928,0.928,0.928,0.928,0.928,0.928,0.928,0.928,0.928,0.928,0.288,0.288,0.371,0.371,0.371,0.371,0.371,0.371,0.371,0.371,0.371,0.371,0.371,0.371,0.371,0.371,0.371,0.371,0.371,0.371,0.371,0.371,0.371,0.371,0.371,0.371
RGI60-19.01845,0.928,0.928,0.928,0.928,0.928,0.928,0.928,0.928,0.928,0.928,0.928,0.928,0.928,0.928,0.928,0.928,0.928,0.928,0.928,0.928,0.928,0.928,0.928,0.928,0.289,0.289,0.372,0.372,0.372,0.372,0.372,0.372,0.372,0.372,0.372,0.372,0.372,0.372,0.372,0.372,0.372,0.372,0.372,0.372,0.372,0.372,0.372,0.372,0.372,0.372
RGI60-19.01846,0.928,0.928,0.928,0.928,0.928,0.928,0.928,0.928,0.928,0.928,0.928,0.928,0.928,0.928,0.928,0.928,0.928,0.928,0.928,0.928,0.928,0.928,0.928,0.928,0.289,0.289,0.372,0.372,0.372,0.372,0.372,0.372,0.372,0.372,0.372,0.372,0.372,0.372,0.372,0.372,0.372,0.372,0.372,0.372,0.372,0.372,0.372,0.372,0.372,0.372
RGI60-19.01847,0.928,0.928,0.928,0.928,0.928,0.928,0.928,0.928,0.928,0.928,0.928,0.928,0.928,0.928,0.928,0.928,0.928,0.928,0.928,0.928,0.928,0.928,0.928,0.928,0.289,0.289,0.372,0.372,0.372,0.372,0.372,0.372,0.372,0.372,0.372,0.372,0.372,0.372,0.372,0.372,0.372,0.372,0.372,0.372,0.372,0.372,0.372,0.372,0.372,0.372
RGI60-19.01848,0.928,0.928,0.928,0.928,0.928,0.928,0.928,0.928,0.928,0.928,0.928,0.928,0.928,0.928,0.928,0.928,0.928,0.928,0.928,0.928,0.928,0.928,0.928,0.928,0.289,0.289,0.372,0.372,0.372,0.372,0.372,0.372,0.372,0.372,0.372,0.372,0.372,0.372,0.372,0.372,0.372,0.372,0.372,0.372,0.372,0.372,0.372,0.372,0.372,0.372
RGI60-19.01849,0.928,0.928,0.928,0.928,0.928,0.928,0.928,0.928,0.928,0.928,0.928,0.928,0.928,0.928,0.928,0.928,0.928,0.928,0.928,0.928,0.928,0.928,0.928,0.928,0.289,0.289,0.372,0.372,0.372,0.372,0.372,0.372,0.372,0.372,0.372,0.372,0.372,0.372,0.372,0.372,0.372,0.372,0.372,0.372,0.372,0.372,0.372,0.372,0.372,0.372
RGI60-19.01850,0.928,0.928,0.928,0.928,0.928,0.928,0.928,0.928,0.928,0.928,0.928,0.928,0.928,0.928,0.928,0.928,0.928,0.928,0.928,0.928,0.928,0.928,0.928,0.928,0.289,0.289,0.372,0.372,0.372,0.372,0.372,0.372,0.372,0.372,0.372,0.372,0.372,0.372,0.372,0.372,0.372,0.372,0.372,0.372,0.372,0.372,0.372,0.372,0.372,0.372
RGI60-19.01851,0.928,0.928,0.928,0.928,0.928,0.928,0.928,0.928,0.928,0.928,0.928,0.928,0.928,0.928,0.928,0.928,0.928,0.928,0.928,0.928,0.928,0.928,0.928,0.928,0.289,0.289,0.372,0.372,0.372,0.372,0.372,0.372,0.372,0.372,0.372,0.372,0.372,0.372,0.372,0.372,0.372,0.372,0.372,0.372,0.372,0.372,0.372,0.372,0.372,0.372
RGI60-19.01852,0.928,0.928,0.928,0.928,0.928,0.928,0.928,0.928,0.928,0.928,0.928,0.928,0.928,0.928,0.928,0.928,0.928,0.928,0.928,0.928,0.928,0.928,0.928,0.928,0.289,0.289,0.372,0.372,0.372,0.372,0.372,0.372,0.372,0.372,0.372,0.372,0.372,0.372,0.372,0.372,0.372,0.372,0.372,0.372,0.372,0.372,0.372,0.372,0.372,0.372
RGI60-19.01853,0.928,0.928,0.928,0.928,0.928,0.928,0.928,0.928,0.928,0.928,0.928,0.928,0.928,0.928,0.928,0.928,0.928,0.928,0.928,0.928,0.928,0.928,0.928,0.928,0.289,0.289,0.372,0.372,0.372,0.372,0.372,0.372,0.372,0.372,0.372,0.372,0.372,0.372,0.372,0.372,0.372,0.372,0.372,0.372,0.372,0.372,0.372,0.372,0.372,0.372
RGI60-19.01854,0.928,0.928,0.928,0.928,0.928,0.928,0.928,0.928,0.928,0.928,0.928,0.928,0.928,0.928,0.928,0.928,0.928,0.928,0.928,0.928,0.928,0.928,0.928,0.928,0.289,0.289,0.372,0.372,0.372,0.372,0.372,0.372,0.372,0.372,0.372,0.372,0.372,0.372,0.372,0.372,0.372,0.372,0.372,0.372,0.372,0.372,0.372,0.372,0.372,0.372
RGI60-19.01855,0.928,0.928,0.928,0.928,0.928,0.928,0.928,0.928,0.928,0.928,0.928,0.928,0.928,0.928,0.928,0.928,0.928,0.928,0.928,0.928,0.928,0.928,0.928,0.928,0.289,0.289,0.372,0.372,0.372,0.372,0.372,0.372,0.372,0.372,0.372,0.372,0.372,0.372,0.372,0.372,0.372,0.372,0.372,0.372,0.372,0.372,0.372,0.372,0.372,0.372
RGI60-19.01856,0.928,0.928,0.928,0.928,0.928,0.928,0.928,0.928,0.928,0.928,0.928,0.928,0.928,0.928,0.928,0.928,0.928,0.928,0.928,0.928,0.928,0.928,0.928,0.928,0.289,0.289,0.372,0.372,0.372,0.372,0.372,0.372,0.372,0.372,0.372,0.372,0.372,0.372,0.372,0.372,0.372,0.372,0.372,0.372,0.372,0.372,0.372,0.372,0.372,0.372
RGI60-19.01857,0.928,0.928,0.928,0.928,0.928,0.928,0.928,0.928,0.928,0.928,0.928,0.928,0.928,0.928,0.928,0.928,0.928,0.928,0.928,0.928,0.928,0.928,0.928,0.928,0.289,0.289,0.372,0.372,0.372,0.372,0.372,0.372,0.372,0.372,0.372,0.372,0.372,0.372,0.372,0.372,0.372,0.372,0.372,0.372,0.372,0.372,0.372,0.372,0.372,0.372
RGI60-19.01858,0.928,0.928,0.928,0.928,0.928,0.928,0.928,0.928,0.928,0.928,0.928,0.928,0.928,0.928,0.928,0.928,0.928,0.928,0.928,0.928,0.928,0.928,0.928,0.928,0.289,0.289,0.372,0.372,0.372,0.372,0.372,0.372,0.372,0.372,0.372,0.372,0.372,0.372,0.372,0.372,0.372,0.372,0.372,0.372,0.372,0.372,0.372,0.372,0.372,0.372
RGI60-19.01859,0.928,0.928,0.928,0.928,0.928,0.928,0.928,0.928,0.928,0.928,0.928,0.928,0.928,0.928,0.928,0.928,0.928,0.928,0.928,0.928,0.928,0.928,0.928,0.928,0.289,0.289,0.372,0.372,0.372,0.372,0.372,0.372,0.372,0.372,0.372,0.372,0.372,0.372,0.372,0.372,0.372,0.372,0.372,0.372,0.372,0.372,0.372,0.372,0.372,0.372
RGI60-19.01860,0.928,0.928,0.928,0.928,0.928,0.928,0.928,0.928,0.928,0.928,0.928,0.928,0.928,0.928,0.928,0.928,0.928,0.928,0.928,0.928,0.928,0.928,0.928,0.928,0.289,0.289,0.372,0.372,0.372,0.372,0.372,0.372,0.372,0.372,0.372,0.372,0.372,0.372,0.372,0.372,0.372,0.372,0.372,0.372,0.372,0.372,0.372,0.372,0.372,0.372
RGI60-19.01861,0.928,0.928,0.928,0.928,0.928,0.928,0.928,0.928,0.928,0.928,0.928,0.928,0.928,0.928,0.928,0.928,0.928,0.928,0.928,0.928,0.928,0.928,0.928,0.928,0.289,0.289,0.372,0.372,0.372,0.372,0.372,0.372,0.372,0.372,0.372,0.372,0.372,0.372,0.372,0.372,0.372,0.372,0.372,0.372,0.372,0.372,0.372,0.372,0.372,0.372
RGI60-19.01862,0.928,0.928,0.928,0.928,0.928,0.928,0.928,0.928,0.928,0.928,0.928,0.928,0.928,0.928,0.928,0.928,0.928,0.928,0.928,0.928,0.928,0.928,0.928,0.928,0.289,0.289,0.372,0.372,0.372,0.372,0.372,0.372,0.372,0.372,0.372,0.372,0.372,0.372,0.372,0.372,0.372,0.372,0.372,0.372,0.372,0.372,0.372,0.372,0.372,0.372
RGI60-19.01863,0.928,0.928,0.928,0.928,0.928,0.928,0.928,0.928,0.928,0.928,0.928,0.928,0.928,0.928,0.928,0.928,0.928,0.928,0.928,0.928,0.928,0.928,0.928,0.928,0.289,0.289,0.372,0.372,0.372,0.372,0.372,0.372,0.372,0.372,0.372,0.372,0.372,0.372,0.372,0.372,0.372,0.372,0.372,0.372,0.372,0.372,0.372,0.372,0.372,0.372
RGI60-19.01864,0.945,0.945,0.945,0.945,0.945,0.945,0.945,0.945,0.945,0.945,0.945,0.945,0.945,0.945,0.945,0.945,0.945,0.945,0.945,0.945,0.945,0.945,0.945,0.945,0.315,0.315,0.409,0.409,0.409,0.409,0.409,0.409,0.409,0.409,0.409,0.409,0.409,0.409,0.409,0.409,0.409,0.409,0.409,0.409,0.409,0.409,0.409,0.409,0.409,0.409
RGI60-19.01865,0.928,0.928,0.928,0.928,0.928,0.928,0.928,0.928,0.928,0.928,0.928,0.928,0.928,0.928,0.928,0.928,0.928,0.928,0.928,0.928,0.928,0.928,0.928,0.928,0.289,0.289,0.372,0.372,0.372,0.372,0.372,0.372,0.372,0.372,0.372,0.372,0.372,0.372,0.372,0.372,0.372,0.372,0.372,0.372,0.372,0.372,0.372,0.372,0.372,0.372
RGI60-19.01866,0.928,0.928,0.928,0.928,0.928,0.928,0.928,0.928,0.928,0.928,0.928,0.928,0.928,0.928,0.928,0.928,0.928,0.928,0.928,0.928,0.928,0.928,0.928,0.928,0.289,0.289,0.372,0.372,0.372,0.372,0.372,0.372,0.372,0.372,0.372,0.372,0.372,0.372,0.372,0.372,0.372,0.372,0.372,0.372,0.372,0.372,0.372,0.372,0.372,0.372
RGI60-19.01867,0.928,0.928,0.928,0.928,0.928,0.928,0.928,0.928,0.928,0.928,0.928,0.928,0.928,0.928,0.928,0.928,0.928,0.928,0.928,0.928,0.928,0.928,0.928,0.928,0.289,0.289,0.372,0.372,0.372,0.372,0.372,0.372,0.372,0.372,0.372,0.372,0.372,0.372,0.372,0.372,0.372,0.372,0.372,0.372,0.372,0.372,0.372,0.372,0.372,0.372
RGI60-19.01868,0.928,0.928,0.928,0.928,0.928,0.928,0.928,0.928,0.928,0.928,0.928,0.928,0.928,0.928,0.928,0.928,0.928,0.928,0.928,0.928,0.928,0.928,0.928,0.928,0.289,0.289,0.372,0.372,0.372,0.372,0.372,0.372,0.372,0.372,0.372,0.372,0.372,0.372,0.372,0.372,0.372,0.372,0.372,0.372,0.372,0.372,0.372,0.372,0.372,0.372
RGI60-19.01869,0.928,0.928,0.928,0.928,0.928,0.928,0.928,0.928,0.928,0.928,0.928,0.928,0.928,0.928,0.928,0.928,0.928,0.928,0.928,0.928,0.928,0.928,0.928,0.928,0.289,0.289,0.372,0.372,0.372,0.372,0.372,0.372,0.372,0.372,0.372,0.372,0.372,0.372,0.372,0.372,0.372,0.372,0.372,0.372,0.372,0.372,0.372,0.372,0.372,0.372
RGI60-19.01870,0.928,0.928,0.928,0.928,0.928,0.928,0.928,0.928,0.928,0.928,0.928,0.928,0.928,0.928,0.928,0.928,0.928,0.928,0.928,0.928,0.928,0.928,0.928,0.928,0.289,0.289,0.372,0.372,0.372,0.372,0.372,0.372,0.372,0.372,0.372,0.372,0.372,0.372,0.372,0.372,0.372,0.372,0.372,0.372,0.372,0.372,0.372,0.372,0.372,0.372
RGI60-19.01871,0.928,0.928,0.928,0.928,0.928,0.928,0.928,0.928,0.928,0.928,0.928,0.928,0.928,0.928,0.928,0.928,0.928,0.928,0.928,0.928,0.928,0.928,0.928,0.928,0.289,0.289,0.372,0.372,0.372,0.372,0.372,0.372,0.372,0.372,0.372,0.372,0.372,0.372,0.372,0.372,0.372,0.372,0.372,0.372,0.372,0.372,0.372,0.372,0.372,0.372
RGI60-19.01872,0.928,0.928,0.928,0.928,0.928,0.928,0.928,0.928,0.928,0.928,0.928,0.928,0.928,0.928,0.928,0.928,0.928,0.928,0.928,0.928,0.928,0.928,0.928,0.928,0.289,0.289,0.372,0.372,0.372,0.372,0.372,0.372,0.372,0.372,0.372,0.372,0.372,0.372,0.372,0.372,0.372,0.372,0.372,0.372,0.372,0.372,0.372,0.372,0.372,0.372
RGI60-19.01873,0.928,0.928,0.928,0.928,0.928,0.928,0.928,0.928,0.928,0.928,0.928,0.928,0.928,0.928,0.928,0.928,0.928,0.928,0.928,0.928,0.928,0.928,0.928,0.928,0.289,0.289,0.372,0.372,0.372,0.372,0.372,0.372,0.372,0.372,0.372,0.372,0.372,0.372,0.372,0.372,0.372,0.372,0.372,0.372,0.372,0.372,0.372,0.372,0.372,0.372
RGI60-19.01874,0.928,0.928,0.928,0.928,0.928,0.928,0.928,0.928,0.928,0.928,0.928,0.928,0.928,0.928,0.928,0.928,0.928,0.928,0.928,0.928,0.928,0.928,0.928,0.928,0.289,0.289,0.372,0.372,0.372,0.372,0.372,0.372,0.372,0.372,0.372,0.372,0.372,0.372,0.372,0.372,0.372,0.372,0.372,0.372,0.372,0.372,0.372,0.372,0.372,0.372
RGI60-19.01875,0.928,0.928,0.928,0.928,0.928,0.928,0.928,0.928,0.928,0.928,0.928,0.928,0.928,0.928,0.928,0.928,0.928,0.928,0.928,0.928,0.928,0.928,0.928,0.928,0.289,0.289,0.372,0.372,0.372,0.372,0.372,0.372,0.372,0.372,0.372,0.372,0.372,0.372,0.372,0.372,0.372,0.372,0.372,0.372,0.372,0.372,0.372,0.372,0.372,0.372
RGI60-19.01876,0.928,0.928,0.928,0.928,0.928,0.928,0.928,0.928,0.928,0.928,0.928,0.928,0.928,0.928,0.928,0.928,0.928,0.928,0.928,0.928,0.928,0.928,0.928,0.928,0.289,0.289,0.372,0.372,0.372,0.372,0.372,0.372,0.372,0.372,0.372,0.372,0.372,0.372,0.372,0.372,0.372,0.372,0.372,0.372,0.372,0.372,0.372,0.372,0.372,0.372
RGI60-19.01877,0.945,0.945,0.945,0.945,0.945,0.945,0.945,0.945,0.945,0.945,0.945,0.945,0.945,0.945,0.945,0.945,0.945,0.945,0.945,0.945,0.945,0.945,0.945,0.945,0.315,0.315,0.409,0.409,0.409,0.409,0.409,0.409,0.409,0.409,0.409,0.409,0.409,0.409,0.409,0.409,0.409,0.409,0.409,0.409,0.409,0.409,0.409,0.409,0.409,0.409
RGI60-19.01878,0.928,0.928,0.928,0.928,0.928,0.928,0.928,0.928,0.928,0.928,0.928,0.928,0.928,0.928,0.928,0.928,0.928,0.928,0.928,0.928,0.928,0.928,0.928,0.928,0.288,0.288,0.371,0.371,0.371,0.371,0.371,0.371,0.371,0.371,0.371,0.371,0.371,0.371,0.371,0.371,0.371,0.371,0.371,0.371,0.371,0.371,0.371,0.371,0.371,0.371
RGI60-19.01879,0.928,0.928,0.928,0.928,0.928,0.928,0.928,0.928,0.928,0.928,0.928,0.928,0.928,0.928,0.928,0.928,0.928,0.928,0.928,0.928,0.928,0.928,0.928,0.928,0.288,0.288,0.371,0.371,0.371,0.371,0.371,0.371,0.371,0.371,0.371,0.371,0.371,0.371,0.371,0.371,0.371,0.371,0.371,0.371,0.371,0.371,0.371,0.371,0.371,0.371
RGI60-19.01880,0.928,0.928,0.928,0.928,0.928,0.928,0.928,0.928,0.928,0.928,0.928,0.928,0.928,0.928,0.928,0.928,0.928,0.928,0.928,0.928,0.928,0.928,0.928,0.928,0.288,0.288,0.371,0.371,0.371,0.371,0.371,0.371,0.371,0.371,0.371,0.371,0.371,0.371,0.371,0.371,0.371,0.371,0.371,0.371,0.371,0.371,0.371,0.371,0.371,0.371
RGI60-19.01881,0.928,0.928,0.928,0.928,0.928,0.928,0.928,0.928,0.928,0.928,0.928,0.928,0.928,0.928,0.928,0.928,0.928,0.928,0.928,0.928,0.928,0.928,0.928,0.928,0.288,0.288,0.371,0.371,0.371,0.371,0.371,0.371,0.371,0.371,0.371,0.371,0.371,0.371,0.371,0.371,0.371,0.371,0.371,0.371,0.371,0.371,0.371,0.371,0.371,0.371
RGI60-19.01882,0.928,0.928,0.928,0.928,0.928,0.928,0.928,0.928,0.928,0.928,0.928,0.928,0.928,0.928,0.928,0.928,0.928,0.928,0.928,0.928,0.928,0.928,0.928,0.928,0.288,0.288,0.371,0.371,0.371,0.371,0.371,0.371,0.371,0.371,0.371,0.371,0.371,0.371,0.371,0.371,0.371,0.371,0.371,0.371,0.371,0.371,0.371,0.371,0.371,0.371
RGI60-19.01883,0.928,0.928,0.928,0.928,0.928,0.928,0.928,0.928,0.928,0.928,0.928,0.928,0.928,0.928,0.928,0.928,0.928,0.928,0.928,0.928,0.928,0.928,0.928,0.928,0.288,0.288,0.371,0.371,0.371,0.371,0.371,0.371,0.371,0.371,0.371,0.371,0.371,0.371,0.371,0.371,0.371,0.371,0.371,0.371,0.371,0.371,0.371,0.371,0.371,0.371
RGI60-19.01884,0.928,0.928,0.928,0.928,0.928,0.928,0.928,0.928,0.928,0.928,0.928,0.928,0.928,0.928,0.928,0.928,0.928,0.928,0.928,0.928,0.928,0.928,0.928,0.928,0.288,0.288,0.371,0.371,0.371,0.371,0.371,0.371,0.371,0.371,0.371,0.371,0.371,0.371,0.371,0.371,0.371,0.371,0.371,0.371,0.371,0.371,0.371,0.371,0.371,0.371
RGI60-19.01885,0.928,0.928,0.928,0.928,0.928,0.928,0.928,0.928,0.928,0.928,0.928,0.928,0.928,0.928,0.928,0.928,0.928,0.928,0.928,0.928,0.928,0.928,0.928,0.928,0.288,0.288,0.371,0.371,0.371,0.371,0.371,0.371,0.371,0.371,0.371,0.371,0.371,0.371,0.371,0.371,0.371,0.371,0.371,0.371,0.371,0.371,0.371,0.371,0.371,0.371
RGI60-19.01886,0.928,0.928,0.928,0.928,0.928,0.928,0.928,0.928,0.928,0.928,0.928,0.928,0.928,0.928,0.928,0.928,0.928,0.928,0.928,0.928,0.928,0.928,0.928,0.928,0.288,0.288,0.37,0.37,0.37,0.37,0.37,0.37,0.37,0.37,0.37,0.37,0.37,0.37,0.37,0.37,0.37,0.37,0.37,0.37,0.37,0.37,0.37,0.37,0.37,0.37
RGI60-19.01887,0.928,0.928,0.928,0.928,0.928,0.928,0.928,0.928,0.928,0.928,0.928,0.928,0.928,0.928,0.928,0.928,0.928,0.928,0.928,0.928,0.928,0.928,0.928,0.928,0.288,0.288,0.37,0.37,0.37,0.37,0.37,0.37,0.37,0.37,0.37,0.37,0.37,0.37,0.37,0.37,0.37,0.37,0.37,0.37,0.37,0.37,0.37,0.37,0.37,0.37
RGI60-19.01888,0.928,0.928,0.928,0.928,0.928,0.928,0.928,0.928,0.928,0.928,0.928,0.928,0.928,0.928,0.928,0.928,0.928,0.928,0.928,0.928,0.928,0.928,0.928,0.928,0.288,0.288,0.37,0.37,0.37,0.37,0.37,0.37,0.37,0.37,0.37,0.37,0.37,0.37,0.37,0.37,0.37,0.37,0.37,0.37,0.37,0.37,0.37,0.37,0.37,0.37
RGI60-19.01889,0.928,0.928,0.928,0.928,0.928,0.928,0.928,0.928,0.928,0.928,0.928,0.928,0.928,0.928,0.928,0.928,0.928,0.928,0.928,0.928,0.928,0.928,0.928,0.928,0.288,0.288,0.37,0.37,0.37,0.37,0.37,0.37,0.37,0.37,0.37,0.37,0.37,0.37,0.37,0.37,0.37,0.37,0.37,0.37,0.37,0.37,0.37,0.37,0.37,0.37
RGI60-19.01890,0.928,0.928,0.928,0.928,0.928,0.928,0.928,0.928,0.928,0.928,0.928,0.928,0.928,0.928,0.928,0.928,0.928,0.928,0.928,0.928,0.928,0.928,0.928,0.928,0.288,0.288,0.37,0.37,0.37,0.37,0.37,0.37,0.37,0.37,0.37,0.37,0.37,0.37,0.37,0.37,0.37,0.37,0.37,0.37,0.37,0.37,0.37,0.37,0.37,0.37
RGI60-19.01891,0.928,0.928,0.928,0.928,0.928,0.928,0.928,0.928,0.928,0.928,0.928,0.928,0.928,0.928,0.928,0.928,0.928,0.928,0.928,0.928,0.928,0.928,0.928,0.928,0.288,0.288,0.37,0.37,0.37,0.37,0.37,0.37,0.37,0.37,0.37,0.37,0.37,0.37,0.37,0.37,0.37,0.37,0.37,0.37,0.37,0.37,0.37,0.37,0.37,0.37
RGI60-19.01892,0.927,0.927,0.927,0.927,0.927,0.927,0.927,0.927,0.927,0.927,0.927,0.927,0.927,0.927,0.927,0.927,0.927,0.927,0.927,0.927,0.927,0.927,0.927,0.927,0.287,0.287,0.37,0.37,0.37,0.37,0.37,0.37,0.37,0.37,0.37,0.37,0.37,0.37,0.37,0.37,0.37,0.37,0.37,0.37,0.37,0.37,0.37,0.37,0.37,0.37
RGI60-19.01893,0.927,0.927,0.927,0.927,0.927,0.927,0.927,0.927,0.927,0.927,0.927,0.927,0.927,0.927,0.927,0.927,0.927,0.927,0.927,0.927,0.927,0.927,0.927,0.927,0.287,0.287,0.369,0.369,0.369,0.369,0.369,0.369,0.369,0.369,0.369,0.369,0.369,0.369,0.369,0.369,0.369,0.369,0.369,0.369,0.369,0.369,0.369,0.369,0.369,0.369
RGI60-19.01894,0.927,0.927,0.927,0.927,0.927,0.927,0.927,0.927,0.927,0.927,0.927,0.927,0.927,0.927,0.927,0.927,0.927,0.927,0.927,0.927,0.927,0.927,0.927,0.927,0.287,0.287,0.369,0.369,0.369,0.369,0.369,0.369,0.369,0.369,0.369,0.369,0.369,0.369,0.369,0.369,0.369,0.369,0.369,0.369,0.369,0.369,0.369,0.369,0.369,0.369
RGI60-19.01895,0.927,0.927,0.927,0.927,0.927,0.927,0.927,0.927,0.927,0.927,0.927,0.927,0.927,0.927,0.927,0.927,0.927,0.927,0.927,0.927,0.927,0.927,0.927,0.927,0.287,0.287,0.369,0.369,0.369,0.369,0.369,0.369,0.369,0.369,0.369,0.369,0.369,0.369,0.369,0.369,0.369,0.369,0.369,0.369,0.369,0.369,0.369,0.369,0.369,0.369
RGI60-19.01896,0.927,0.927,0.927,0.927,0.927,0.927,0.927,0.927,0.927,0.927,0.927,0.927,0.927,0.927,0.927,0.927,0.927,0.927,0.927,0.927,0.927,0.927,0.927,0.927,0.287,0.287,0.369,0.369,0.369,0.369,0.369,0.369,0.369,0.369,0.369,0.369,0.369,0.369,0.369,0.369,0.369,0.369,0.369,0.369,0.369,0.369,0.369,0.369,0.369,0.369
RGI60-19.01897,0.927,0.927,0.927,0.927,0.927,0.927,0.927,0.927,0.927,0.927,0.927,0.927,0.927,0.927,0.927,0.927,0.927,0.927,0.927,0.927,0.927,0.927,0.927,0.927,0.287,0.287,0.369,0.369,0.369,0.369,0.369,0.369,0.369,0.369,0.369,0.369,0.369,0.369,0.369,0.369,0.369,0.369,0.369,0.369,0.369,0.369,0.369,0.369,0.369,0.369
RGI60-19.01898,0.927,0.927,0.927,0.927,0.927,0.927,0.927,0.927,0.927,0.927,0.927,0.927,0.927,0.927,0.927,0.927,0.927,0.927,0.927,0.927,0.927,0.927,0.927,0.927,0.287,0.287,0.369,0.369,0.369,0.369,0.369,0.369,0.369,0.369,0.369,0.369,0.369,0.369,0.369,0.369,0.369,0.369,0.369,0.369,0.369,0.369,0.369,0.369,0.369,0.369
RGI60-19.01899,0.945,0.945,0.945,0.945,0.945,0.945,0.945,0.945,0.945,0.945,0.945,0.945,0.945,0.945,0.945,0.945,0.945,0.945,0.945,0.945,0.945,0.945,0.945,0.945,0.315,0.315,0.409,0.409,0.409,0.409,0.409,0.409,0.409,0.409,0.409,0.409,0.409,0.409,0.409,0.409,0.409,0.409,0.409,0.409,0.409,0.409,0.409,0.409,0.409,0.409
RGI60-19.01900,0.928,0.928,0.928,0.928,0.928,0.928,0.928,0.928,0.928,0.928,0.928,0.928,0.928,0.928,0.928,0.928,0.928,0.928,0.928,0.928,0.928,0.928,0.928,0.928,0.288,0.288,0.37,0.37,0.37,0.37,0.37,0.37,0.37,0.37,0.37,0.37,0.37,0.37,0.37,0.37,0.37,0.37,0.37,0.37,0.37,0.37,0.37,0.37,0.37,0.37
RGI60-19.01901,0.928,0.928,0.928,0.928,0.928,0.928,0.928,0.928,0.928,0.928,0.928,0.928,0.928,0.928,0.928,0.928,0.928,0.928,0.928,0.928,0.928,0.928,0.928,0.928,0.288,0.288,0.37,0.37,0.37,0.37,0.37,0.37,0.37,0.37,0.37,0.37,0.37,0.37,0.37,0.37,0.37,0.37,0.37,0.37,0.37,0.37,0.37,0.37,0.37,0.37
RGI60-19.01902,0.928,0.928,0.928,0.928,0.928,0.928,0.928,0.928,0.928,0.928,0.928,0.928,0.928,0.928,0.928,0.928,0.928,0.928,0.928,0.928,0.928,0.928,0.928,0.928,0.288,0.288,0.37,0.37,0.37,0.37,0.37,0.37,0.37,0.37,0.37,0.37,0.37,0.37,0.37,0.37,0.37,0.37,0.37,0.37,0.37,0.37,0.37,0.37,0.37,0.37
RGI60-19.01903,0.928,0.928,0.928,0.928,0.928,0.928,0.928,0.928,0.928,0.928,0.928,0.928,0.928,0.928,0.928,0.928,0.928,0.928,0.928,0.928,0.928,0.928,0.928,0.928,0.288,0.288,0.37,0.37,0.37,0.37,0.37,0.37,0.37,0.37,0.37,0.37,0.37,0.37,0.37,0.37,0.37,0.37,0.37,0.37,0.37,0.37,0.37,0.37,0.37,0.37
RGI60-19.01904,0.928,0.928,0.928,0.928,0.928,0.928,0.928,0.928,0.928,0.928,0.928,0.928,0.928,0.928,0.928,0.928,0.928,0.928,0.928,0.928,0.928,0.928,0.928,0.928,0.288,0.288,0.37,0.37,0.37,0.37,0.37,0.37,0.37,0.37,0.37,0.37,0.37,0.37,0.37,0.37,0.37,0.37,0.37,0.37,0.37,0.37,0.37,0.37,0.37,0.37
RGI60-19.01905,0.945,0.945,0.945,0.945,0.945,0.945,0.945,0.945,0.945,0.945,0.945,0.945,0.945,0.945,0.945,0.945,0.945,0.945,0.945,0.945,0.945,0.945,0.945,0.945,0.315,0.315,0.409,0.409,0.409,0.409,0.409,0.409,0.409,0.409,0.409,0.409,0.409,0.409,0.409,0.409,0.409,0.409,0.409,0.409,0.409,0.409,0.409,0.409,0.409,0.409
RGI60-19.01906,0.928,0.928,0.928,0.928,0.928,0.928,0.928,0.928,0.928,0.928,0.928,0.928,0.928,0.928,0.928,0.928,0.928,0.928,0.928,0.928,0.928,0.928,0.928,0.928,0.288,0.288,0.37,0.37,0.37,0.37,0.37,0.37,0.37,0.37,0.37,0.37,0.37,0.37,0.37,0.37,0.37,0.37,0.37,0.37,0.37,0.37,0.37,0.37,0.37,0.37
RGI60-19.01907,0.928,0.928,0.928,0.928,0.928,0.928,0.928,0.928,0.928,0.928,0.928,0.928,0.928,0.928,0.928,0.928,0.928,0.928,0.928,0.928,0.928,0.928,0.928,0.928,0.288,0.288,0.37,0.37,0.37,0.37,0.37,0.37,0.37,0.37,0.37,0.37,0.37,0.37,0.37,0.37,0.37,0.37,0.37,0.37,0.37,0.37,0.37,0.37,0.37,0.37
RGI60-19.01908,0.928,0.928,0.928,0.928,0.928,0.928,0.928,0.928,0.928,0.928,0.928,0.928,0.928,0.928,0.928,0.928,0.928,0.928,0.928,0.928,0.928,0.928,0.928,0.928,0.288,0.288,0.37,0.37,0.37,0.37,0.37,0.37,0.37,0.37,0.37,0.37,0.37,0.37,0.37,0.37,0.37,0.37,0.37,0.37,0.37,0.37,0.37,0.37,0.37,0.37
RGI60-19.01909,0.928,0.928,0.928,0.928,0.928,0.928,0.928,0.928,0.928,0.928,0.928,0.928,0.928,0.928,0.928,0.928,0.928,0.928,0.928,0.928,0.928,0.928,0.928,0.928,0.288,0.288,0.37,0.37,0.37,0.37,0.37,0.37,0.37,0.37,0.37,0.37,0.37,0.37,0.37,0.37,0.37,0.37,0.37,0.37,0.37,0.37,0.37,0.37,0.37,0.37
RGI60-19.01910,0.928,0.928,0.928,0.928,0.928,0.928,0.928,0.928,0.928,0.928,0.928,0.928,0.928,0.928,0.928,0.928,0.928,0.928,0.928,0.928,0.928,0.928,0.928,0.928,0.288,0.288,0.37,0.37,0.37,0.37,0.37,0.37,0.37,0.37,0.37,0.37,0.37,0.37,0.37,0.37,0.37,0.37,0.37,0.37,0.37,0.37,0.37,0.37,0.37,0.37
RGI60-19.01911,0.928,0.928,0.928,0.928,0.928,0.928,0.928,0.928,0.928,0.928,0.928,0.928,0.928,0.928,0.928,0.928,0.928,0.928,0.928,0.928,0.928,0.928,0.928,0.928,0.288,0.288,0.37,0.37,0.37,0.37,0.37,0.37,0.37,0.37,0.37,0.37,0.37,0.37,0.37,0.37,0.37,0.37,0.37,0.37,0.37,0.37,0.37,0.37,0.37,0.37
RGI60-19.01912,0.928,0.928,0.928,0.928,0.928,0.928,0.928,0.928,0.928,0.928,0.928,0.928,0.928,0.928,0.928,0.928,0.928,0.928,0.928,0.928,0.928,0.928,0.928,0.928,0.288,0.288,0.37,0.37,0.37,0.37,0.37,0.37,0.37,0.37,0.37,0.37,0.37,0.37,0.37,0.37,0.37,0.37,0.37,0.37,0.37,0.37,0.37,0.37,0.37,0.37
RGI60-19.01913,0.928,0.928,0.928,0.928,0.928,0.928,0.928,0.928,0.928,0.928,0.928,0.928,0.928,0.928,0.928,0.928,0.928,0.928,0.928,0.928,0.928,0.928,0.928,0.928,0.288,0.288,0.37,0.37,0.37,0.37,0.37,0.37,0.37,0.37,0.37,0.37,0.37,0.37,0.37,0.37,0.37,0.37,0.37,0.37,0.37,0.37,0.37,0.37,0.37,0.37
RGI60-19.01914,0.928,0.928,0.928,0.928,0.928,0.928,0.928,0.928,0.928,0.928,0.928,0.928,0.928,0.928,0.928,0.928,0.928,0.928,0.928,0.928,0.928,0.928,0.928,0.928,0.288,0.288,0.37,0.37,0.37,0.37,0.37,0.37,0.37,0.37,0.37,0.37,0.37,0.37,0.37,0.37,0.37,0.37,0.37,0.37,0.37,0.37,0.37,0.37,0.37,0.37
RGI60-19.01915,0.945,0.945,0.945,0.945,0.945,0.945,0.945,0.945,0.945,0.945,0.945,0.945,0.945,0.945,0.945,0.945,0.945,0.945,0.945,0.945,0.945,0.945,0.945,0.945,0.315,0.315,0.409,0.409,0.409,0.409,0.409,0.409,0.409,0.409,0.409,0.409,0.409,0.409,0.409,0.409,0.409,0.409,0.409,0.409,0.409,0.409,0.409,0.409,0.409,0.409
RGI60-19.01916,0.928,0.928,0.928,0.928,0.928,0.928,0.928,0.928,0.928,0.928,0.928,0.928,0.928,0.928,0.928,0.928,0.928,0.928,0.928,0.928,0.928,0.928,0.928,0.928,0.288,0.288,0.37,0.37,0.37,0.37,0.37,0.37,0.37,0.37,0.37,0.37,0.37,0.37,0.37,0.37,0.37,0.37,0.37,0.37,0.37,0.37,0.37,0.37,0.37,0.37
RGI60-19.01917,0.928,0.928,0.928,0.928,0.928,0.928,0.928,0.928,0.928,0.928,0.928,0.928,0.928,0.928,0.928,0.928,0.928,0.928,0.928,0.928,0.928,0.928,0.928,0.928,0.288,0.288,0.37,0.37,0.37,0.37,0.37,0.37,0.37,0.37,0.37,0.37,0.37,0.37,0.37,0.37,0.37,0.37,0.37,0.37,0.37,0.37,0.37,0.37,0.37,0.37
RGI60-19.01918,0.928,0.928,0.928,0.928,0.928,0.928,0.928,0.928,0.928,0.928,0.928,0.928,0.928,0.928,0.928,0.928,0.928,0.928,0.928,0.928,0.928,0.928,0.928,0.928,0.288,0.288,0.37,0.37,0.37,0.37,0.37,0.37,0.37,0.37,0.37,0.37,0.37,0.37,0.37,0.37,0.37,0.37,0.37,0.37,0.37,0.37,0.37,0.37,0.37,0.37
RGI60-19.01919,0.927,0.927,0.927,0.927,0.927,0.927,0.927,0.927,0.927,0.927,0.927,0.927,0.927,0.927,0.927,0.927,0.927,0.927,0.927,0.927,0.927,0.927,0.927,0.927,0.288,0.288,0.37,0.37,0.37,0.37,0.37,0.37,0.37,0.37,0.37,0.37,0.37,0.37,0.37,0.37,0.37,0.37,0.37,0.37,0.37,0.37,0.37,0.37,0.37,0.37
RGI60-19.01920,0.895,0.895,0.895,0.895,0.895,0.895,0.895,0.895,0.895,0.895,0.895,0.895,0.895,0.895,0.895,0.895,0.895,0.895,0.895,0.895,0.895,0.895,0.895,0.895,0.248,0.248,0.277,0.277,0.277,0.277,0.277,0.277,0.277,0.277,0.277,0.277,0.277,0.277,0.277,0.277,0.277,0.277,0.277,0.277,0.277,0.277,0.277,0.277,0.277,0.277
RGI60-19.01921,0.894,0.894,0.894,0.894,0.894,0.894,0.894,0.894,0.894,0.894,0.894,0.894,0.894,0.894,0.894,0.894,0.894,0.894,0.894,0.894,0.894,0.894,0.894,0.894,0.248,0.248,0.275,0.275,0.275,0.275,0.275,0.275,0.275,0.275,0.275,0.275,0.275,0.275,0.275,0.275,0.275,0.275,0.275,0.275,0.275,0.275,0.275,0.275,0.275,0.275
RGI60-19.01922,0.894,0.894,0.894,0.894,0.894,0.894,0.894,0.894,0.894,0.894,0.894,0.894,0.894,0.894,0.894,0.894,0.894,0.894,0.894,0.894,0.894,0.894,0.894,0.894,0.248,0.248,0.277,0.277,0.277,0.277,0.277,0.277,0.277,0.277,0.277,0.277,0.277,0.277,0.277,0.277,0.277,0.277,0.277,0.277,0.277,0.277,0.277,0.277,0.277,0.277
RGI60-19.01923,0.895,0.895,0.895,0.895,0.895,0.895,0.895,0.895,0.895,0.895,0.895,0.895,0.895,0.895,0.895,0.895,0.895,0.895,0.895,0.895,0.895,0.895,0.895,0.895,0.247,0.247,0.277,0.277,0.277,0.277,0.277,0.277,0.277,0.277,0.277,0.277,0.277,0.277,0.277,0.277,0.277,0.277,0.277,0.277,0.277,0.277,0.277,0.277,0.277,0.277
RGI60-19.01924,0.894,0.894,0.894,0.894,0.894,0.894,0.894,0.894,0.894,0.894,0.894,0.894,0.894,0.894,0.894,0.894,0.894,0.894,0.894,0.894,0.894,0.894,0.894,0.894,0.246,0.246,0.277,0.277,0.277,0.277,0.277,0.277,0.277,0.277,0.277,0.277,0.277,0.277,0.277,0.277,0.277,0.277,0.277,0.277,0.277,0.277,0.277,0.277,0.277,0.277
RGI60-19.01925,0.895,0.895,0.895,0.895,0.895,0.895,0.895,0.895,0.895,0.895,0.895,0.895,0.895,0.895,0.895,0.895,0.895,0.895,0.895,0.895,0.895,0.895,0.895,0.895,0.247,0.247,0.279,0.279,0.279,0.279,0.279,0.279,0.279,0.279,0.279,0.279,0.279,0.279,0.279,0.279,0.279,0.279,0.279,0.279,0.279,0.279,0.279,0.279,0.279,0.279
RGI60-19.01926,0.895,0.895,0.895,0.895,0.895,0.895,0.895,0.895,0.895,0.895,0.895,0.895,0.895,0.895,0.895,0.895,0.895,0.895,0.895,0.895,0.895,0.895,0.895,0.895,0.246,0.246,0.28,0.28,0.28,0.28,0.28,0.28,0.28,0.28,0.28,0.28,0.28,0.28,0.28,0.28,0.28,0.28,0.28,0.28,0.28,0.28,0.28,0.28,0.28,0.28
RGI60-19.01927,0.895,0.895,0.895,0.895,0.895,0.895,0.895,0.895,0.895,0.895,0.895,0.895,0.895,0.895,0.895,0.895,0.895,0.895,0.895,0.895,0.895,0.895,0.895,0.895,0.246,0.246,0.28,0.28,0.28,0.28,0.28,0.28,0.28,0.28,0.28,0.28,0.28,0.28,0.28,0.28,0.28,0.28,0.28,0.28,0.28,0.28,0.28,0.28,0.28,0.28
RGI60-19.01928,0.896,0.896,0.896,0.896,0.896,0.896,0.896,0.896,0.896,0.896,0.896,0.896,0.896,0.896,0.896,0.896,0.896,0.896,0.896,0.896,0.896,0.896,0.896,0.896,0.246,0.246,0.28,0.28,0.28,0.28,0.28,0.28,0.28,0.28,0.28,0.28,0.28,0.28,0.28,0.28,0.28,0.28,0.28,0.28,0.28,0.28,0.28,0.28,0.28,0.28
RGI60-19.01929,0.896,0.896,0.896,0.896,0.896,0.896,0.896,0.896,0.896,0.896,0.896,0.896,0.896,0.896,0.896,0.896,0.896,0.896,0.896,0.896,0.896,0.896,0.896,0.896,0.247,0.247,0.281,0.281,0.281,0.281,0.281,0.281,0.281,0.281,0.281,0.281,0.281,0.281,0.281,0.281,0.281,0.281,0.281,0.281,0.281,0.281,0.281,0.281,0.281,0.281
RGI60-19.01930,0.896,0.896,0.896,0.896,0.896,0.896,0.896,0.896,0.896,0.896,0.896,0.896,0.896,0.896,0.896,0.896,0.896,0.896,0.896,0.896,0.896,0.896,0.896,0.896,0.247,0.247,0.281,0.281,0.281,0.281,0.281,0.281,0.281,0.281,0.281,0.281,0.281,0.281,0.281,0.281,0.281,0.281,0.281,0.281,0.281,0.281,0.281,0.281,0.281,0.281
RGI60-19.01931,0.896,0.896,0.896,0.896,0.896,0.896,0.896,0.896,0.896,0.896,0.896,0.896,0.896,0.896,0.896,0.896,0.896,0.896,0.896,0.896,0.896,0.896,0.896,0.896,0.247,0.247,0.281,0.281,0.281,0.281,0.281,0.281,0.281,0.281,0.281,0.281,0.281,0.281,0.281,0.281,0.281,0.281,0.281,0.281,0.281,0.281,0.281,0.281,0.281,0.281
RGI60-19.01932,0.895,0.895,0.895,0.895,0.895,0.895,0.895,0.895,0.895,0.895,0.895,0.895,0.895,0.895,0.895,0.895,0.895,0.895,0.895,0.895,0.895,0.895,0.895,0.895,0.247,0.247,0.28,0.28,0.28,0.28,0.28,0.28,0.28,0.28,0.28,0.28,0.28,0.28,0.28,0.28,0.28,0.28,0.28,0.28,0.28,0.28,0.28,0.28,0.28,0.28
RGI60-19.01933,0.895,0.895,0.895,0.895,0.895,0.895,0.895,0.895,0.895,0.895,0.895,0.895,0.895,0.895,0.895,0.895,0.895,0.895,0.895,0.895,0.895,0.895,0.895,0.895,0.247,0.247,0.278,0.278,0.278,0.278,0.278,0.278,0.278,0.278,0.278,0.278,0.278,0.278,0.278,0.278,0.278,0.278,0.278,0.278,0.278,0.278,0.278,0.278,0.278,0.278
RGI60-19.01934,0.895,0.895,0.895,0.895,0.895,0.895,0.895,0.895,0.895,0.895,0.895,0.895,0.895,0.895,0.895,0.895,0.895,0.895,0.895,0.895,0.895,0.895,0.895,0.895,0.248,0.248,0.279,0.279,0.279,0.279,0.279,0.279,0.279,0.279,0.279,0.279,0.279,0.279,0.279,0.279,0.279,0.279,0.279,0.279,0.279,0.279,0.279,0.279,0.279,0.279
RGI60-19.01935,0.895,0.895,0.895,0.895,0.895,0.895,0.895,0.895,0.895,0.895,0.895,0.895,0.895,0.895,0.895,0.895,0.895,0.895,0.895,0.895,0.895,0.895,0.895,0.895,0.248,0.248,0.28,0.28,0.28,0.28,0.28,0.28,0.28,0.28,0.28,0.28,0.28,0.28,0.28,0.28,0.28,0.28,0.28,0.28,0.28,0.28,0.28,0.28,0.28,0.28
RGI60-19.01936,0.896,0.896,0.896,0.896,0.896,0.896,0.896,0.896,0.896,0.896,0.896,0.896,0.896,0.896,0.896,0.896,0.896,0.896,0.896,0.896,0.896,0.896,0.896,0.896,0.248,0.248,0.281,0.281,0.281,0.281,0.281,0.281,0.281,0.281,0.281,0.281,0.281,0.281,0.281,0.281,0.281,0.281,0.281,0.281,0.281,0.281,0.281,0.281,0.281,0.281
RGI60-19.01937,0.945,0.945,0.945,0.945,0.945,0.945,0.945,0.945,0.945,0.945,0.945,0.945,0.945,0.945,0.945,0.945,0.945,0.945,0.945,0.945,0.945,0.945,0.945,0.945,0.315,0.315,0.409,0.409,0.409,0.409,0.409,0.409,0.409,0.409,0.409,0.409,0.409,0.409,0.409,0.409,0.409,0.409,0.409,0.409,0.409,0.409,0.409,0.409,0.409,0.409
RGI60-19.01938,0.945,0.945,0.945,0.945,0.945,0.945,0.945,0.945,0.945,0.945,0.945,0.945,0.945,0.945,0.945,0.945,0.945,0.945,0.945,0.945,0.945,0.945,0.945,0.945,0.315,0.315,0.409,0.409,0.409,0.409,0.409,0.409,0.409,0.409,0.409,0.409,0.409,0.409,0.409,0.409,0.409,0.409,0.409,0.409,0.409,0.409,0.409,0.409,0.409,0.409
RGI60-19.01939,0.945,0.945,0.945,0.945,0.945,0.945,0.945,0.945,0.945,0.945,0.945,0.945,0.945,0.945,0.945,0.945,0.945,0.945,0.945,0.945,0.945,0.945,0.945,0.945,0.315,0.315,0.409,0.409,0.409,0.409,0.409,0.409,0.409,0.409,0.409,0.409,0.409,0.409,0.409,0.409,0.409,0.409,0.409,0.409,0.409,0.409,0.409,0.409,0.409,0.409
RGI60-19.01940,0.945,0.945,0.945,0.945,0.945,0.945,0.945,0.945,0.945,0.945,0.945,0.945,0.945,0.945,0.945,0.945,0.945,0.945,0.945,0.945,0.945,0.945,0.945,0.945,0.315,0.315,0.409,0.409,0.409,0.409,0.409,0.409,0.409,0.409,0.409,0.409,0.409,0.409,0.409,0.409,0.409,0.409,0.409,0.409,0.409,0.409,0.409,0.409,0.409,0.409
RGI60-19.01941,0.945,0.945,0.945,0.945,0.945,0.945,0.945,0.945,0.945,0.945,0.945,0.945,0.945,0.945,0.945,0.945,0.945,0.945,0.945,0.945,0.945,0.945,0.945,0.945,0.315,0.315,0.409,0.409,0.409,0.409,0.409,0.409,0.409,0.409,0.409,0.409,0.409,0.409,0.409,0.409,0.409,0.409,0.409,0.409,0.409,0.409,0.409,0.409,0.409,0.409
RGI60-19.01942,0.945,0.945,0.945,0.945,0.945,0.945,0.945,0.945,0.945,0.945,0.945,0.945,0.945,0.945,0.945,0.945,0.945,0.945,0.945,0.945,0.945,0.945,0.945,0.945,0.315,0.315,0.409,0.409,0.409,0.409,0.409,0.409,0.409,0.409,0.409,0.409,0.409,0.409,0.409,0.409,0.409,0.409,0.409,0.409,0.409,0.409,0.409,0.409,0.409,0.409
RGI60-19.01943,0.945,0.945,0.945,0.945,0.945,0.945,0.945,0.945,0.945,0.945,0.945,0.945,0.945,0.945,0.945,0.945,0.945,0.945,0.945,0.945,0.945,0.945,0.945,0.945,0.315,0.315,0.409,0.409,0.409,0.409,0.409,0.409,0.409,0.409,0.409,0.409,0.409,0.409,0.409,0.409,0.409,0.409,0.409,0.409,0.409,0.409,0.409,0.409,0.409,0.409
RGI60-19.01944,0.945,0.945,0.945,0.945,0.945,0.945,0.945,0.945,0.945,0.945,0.945,0.945,0.945,0.945,0.945,0.945,0.945,0.945,0.945,0.945,0.945,0.945,0.945,0.945,0.315,0.315,0.409,0.409,0.409,0.409,0.409,0.409,0.409,0.409,0.409,0.409,0.409,0.409,0.409,0.409,0.409,0.409,0.409,0.409,0.409,0.409,0.409,0.409,0.409,0.409
RGI60-19.01945,0.945,0.945,0.945,0.945,0.945,0.945,0.945,0.945,0.945,0.945,0.945,0.945,0.945,0.945,0.945,0.945,0.945,0.945,0.945,0.945,0.945,0.945,0.945,0.945,0.315,0.315,0.409,0.409,0.409,0.409,0.409,0.409,0.409,0.409,0.409,0.409,0.409,0.409,0.409,0.409,0.409,0.409,0.409,0.409,0.409,0.409,0.409,0.409,0.409,0.409
RGI60-19.01946,0.945,0.945,0.945,0.945,0.945,0.945,0.945,0.945,0.945,0.945,0.945,0.945,0.945,0.945,0.945,0.945,0.945,0.945,0.945,0.945,0.945,0.945,0.945,0.945,0.315,0.315,0.409,0.409,0.409,0.409,0.409,0.409,0.409,0.409,0.409,0.409,0.409,0.409,0.409,0.409,0.409,0.409,0.409,0.409,0.409,0.409,0.409,0.409,0.409,0.409
RGI60-19.01947,0.945,0.945,0.945,0.945,0.945,0.945,0.945,0.945,0.945,0.945,0.945,0.945,0.945,0.945,0.945,0.945,0.945,0.945,0.945,0.945,0.945,0.945,0.945,0.945,0.315,0.315,0.409,0.409,0.409,0.409,0.409,0.409,0.409,0.409,0.409,0.409,0.409,0.409,0.409,0.409,0.409,0.409,0.409,0.409,0.409,0.409,0.409,0.409,0.409,0.409
RGI60-19.01948,0.945,0.945,0.945,0.945,0.945,0.945,0.945,0.945,0.945,0.945,0.945,0.945,0.945,0.945,0.945,0.945,0.945,0.945,0.945,0.945,0.945,0.945,0.945,0.945,0.315,0.315,0.409,0.409,0.409,0.409,0.409,0.409,0.409,0.409,0.409,0.409,0.409,0.409,0.409,0.409,0.409,0.409,0.409,0.409,0.409,0.409,0.409,0.409,0.409,0.409
RGI60-19.01949,0.945,0.945,0.945,0.945,0.945,0.945,0.945,0.945,0.945,0.945,0.945,0.945,0.945,0.945,0.945,0.945,0.945,0.945,0.945,0.945,0.945,0.945,0.945,0.945,0.315,0.315,0.409,0.409,0.409,0.409,0.409,0.409,0.409,0.409,0.409,0.409,0.409,0.409,0.409,0.409,0.409,0.409,0.409,0.409,0.409,0.409,0.409,0.409,0.409,0.409
RGI60-19.01950,0.945,0.945,0.945,0.945,0.945,0.945,0.945,0.945,0.945,0.945,0.945,0.945,0.945,0.945,0.945,0.945,0.945,0.945,0.945,0.945,0.945,0.945,0.945,0.945,0.315,0.315,0.409,0.409,0.409,0.409,0.409,0.409,0.409,0.409,0.409,0.409,0.409,0.409,0.409,0.409,0.409,0.409,0.409,0.409,0.409,0.409,0.409,0.409,0.409,0.409
RGI60-19.01951,0.945,0.945,0.945,0.945,0.945,0.945,0.945,0.945,0.945,0.945,0.945,0.945,0.945,0.945,0.945,0.945,0.945,0.945,0.945,0.945,0.945,0.945,0.945,0.945,0.315,0.315,0.409,0.409,0.409,0.409,0.409,0.409,0.409,0.409,0.409,0.409,0.409,0.409,0.409,0.409,0.409,0.409,0.409,0.409,0.409,0.409,0.409,0.409,0.409,0.409
RGI60-19.01952,0.945,0.945,0.945,0.945,0.945,0.945,0.945,0.945,0.945,0.945,0.945,0.945,0.945,0.945,0.945,0.945,0.945,0.945,0.945,0.945,0.945,0.945,0.945,0.945,0.315,0.315,0.409,0.409,0.409,0.409,0.409,0.409,0.409,0.409,0.409,0.409,0.409,0.409,0.409,0.409,0.409,0.409,0.409,0.409,0.409,0.409,0.409,0.409,0.409,0.409
RGI60-19.01953,0.945,0.945,0.945,0.945,0.945,0.945,0.945,0.945,0.945,0.945,0.945,0.945,0.945,0.945,0.945,0.945,0.945,0.945,0.945,0.945,0.945,0.945,0.945,0.945,0.315,0.315,0.409,0.409,0.409,0.409,0.409,0.409,0.409,0.409,0.409,0.409,0.409,0.409,0.409,0.409,0.409,0.409,0.409,0.409,0.409,0.409,0.409,0.409,0.409,0.409
RGI60-19.01954,0.945,0.945,0.945,0.945,0.945,0.945,0.945,0.945,0.945,0.945,0.945,0.945,0.945,0.945,0.945,0.945,0.945,0.945,0.945,0.945,0.945,0.945,0.945,0.945,0.315,0.315,0.409,0.409,0.409,0.409,0.409,0.409,0.409,0.409,0.409,0.409,0.409,0.409,0.409,0.409,0.409,0.409,0.409,0.409,0.409,0.409,0.409,0.409,0.409,0.409
RGI60-19.01955,0.898,0.898,0.898,0.898,0.898,0.898,0.898,0.898,0.898,0.898,0.898,0.898,0.898,0.898,0.898,0.898,0.898,0.898,0.898,0.898,0.898,0.898,0.898,0.898,0.248,0.248,0.287,0.287,0.287,0.287,0.287,0.287,0.287,0.287,0.287,0.287,0.287,0.287,0.287,0.287,0.287,0.287,0.287,0.287,0.287,0.287,0.287,0.287,0.287,0.287
RGI60-19.01956,0.945,0.945,0.945,0.945,0.945,0.945,0.945,0.945,0.945,0.945,0.945,0.945,0.945,0.945,0.945,0.945,0.945,0.945,0.945,0.945,0.945,0.945,0.945,0.945,0.315,0.315,0.409,0.409,0.409,0.409,0.409,0.409,0.409,0.409,0.409,0.409,0.409,0.409,0.409,0.409,0.409,0.409,0.409,0.409,0.409,0.409,0.409,0.409,0.409,0.409
RGI60-19.01957,0.897,0.897,0.897,0.897,0.897,0.897,0.897,0.897,0.897,0.897,0.897,0.897,0.897,0.897,0.897,0.897,0.897,0.897,0.897,0.897,0.897,0.897,0.897,0.897,0.248,0.248,0.286,0.286,0.286,0.286,0.286,0.286,0.286,0.286,0.286,0.286,0.286,0.286,0.286,0.286,0.286,0.286,0.286,0.286,0.286,0.286,0.286,0.286,0.286,0.286
RGI60-19.01958,0.897,0.897,0.897,0.897,0.897,0.897,0.897,0.897,0.897,0.897,0.897,0.897,0.897,0.897,0.897,0.897,0.897,0.897,0.897,0.897,0.897,0.897,0.897,0.897,0.248,0.248,0.285,0.285,0.285,0.285,0.285,0.285,0.285,0.285,0.285,0.285,0.285,0.285,0.285,0.285,0.285,0.285,0.285,0.285,0.285,0.285,0.285,0.285,0.285,0.285
RGI60-19.01959,0.897,0.897,0.897,0.897,0.897,0.897,0.897,0.897,0.897,0.897,0.897,0.897,0.897,0.897,0.897,0.897,0.897,0.897,0.897,0.897,0.897,0.897,0.897,0.897,0.248,0.248,0.285,0.285,0.285,0.285,0.285,0.285,0.285,0.285,0.285,0.285,0.285,0.285,0.285,0.285,0.285,0.285,0.285,0.285,0.285,0.285,0.285,0.285,0.285,0.285
RGI60-19.01960,0.945,0.945,0.945,0.945,0.945,0.945,0.945,0.945,0.945,0.945,0.945,0.945,0.945,0.945,0.945,0.945,0.945,0.945,0.945,0.945,0.945,0.945,0.945,0.945,0.315,0.315,0.409,0.409,0.409,0.409,0.409,0.409,0.409,0.409,0.409,0.409,0.409,0.409,0.409,0.409,0.409,0.409,0.409,0.409,0.409,0.409,0.409,0.409,0.409,0.409
RGI60-19.01961,0.945,0.945,0.945,0.945,0.945,0.945,0.945,0.945,0.945,0.945,0.945,0.945,0.945,0.945,0.945,0.945,0.945,0.945,0.945,0.945,0.945,0.945,0.945,0.945,0.315,0.315,0.409,0.409,0.409,0.409,0.409,0.409,0.409,0.409,0.409,0.409,0.409,0.409,0.409,0.409,0.409,0.409,0.409,0.409,0.409,0.409,0.409,0.409,0.409,0.409
RGI60-19.01962,0.945,0.945,0.945,0.945,0.945,0.945,0.945,0.945,0.945,0.945,0.945,0.945,0.945,0.945,0.945,0.945,0.945,0.945,0.945,0.945,0.945,0.945,0.945,0.945,0.315,0.315,0.409,0.409,0.409,0.409,0.409,0.409,0.409,0.409,0.409,0.409,0.409,0.409,0.409,0.409,0.409,0.409,0.409,0.409,0.409,0.409,0.409,0.409,0.409,0.409
RGI60-19.01963,0.945,0.945,0.945,0.945,0.945,0.945,0.945,0.945,0.945,0.945,0.945,0.945,0.945,0.945,0.945,0.945,0.945,0.945,0.945,0.945,0.945,0.945,0.945,0.945,0.315,0.315,0.409,0.409,0.409,0.409,0.409,0.409,0.409,0.409,0.409,0.409,0.409,0.409,0.409,0.409,0.409,0.409,0.409,0.409,0.409,0.409,0.409,0.409,0.409,0.409
RGI60-19.01964,0.945,0.945,0.945,0.945,0.945,0.945,0.945,0.945,0.945,0.945,0.945,0.945,0.945,0.945,0.945,0.945,0.945,0.945,0.945,0.945,0.945,0.945,0.945,0.945,0.315,0.315,0.409,0.409,0.409,0.409,0.409,0.409,0.409,0.409,0.409,0.409,0.409,0.409,0.409,0.409,0.409,0.409,0.409,0.409,0.409,0.409,0.409,0.409,0.409,0.409
RGI60-19.01965,0.945,0.945,0.945,0.945,0.945,0.945,0.945,0.945,0.945,0.945,0.945,0.945,0.945,0.945,0.945,0.945,0.945,0.945,0.945,0.945,0.945,0.945,0.945,0.945,0.315,0.315,0.409,0.409,0.409,0.409,0.409,0.409,0.409,0.409,0.409,0.409,0.409,0.409,0.409,0.409,0.409,0.409,0.409,0.409,0.409,0.409,0.409,0.409,0.409,0.409
RGI60-19.01966,0.898,0.898,0.898,0.898,0.898,0.898,0.898,0.898,0.898,0.898,0.898,0.898,0.898,0.898,0.898,0.898,0.898,0.898,0.898,0.898,0.898,0.898,0.898,0.898,0.247,0.247,0.287,0.287,0.287,0.287,0.287,0.287,0.287,0.287,0.287,0.287,0.287,0.287,0.287,0.287,0.287,0.287,0.287,0.287,0.287,0.287,0.287,0.287,0.287,0.287
RGI60-19.01967,0.898,0.898,0.898,0.898,0.898,0.898,0.898,0.898,0.898,0.898,0.898,0.898,0.898,0.898,0.898,0.898,0.898,0.898,0.898,0.898,0.898,0.898,0.898,0.898,0.247,0.247,0.287,0.287,0.287,0.287,0.287,0.287,0.287,0.287,0.287,0.287,0.287,0.287,0.287,0.287,0.287,0.287,0.287,0.287,0.287,0.287,0.287,0.287,0.287,0.287
RGI60-19.01968,0.898,0.898,0.898,0.898,0.898,0.898,0.898,0.898,0.898,0.898,0.898,0.898,0.898,0.898,0.898,0.898,0.898,0.898,0.898,0.898,0.898,0.898,0.898,0.898,0.247,0.247,0.288,0.288,0.288,0.288,0.288,0.288,0.288,0.288,0.288,0.288,0.288,0.288,0.288,0.288,0.288,0.288,0.288,0.288,0.288,0.288,0.288,0.288,0.288,0.288
RGI60-19.01969,0.945,0.945,0.945,0.945,0.945,0.945,0.945,0.945,0.945,0.945,0.945,0.945,0.945,0.945,0.945,0.945,0.945,0.945,0.945,0.945,0.945,0.945,0.945,0.945,0.315,0.315,0.409,0.409,0.409,0.409,0.409,0.409,0.409,0.409,0.409,0.409,0.409,0.409,0.409,0.409,0.409,0.409,0.409,0.409,0.409,0.409,0.409,0.409,0.409,0.409
RGI60-19.01970,0.898,0.898,0.898,0.898,0.898,0.898,0.898,0.898,0.898,0.898,0.898,0.898,0.898,0.898,0.898,0.898,0.898,0.898,0.898,0.898,0.898,0.898,0.898,0.898,0.248,0.248,0.287,0.287,0.287,0.287,0.287,0.287,0.287,0.287,0.287,0.287,0.287,0.287,0.287,0.287,0.287,0.287,0.287,0.287,0.287,0.287,0.287,0.287,0.287,0.287
RGI60-19.01971,0.898,0.898,0.898,0.898,0.898,0.898,0.898,0.898,0.898,0.898,0.898,0.898,0.898,0.898,0.898,0.898,0.898,0.898,0.898,0.898,0.898,0.898,0.898,0.898,0.248,0.248,0.288,0.288,0.288,0.288,0.288,0.288,0.288,0.288,0.288,0.288,0.288,0.288,0.288,0.288,0.288,0.288,0.288,0.288,0.288,0.288,0.288,0.288,0.288,0.288
RGI60-19.01972,0.945,0.945,0.945,0.945,0.945,0.945,0.945,0.945,0.945,0.945,0.945,0.945,0.945,0.945,0.945,0.945,0.945,0.945,0.945,0.945,0.945,0.945,0.945,0.945,0.315,0.315,0.409,0.409,0.409,0.409,0.409,0.409,0.409,0.409,0.409,0.409,0.409,0.409,0.409,0.409,0.409,0.409,0.409,0.409,0.409,0.409,0.409,0.409,0.409,0.409
RGI60-19.01973,0.899,0.899,0.899,0.899,0.899,0.899,0.899,0.899,0.899,0.899,0.899,0.899,0.899,0.899,0.899,0.899,0.899,0.899,0.899,0.899,0.899,0.899,0.899,0.899,0.249,0.249,0.292,0.292,0.292,0.292,0.292,0.292,0.292,0.292,0.292,0.292,0.292,0.292,0.292,0.292,0.292,0.292,0.292,0.292,0.292,0.292,0.292,0.292,0.292,0.292
RGI60-19.01974,0.899,0.899,0.899,0.899,0.899,0.899,0.899,0.899,0.899,0.899,0.899,0.899,0.899,0.899,0.899,0.899,0.899,0.899,0.899,0.899,0.899,0.899,0.899,0.899,0.248,0.248,0.292,0.292,0.292,0.292,0.292,0.292,0.292,0.292,0.292,0.292,0.292,0.292,0.292,0.292,0.292,0.292,0.292,0.292,0.292,0.292,0.292,0.292,0.292,0.292
RGI60-19.01975,0.9,0.9,0.9,0.9,0.9,0.9,0.9,0.9,0.9,0.9,0.9,0.9,0.9,0.9,0.9,0.9,0.9,0.9,0.9,0.9,0.9,0.9,0.9,0.9,0.249,0.249,0.294,0.294,0.294,0.294,0.294,0.294,0.294,0.294,0.294,0.294,0.294,0.294,0.294,0.294,0.294,0.294,0.294,0.294,0.294,0.294,0.294,0.294,0.294,0.294
RGI60-19.01976,0.9,0.9,0.9,0.9,0.9,0.9,0.9,0.9,0.9,0.9,0.9,0.9,0.9,0.9,0.9,0.9,0.9,0.9,0.9,0.9,0.9,0.9,0.9,0.9,0.249,0.249,0.296,0.296,0.296,0.296,0.296,0.296,0.296,0.296,0.296,0.296,0.296,0.296,0.296,0.296,0.296,0.296,0.296,0.296,0.296,0.296,0.296,0.296,0.296,0.296
RGI60-19.01977,0.901,0.901,0.901,0.901,0.901,0.901,0.901,0.901,0.901,0.901,0.901,0.901,0.901,0.901,0.901,0.901,0.901,0.901,0.901,0.901,0.901,0.901,0.901,0.901,0.249,0.249,0.296,0.296,0.296,0.296,0.296,0.296,0.296,0.296,0.296,0.296,0.296,0.296,0.296,0.296,0.296,0.296,0.296,0.296,0.296,0.296,0.296,0.296,0.296,0.296
RGI60-19.01978,0.901,0.901,0.901,0.901,0.901,0.901,0.901,0.901,0.901,0.901,0.901,0.901,0.901,0.901,0.901,0.901,0.901,0.901,0.901,0.901,0.901,0.901,0.901,0.901,0.25,0.25,0.297,0.297,0.297,0.297,0.297,0.297,0.297,0.297,0.297,0.297,0.297,0.297,0.297,0.297,0.297,0.297,0.297,0.297,0.297,0.297,0.297,0.297,0.297,0.297
RGI60-19.01979,0.901,0.901,0.901,0.901,0.901,0.901,0.901,0.901,0.901,0.901,0.901,0.901,0.901,0.901,0.901,0.901,0.901,0.901,0.901,0.901,0.901,0.901,0.901,0.901,0.25,0.25,0.298,0.298,0.298,0.298,0.298,0.298,0.298,0.298,0.298,0.298,0.298,0.298,0.298,0.298,0.298,0.298,0.298,0.298,0.298,0.298,0.298,0.298,0.298,0.298
RGI60-19.01980,0.901,0.901,0.901,0.901,0.901,0.901,0.901,0.901,0.901,0.901,0.901,0.901,0.901,0.901,0.901,0.901,0.901,0.901,0.901,0.901,0.901,0.901,0.901,0.901,0.251,0.251,0.299,0.299,0.299,0.299,0.299,0.299,0.299,0.299,0.299,0.299,0.299,0.299,0.299,0.299,0.299,0.299,0.299,0.299,0.299,0.299,0.299,0.299,0.299,0.299
RGI60-19.01981,0.901,0.901,0.901,0.901,0.901,0.901,0.901,0.901,0.901,0.901,0.901,0.901,0.901,0.901,0.901,0.901,0.901,0.901,0.901,0.901,0.901,0.901,0.901,0.901,0.251,0.251,0.298,0.298,0.298,0.298,0.298,0.298,0.298,0.298,0.298,0.298,0.298,0.298,0.298,0.298,0.298,0.298,0.298,0.298,0.298,0.298,0.298,0.298,0.298,0.298
RGI60-19.01982,0.901,0.901,0.901,0.901,0.901,0.901,0.901,0.901,0.901,0.901,0.901,0.901,0.901,0.901,0.901,0.901,0.901,0.901,0.901,0.901,0.901,0.901,0.901,0.901,0.25,0.25,0.296,0.296,0.296,0.296,0.296,0.296,0.296,0.296,0.296,0.296,0.296,0.296,0.296,0.296,0.296,0.296,0.296,0.296,0.296,0.296,0.296,0.296,0.296,0.296
RGI60-19.01983,0.9,0.9,0.9,0.9,0.9,0.9,0.9,0.9,0.9,0.9,0.9,0.9,0.9,0.9,0.9,0.9,0.9,0.9,0.9,0.9,0.9,0.9,0.9,0.9,0.25,0.25,0.296,0.296,0.296,0.296,0.296,0.296,0.296,0.296,0.296,0.296,0.296,0.296,0.296,0.296,0.296,0.296,0.296,0.296,0.296,0.296,0.296,0.296,0.296,0.296
RGI60-19.01984,0.9,0.9,0.9,0.9,0.9,0.9,0.9,0.9,0.9,0.9,0.9,0.9,0.9,0.9,0.9,0.9,0.9,0.9,0.9,0.9,0.9,0.9,0.9,0.9,0.25,0.25,0.295,0.295,0.295,0.295,0.295,0.295,0.295,0.295,0.295,0.295,0.295,0.295,0.295,0.295,0.295,0.295,0.295,0.295,0.295,0.295,0.295,0.295,0.295,0.295
RGI60-19.01985,0.9,0.9,0.9,0.9,0.9,0.9,0.9,0.9,0.9,0.9,0.9,0.9,0.9,0.9,0.9,0.9,0.9,0.9,0.9,0.9,0.9,0.9,0.9,0.9,0.251,0.251,0.296,0.296,0.296,0.296,0.296,0.296,0.296,0.296,0.296,0.296,0.296,0.296,0.296,0.296,0.296,0.296,0.296,0.296,0.296,0.296,0.296,0.296,0.296,0.296
RGI60-19.01986,0.9,0.9,0.9,0.9,0.9,0.9,0.9,0.9,0.9,0.9,0.9,0.9,0.9,0.9,0.9,0.9,0.9,0.9,0.9,0.9,0.9,0.9,0.9,0.9,0.25,0.25,0.294,0.294,0.294,0.294,0.294,0.294,0.294,0.294,0.294,0.294,0.294,0.294,0.294,0.294,0.294,0.294,0.294,0.294,0.294,0.294,0.294,0.294,0.294,0.294
RGI60-19.01987,0.945,0.945,0.945,0.945,0.945,0.945,0.945,0.945,0.945,0.945,0.945,0.945,0.945,0.945,0.945,0.945,0.945,0.945,0.945,0.945,0.945,0.945,0.945,0.945,0.315,0.315,0.409,0.409,0.409,0.409,0.409,0.409,0.409,0.409,0.409,0.409,0.409,0.409,0.409,0.409,0.409,0.409,0.409,0.409,0.409,0.409,0.409,0.409,0.409,0.409
RGI60-19.01988,0.945,0.945,0.945,0.945,0.945,0.945,0.945,0.945,0.945,0.945,0.945,0.945,0.945,0.945,0.945,0.945,0.945,0.945,0.945,0.945,0.945,0.945,0.945,0.945,0.315,0.315,0.409,0.409,0.409,0.409,0.409,0.409,0.409,0.409,0.409,0.409,0.409,0.409,0.409,0.409,0.409,0.409,0.409,0.409,0.409,0.409,0.409,0.409,0.409,0.409
RGI60-19.01989,0.898,0.898,0.898,0.898,0.898,0.898,0.898,0.898,0.898,0.898,0.898,0.898,0.898,0.898,0.898,0.898,0.898,0.898,0.898,0.898,0.898,0.898,0.898,0.898,0.251,0.251,0.289,0.289,0.289,0.289,0.289,0.289,0.289,0.289,0.289,0.289,0.289,0.289,0.289,0.289,0.289,0.289,0.289,0.289,0.289,0.289,0.289,0.289,0.289,0.289
RGI60-19.01990,0.945,0.945,0.945,0.945,0.945,0.945,0.945,0.945,0.945,0.945,0.945,0.945,0.945,0.945,0.945,0.945,0.945,0.945,0.945,0.945,0.945,0.945,0.945,0.945,0.315,0.315,0.409,0.409,0.409,0.409,0.409,0.409,0.409,0.409,0.409,0.409,0.409,0.409,0.409,0.409,0.409,0.409,0.409,0.409,0.409,0.409,0.409,0.409,0.409,0.409
RGI60-19.01991,0.896,0.896,0.896,0.896,0.896,0.896,0.896,0.896,0.896,0.896,0.896,0.896,0.896,0.896,0.896,0.896,0.896,0.896,0.896,0.896,0.896,0.896,0.896,0.896,0.249,0.249,0.281,0.281,0.281,0.281,0.281,0.281,0.281,0.281,0.281,0.281,0.281,0.281,0.281,0.281,0.281,0.281,0.281,0.281,0.281,0.281,0.281,0.281,0.281,0.281
RGI60-19.01992,0.945,0.945,0.945,0.945,0.945,0.945,0.945,0.945,0.945,0.945,0.945,0.945,0.945,0.945,0.945,0.945,0.945,0.945,0.945,0.945,0.945,0.945,0.945,0.945,0.315,0.315,0.409,0.409,0.409,0.409,0.409,0.409,0.409,0.409,0.409,0.409,0.409,0.409,0.409,0.409,0.409,0.409,0.409,0.409,0.409,0.409,0.409,0.409,0.409,0.409
RGI60-19.01993,0.891,0.891,0.891,0.891,0.891,0.891,0.891,0.891,0.891,0.891,0.891,0.891,0.891,0.891,0.891,0.891,0.891,0.891,0.891,0.891,0.891,0.891,0.891,0.891,0.247,0.247,0.267,0.267,0.267,0.267,0.267,0.267,0.267,0.267,0.267,0.267,0.267,0.267,0.267,0.267,0.267,0.267,0.267,0.267,0.267,0.267,0.267,0.267,0.267,0.267
RGI60-19.01994,0.892,0.892,0.892,0.892,0.892,0.892,0.892,0.892,0.892,0.892,0.892,0.892,0.892,0.892,0.892,0.892,0.892,0.892,0.892,0.892,0.892,0.892,0.892,0.892,0.246,0.246,0.269,0.269,0.269,0.269,0.269,0.269,0.269,0.269,0.269,0.269,0.269,0.269,0.269,0.269,0.269,0.269,0.269,0.269,0.269,0.269,0.269,0.269,0.269,0.269
RGI60-19.01995,0.891,0.891,0.891,0.891,0.891,0.891,0.891,0.891,0.891,0.891,0.891,0.891,0.891,0.891,0.891,0.891,0.891,0.891,0.891,0.891,0.891,0.891,0.891,0.891,0.246,0.246,0.265,0.265,0.265,0.265,0.265,0.265,0.265,0.265,0.265,0.265,0.265,0.265,0.265,0.265,0.265,0.265,0.265,0.265,0.265,0.265,0.265,0.265,0.265,0.265
RGI60-19.01996,0.945,0.945,0.945,0.945,0.945,0.945,0.945,0.945,0.945,0.945,0.945,0.945,0.945,0.945,0.945,0.945,0.945,0.945,0.945,0.945,0.945,0.945,0.945,0.945,0.315,0.315,0.409,0.409,0.409,0.409,0.409,0.409,0.409,0.409,0.409,0.409,0.409,0.409,0.409,0.409,0.409,0.409,0.409,0.409,0.409,0.409,0.409,0.409,0.409,0.409
RGI60-19.01997,0.945,0.945,0.945,0.945,0.945,0.945,0.945,0.945,0.945,0.945,0.945,0.945,0.945,0.945,0.945,0.945,0.945,0.945,0.945,0.945,0.945,0.945,0.945,0.945,0.315,0.315,0.409,0.409,0.409,0.409,0.409,0.409,0.409,0.409,0.409,0.409,0.409,0.409,0.409,0.409,0.409,0.409,0.409,0.409,0.409,0.409,0.409,0.409,0.409,0.409
RGI60-19.01998,0.892,0.892,0.892,0.892,0.892,0.892,0.892,0.892,0.892,0.892,0.892,0.892,0.892,0.892,0.892,0.892,0.892,0.892,0.892,0.892,0.892,0.892,0.892,0.892,0.246,0.246,0.269,0.269,0.269,0.269,0.269,0.269,0.269,0.269,0.269,0.269,0.269,0.269,0.269,0.269,0.269,0.269,0.269,0.269,0.269,0.269,0.269,0.269,0.269,0.269
RGI60-19.01999,0.945,0.945,0.945,0.945,0.945,0.945,0.945,0.945,0.945,0.945,0.945,0.945,0.945,0.945,0.945,0.945,0.945,0.945,0.945,0.945,0.945,0.945,0.945,0.945,0.315,0.315,0.409,0.409,0.409,0.409,0.409,0.409,0.409,0.409,0.409,0.409,0.409,0.409,0.409,0.409,0.409,0.409,0.409,0.409,0.409,0.409,0.409,0.409,0.409,0.409
RGI60-19.02000,0.945,0.945,0.945,0.945,0.945,0.945,0.945,0.945,0.945,0.945,0.945,0.945,0.945,0.945,0.945,0.945,0.945,0.945,0.945,0.945,0.945,0.945,0.945,0.945,0.315,0.315,0.409,0.409,0.409,0.409,0.409,0.409,0.409,0.409,0.409,0.409,0.409,0.409,0.409,0.409,0.409,0.409,0.409,0.409,0.409,0.409,0.409,0.409,0.409,0.409
RGI60-19.02001,0.945,0.945,0.945,0.945,0.945,0.945,0.945,0.945,0.945,0.945,0.945,0.945,0.945,0.945,0.945,0.945,0.945,0.945,0.945,0.945,0.945,0.945,0.945,0.945,0.315,0.315,0.409,0.409,0.409,0.409,0.409,0.409,0.409,0.409,0.409,0.409,0.409,0.409,0.409,0.409,0.409,0.409,0.409,0.409,0.409,0.409,0.409,0.409,0.409,0.409
RGI60-19.02002,0.945,0.945,0.945,0.945,0.945,0.945,0.945,0.945,0.945,0.945,0.945,0.945,0.945,0.945,0.945,0.945,0.945,0.945,0.945,0.945,0.945,0.945,0.945,0.945,0.315,0.315,0.409,0.409,0.409,0.409,0.409,0.409,0.409,0.409,0.409,0.409,0.409,0.409,0.409,0.409,0.409,0.409,0.409,0.409,0.409,0.409,0.409,0.409,0.409,0.409
RGI60-19.02003,0.945,0.945,0.945,0.945,0.945,0.945,0.945,0.945,0.945,0.945,0.945,0.945,0.945,0.945,0.945,0.945,0.945,0.945,0.945,0.945,0.945,0.945,0.945,0.945,0.315,0.315,0.409,0.409,0.409,0.409,0.409,0.409,0.409,0.409,0.409,0.409,0.409,0.409,0.409,0.409,0.409,0.409,0.409,0.409,0.409,0.409,0.409,0.409,0.409,0.409
RGI60-19.02004,0.945,0.945,0.945,0.945,0.945,0.945,0.945,0.945,0.945,0.945,0.945,0.945,0.945,0.945,0.945,0.945,0.945,0.945,0.945,0.945,0.945,0.945,0.945,0.945,0.315,0.315,0.409,0.409,0.409,0.409,0.409,0.409,0.409,0.409,0.409,0.409,0.409,0.409,0.409,0.409,0.409,0.409,0.409,0.409,0.409,0.409,0.409,0.409,0.409,0.409
RGI60-19.02005,0.945,0.945,0.945,0.945,0.945,0.945,0.945,0.945,0.945,0.945,0.945,0.945,0.945,0.945,0.945,0.945,0.945,0.945,0.945,0.945,0.945,0.945,0.945,0.945,0.315,0.315,0.409,0.409,0.409,0.409,0.409,0.409,0.409,0.409,0.409,0.409,0.409,0.409,0.409,0.409,0.409,0.409,0.409,0.409,0.409,0.409,0.409,0.409,0.409,0.409
RGI60-19.02006,0.945,0.945,0.945,0.945,0.945,0.945,0.945,0.945,0.945,0.945,0.945,0.945,0.945,0.945,0.945,0.945,0.945,0.945,0.945,0.945,0.945,0.945,0.945,0.945,0.315,0.315,0.409,0.409,0.409,0.409,0.409,0.409,0.409,0.409,0.409,0.409,0.409,0.409,0.409,0.409,0.409,0.409,0.409,0.409,0.409,0.409,0.409,0.409,0.409,0.409
RGI60-19.02007,0.945,0.945,0.945,0.945,0.945,0.945,0.945,0.945,0.945,0.945,0.945,0.945,0.945,0.945,0.945,0.945,0.945,0.945,0.945,0.945,0.945,0.945,0.945,0.945,0.315,0.315,0.409,0.409,0.409,0.409,0.409,0.409,0.409,0.409,0.409,0.409,0.409,0.409,0.409,0.409,0.409,0.409,0.409,0.409,0.409,0.409,0.409,0.409,0.409,0.409
RGI60-19.02008,0.945,0.945,0.945,0.945,0.945,0.945,0.945,0.945,0.945,0.945,0.945,0.945,0.945,0.945,0.945,0.945,0.945,0.945,0.945,0.945,0.945,0.945,0.945,0.945,0.315,0.315,0.409,0.409,0.409,0.409,0.409,0.409,0.409,0.409,0.409,0.409,0.409,0.409,0.409,0.409,0.409,0.409,0.409,0.409,0.409,0.409,0.409,0.409,0.409,0.409
RGI60-19.02009,0.945,0.945,0.945,0.945,0.945,0.945,0.945,0.945,0.945,0.945,0.945,0.945,0.945,0.945,0.945,0.945,0.945,0.945,0.945,0.945,0.945,0.945,0.945,0.945,0.315,0.315,0.409,0.409,0.409,0.409,0.409,0.409,0.409,0.409,0.409,0.409,0.409,0.409,0.409,0.409,0.409,0.409,0.409,0.409,0.409,0.409,0.409,0.409,0.409,0.409
RGI60-19.02010,0.945,0.945,0.945,0.945,0.945,0.945,0.945,0.945,0.945,0.945,0.945,0.945,0.945,0.945,0.945,0.945,0.945,0.945,0.945,0.945,0.945,0.945,0.945,0.945,0.315,0.315,0.409,0.409,0.409,0.409,0.409,0.409,0.409,0.409,0.409,0.409,0.409,0.409,0.409,0.409,0.409,0.409,0.409,0.409,0.409,0.409,0.409,0.409,0.409,0.409
RGI60-19.02011,0.945,0.945,0.945,0.945,0.945,0.945,0.945,0.945,0.945,0.945,0.945,0.945,0.945,0.945,0.945,0.945,0.945,0.945,0.945,0.945,0.945,0.945,0.945,0.945,0.315,0.315,0.409,0.409,0.409,0.409,0.409,0.409,0.409,0.409,0.409,0.409,0.409,0.409,0.409,0.409,0.409,0.409,0.409,0.409,0.409,0.409,0.409,0.409,0.409,0.409
RGI60-19.02012,0.945,0.945,0.945,0.945,0.945,0.945,0.945,0.945,0.945,0.945,0.945,0.945,0.945,0.945,0.945,0.945,0.945,0.945,0.945,0.945,0.945,0.945,0.945,0.945,0.315,0.315,0.409,0.409,0.409,0.409,0.409,0.409,0.409,0.409,0.409,0.409,0.409,0.409,0.409,0.409,0.409,0.409,0.409,0.409,0.409,0.409,0.409,0.409,0.409,0.409
RGI60-19.02013,0.945,0.945,0.945,0.945,0.945,0.945,0.945,0.945,0.945,0.945,0.945,0.945,0.945,0.945,0.945,0.945,0.945,0.945,0.945,0.945,0.945,0.945,0.945,0.945,0.315,0.315,0.409,0.409,0.409,0.409,0.409,0.409,0.409,0.409,0.409,0.409,0.409,0.409,0.409,0.409,0.409,0.409,0.409,0.409,0.409,0.409,0.409,0.409,0.409,0.409
RGI60-19.02014,0.945,0.945,0.945,0.945,0.945,0.945,0.945,0.945,0.945,0.945,0.945,0.945,0.945,0.945,0.945,0.945,0.945,0.945,0.945,0.945,0.945,0.945,0.945,0.945,0.315,0.315,0.409,0.409,0.409,0.409,0.409,0.409,0.409,0.409,0.409,0.409,0.409,0.409,0.409,0.409,0.409,0.409,0.409,0.409,0.409,0.409,0.409,0.409,0.409,0.409
RGI60-19.02015,0.945,0.945,0.945,0.945,0.945,0.945,0.945,0.945,0.945,0.945,0.945,0.945,0.945,0.945,0.945,0.945,0.945,0.945,0.945,0.945,0.945,0.945,0.945,0.945,0.315,0.315,0.409,0.409,0.409,0.409,0.409,0.409,0.409,0.409,0.409,0.409,0.409,0.409,0.409,0.409,0.409,0.409,0.409,0.409,0.409,0.409,0.409,0.409,0.409,0.409
RGI60-19.02016,0.945,0.945,0.945,0.945,0.945,0.945,0.945,0.945,0.945,0.945,0.945,0.945,0.945,0.945,0.945,0.945,0.945,0.945,0.945,0.945,0.945,0.945,0.945,0.945,0.315,0.315,0.409,0.409,0.409,0.409,0.409,0.409,0.409,0.409,0.409,0.409,0.409,0.409,0.409,0.409,0.409,0.409,0.409,0.409,0.409,0.409,0.409,0.409,0.409,0.409
RGI60-19.02017,0.945,0.945,0.945,0.945,0.945,0.945,0.945,0.945,0.945,0.945,0.945,0.945,0.945,0.945,0.945,0.945,0.945,0.945,0.945,0.945,0.945,0.945,0.945,0.945,0.315,0.315,0.409,0.409,0.409,0.409,0.409,0.409,0.409,0.409,0.409,0.409,0.409,0.409,0.409,0.409,0.409,0.409,0.409,0.409,0.409,0.409,0.409,0.409,0.409,0.409
RGI60-19.02018,0.945,0.945,0.945,0.945,0.945,0.945,0.945,0.945,0.945,0.945,0.945,0.945,0.945,0.945,0.945,0.945,0.945,0.945,0.945,0.945,0.945,0.945,0.945,0.945,0.315,0.315,0.409,0.409,0.409,0.409,0.409,0.409,0.409,0.409,0.409,0.409,0.409,0.409,0.409,0.409,0.409,0.409,0.409,0.409,0.409,0.409,0.409,0.409,0.409,0.409
RGI60-19.02019,0.945,0.945,0.945,0.945,0.945,0.945,0.945,0.945,0.945,0.945,0.945,0.945,0.945,0.945,0.945,0.945,0.945,0.945,0.945,0.945,0.945,0.945,0.945,0.945,0.315,0.315,0.409,0.409,0.409,0.409,0.409,0.409,0.409,0.409,0.409,0.409,0.409,0.409,0.409,0.409,0.409,0.409,0.409,0.409,0.409,0.409,0.409,0.409,0.409,0.409
RGI60-19.02020,0.887,0.887,0.887,0.887,0.887,0.887,0.887,0.887,0.887,0.887,0.887,0.887,0.887,0.887,0.887,0.887,0.887,0.887,0.887,0.887,0.887,0.887,0.887,0.887,0.252,0.252,0.205,0.205,0.205,0.205,0.205,0.205,0.205,0.205,0.205,0.205,0.205,0.205,0.205,0.205,0.205,0.205,0.205,0.205,0.205,0.205,0.205,0.205,0.205,0.205
RGI60-19.02021,0.945,0.945,0.945,0.945,0.945,0.945,0.945,0.945,0.945,0.945,0.945,0.945,0.945,0.945,0.945,0.945,0.945,0.945,0.945,0.945,0.945,0.945,0.945,0.945,0.315,0.315,0.409,0.409,0.409,0.409,0.409,0.409,0.409,0.409,0.409,0.409,0.409,0.409,0.409,0.409,0.409,0.409,0.409,0.409,0.409,0.409,0.409,0.409,0.409,0.409
RGI60-19.02022,0.945,0.945,0.945,0.945,0.945,0.945,0.945,0.945,0.945,0.945,0.945,0.945,0.945,0.945,0.945,0.945,0.945,0.945,0.945,0.945,0.945,0.945,0.945,0.945,0.315,0.315,0.409,0.409,0.409,0.409,0.409,0.409,0.409,0.409,0.409,0.409,0.409,0.409,0.409,0.409,0.409,0.409,0.409,0.409,0.409,0.409,0.409,0.409,0.409,0.409
RGI60-19.02023,0.945,0.945,0.945,0.945,0.945,0.945,0.945,0.945,0.945,0.945,0.945,0.945,0.945,0.945,0.945,0.945,0.945,0.945,0.945,0.945,0.945,0.945,0.945,0.945,0.315,0.315,0.409,0.409,0.409,0.409,0.409,0.409,0.409,0.409,0.409,0.409,0.409,0.409,0.409,0.409,0.409,0.409,0.409,0.409,0.409,0.409,0.409,0.409,0.409,0.409
RGI60-19.02024,0.945,0.945,0.945,0.945,0.945,0.945,0.945,0.945,0.945,0.945,0.945,0.945,0.945,0.945,0.945,0.945,0.945,0.945,0.945,0.945,0.945,0.945,0.945,0.945,0.315,0.315,0.409,0.409,0.409,0.409,0.409,0.409,0.409,0.409,0.409,0.409,0.409,0.409,0.409,0.409,0.409,0.409,0.409,0.409,0.409,0.409,0.409,0.409,0.409,0.409
RGI60-19.02025,0.945,0.945,0.945,0.945,0.945,0.945,0.945,0.945,0.945,0.945,0.945,0.945,0.945,0.945,0.945,0.945,0.945,0.945,0.945,0.945,0.945,0.945,0.945,0.945,0.315,0.315,0.409,0.409,0.409,0.409,0.409,0.409,0.409,0.409,0.409,0.409,0.409,0.409,0.409,0.409,0.409,0.409,0.409,0.409,0.409,0.409,0.409,0.409,0.409,0.409
RGI60-19.02026,0.945,0.945,0.945,0.945,0.945,0.945,0.945,0.945,0.945,0.945,0.945,0.945,0.945,0.945,0.945,0.945,0.945,0.945,0.945,0.945,0.945,0.945,0.945,0.945,0.315,0.315,0.409,0.409,0.409,0.409,0.409,0.409,0.409,0.409,0.409,0.409,0.409,0.409,0.409,0.409,0.409,0.409,0.409,0.409,0.409,0.409,0.409,0.409,0.409,0.409
RGI60-19.02027,0.945,0.945,0.945,0.945,0.945,0.945,0.945,0.945,0.945,0.945,0.945,0.945,0.945,0.945,0.945,0.945,0.945,0.945,0.945,0.945,0.945,0.945,0.945,0.945,0.315,0.315,0.409,0.409,0.409,0.409,0.409,0.409,0.409,0.409,0.409,0.409,0.409,0.409,0.409,0.409,0.409,0.409,0.409,0.409,0.409,0.409,0.409,0.409,0.409,0.409
RGI60-19.02028,0.945,0.945,0.945,0.945,0.945,0.945,0.945,0.945,0.945,0.945,0.945,0.945,0.945,0.945,0.945,0.945,0.945,0.945,0.945,0.945,0.945,0.945,0.945,0.945,0.315,0.315,0.409,0.409,0.409,0.409,0.409,0.409,0.409,0.409,0.409,0.409,0.409,0.409,0.409,0.409,0.409,0.409,0.409,0.409,0.409,0.409,0.409,0.409,0.409,0.409
RGI60-19.02029,0.945,0.945,0.945,0.945,0.945,0.945,0.945,0.945,0.945,0.945,0.945,0.945,0.945,0.945,0.945,0.945,0.945,0.945,0.945,0.945,0.945,0.945,0.945,0.945,0.315,0.315,0.409,0.409,0.409,0.409,0.409,0.409,0.409,0.409,0.409,0.409,0.409,0.409,0.409,0.409,0.409,0.409,0.409,0.409,0.409,0.409,0.409,0.409,0.409,0.409
RGI60-19.02030,0.945,0.945,0.945,0.945,0.945,0.945,0.945,0.945,0.945,0.945,0.945,0.945,0.945,0.945,0.945,0.945,0.945,0.945,0.945,0.945,0.945,0.945,0.945,0.945,0.315,0.315,0.409,0.409,0.409,0.409,0.409,0.409,0.409,0.409,0.409,0.409,0.409,0.409,0.409,0.409,0.409,0.409,0.409,0.409,0.409,0.409,0.409,0.409,0.409,0.409
RGI60-19.02031,0.945,0.945,0.945,0.945,0.945,0.945,0.945,0.945,0.945,0.945,0.945,0.945,0.945,0.945,0.945,0.945,0.945,0.945,0.945,0.945,0.945,0.945,0.945,0.945,0.315,0.315,0.409,0.409,0.409,0.409,0.409,0.409,0.409,0.409,0.409,0.409,0.409,0.409,0.409,0.409,0.409,0.409,0.409,0.409,0.409,0.409,0.409,0.409,0.409,0.409
RGI60-19.02032,0.945,0.945,0.945,0.945,0.945,0.945,0.945,0.945,0.945,0.945,0.945,0.945,0.945,0.945,0.945,0.945,0.945,0.945,0.945,0.945,0.945,0.945,0.945,0.945,0.315,0.315,0.409,0.409,0.409,0.409,0.409,0.409,0.409,0.409,0.409,0.409,0.409,0.409,0.409,0.409,0.409,0.409,0.409,0.409,0.409,0.409,0.409,0.409,0.409,0.409
RGI60-19.02033,0.945,0.945,0.945,0.945,0.945,0.945,0.945,0.945,0.945,0.945,0.945,0.945,0.945,0.945,0.945,0.945,0.945,0.945,0.945,0.945,0.945,0.945,0.945,0.945,0.315,0.315,0.409,0.409,0.409,0.409,0.409,0.409,0.409,0.409,0.409,0.409,0.409,0.409,0.409,0.409,0.409,0.409,0.409,0.409,0.409,0.409,0.409,0.409,0.409,0.409
RGI60-19.02034,0.945,0.945,0.945,0.945,0.945,0.945,0.945,0.945,0.945,0.945,0.945,0.945,0.945,0.945,0.945,0.945,0.945,0.945,0.945,0.945,0.945,0.945,0.945,0.945,0.315,0.315,0.409,0.409,0.409,0.409,0.409,0.409,0.409,0.409,0.409,0.409,0.409,0.409,0.409,0.409,0.409,0.409,0.409,0.409,0.409,0.409,0.409,0.409,0.409,0.409
RGI60-19.02035,0.945,0.945,0.945,0.945,0.945,0.945,0.945,0.945,0.945,0.945,0.945,0.945,0.945,0.945,0.945,0.945,0.945,0.945,0.945,0.945,0.945,0.945,0.945,0.945,0.315,0.315,0.409,0.409,0.409,0.409,0.409,0.409,0.409,0.409,0.409,0.409,0.409,0.409,0.409,0.409,0.409,0.409,0.409,0.409,0.409,0.409,0.409,0.409,0.409,0.409
RGI60-19.02036,0.945,0.945,0.945,0.945,0.945,0.945,0.945,0.945,0.945,0.945,0.945,0.945,0.945,0.945,0.945,0.945,0.945,0.945,0.945,0.945,0.945,0.945,0.945,0.945,0.315,0.315,0.409,0.409,0.409,0.409,0.409,0.409,0.409,0.409,0.409,0.409,0.409,0.409,0.409,0.409,0.409,0.409,0.409,0.409,0.409,0.409,0.409,0.409,0.409,0.409
RGI60-19.02037,0.945,0.945,0.945,0.945,0.945,0.945,0.945,0.945,0.945,0.945,0.945,0.945,0.945,0.945,0.945,0.945,0.945,0.945,0.945,0.945,0.945,0.945,0.945,0.945,0.315,0.315,0.409,0.409,0.409,0.409,0.409,0.409,0.409,0.409,0.409,0.409,0.409,0.409,0.409,0.409,0.409,0.409,0.409,0.409,0.409,0.409,0.409,0.409,0.409,0.409
RGI60-19.02038,0.945,0.945,0.945,0.945,0.945,0.945,0.945,0.945,0.945,0.945,0.945,0.945,0.945,0.945,0.945,0.945,0.945,0.945,0.945,0.945,0.945,0.945,0.945,0.945,0.315,0.315,0.409,0.409,0.409,0.409,0.409,0.409,0.409,0.409,0.409,0.409,0.409,0.409,0.409,0.409,0.409,0.409,0.409,0.409,0.409,0.409,0.409,0.409,0.409,0.409
RGI60-19.02039,0.945,0.945,0.945,0.945,0.945,0.945,0.945,0.945,0.945,0.945,0.945,0.945,0.945,0.945,0.945,0.945,0.945,0.945,0.945,0.945,0.945,0.945,0.945,0.945,0.315,0.315,0.409,0.409,0.409,0.409,0.409,0.409,0.409,0.409,0.409,0.409,0.409,0.409,0.409,0.409,0.409,0.409,0.409,0.409,0.409,0.409,0.409,0.409,0.409,0.409
RGI60-19.02040,0.945,0.945,0.945,0.945,0.945,0.945,0.945,0.945,0.945,0.945,0.945,0.945,0.945,0.945,0.945,0.945,0.945,0.945,0.945,0.945,0.945,0.945,0.945,0.945,0.315,0.315,0.409,0.409,0.409,0.409,0.409,0.409,0.409,0.409,0.409,0.409,0.409,0.409,0.409,0.409,0.409,0.409,0.409,0.409,0.409,0.409,0.409,0.409,0.409,0.409
RGI60-19.02041,0.945,0.945,0.945,0.945,0.945,0.945,0.945,0.945,0.945,0.945,0.945,0.945,0.945,0.945,0.945,0.945,0.945,0.945,0.945,0.945,0.945,0.945,0.945,0.945,0.315,0.315,0.409,0.409,0.409,0.409,0.409,0.409,0.409,0.409,0.409,0.409,0.409,0.409,0.409,0.409,0.409,0.409,0.409,0.409,0.409,0.409,0.409,0.409,0.409,0.409
RGI60-19.02042,0.945,0.945,0.945,0.945,0.945,0.945,0.945,0.945,0.945,0.945,0.945,0.945,0.945,0.945,0.945,0.945,0.945,0.945,0.945,0.945,0.945,0.945,0.945,0.945,0.315,0.315,0.409,0.409,0.409,0.409,0.409,0.409,0.409,0.409,0.409,0.409,0.409,0.409,0.409,0.409,0.409,0.409,0.409,0.409,0.409,0.409,0.409,0.409,0.409,0.409
RGI60-19.02043,0.945,0.945,0.945,0.945,0.945,0.945,0.945,0.945,0.945,0.945,0.945,0.945,0.945,0.945,0.945,0.945,0.945,0.945,0.945,0.945,0.945,0.945,0.945,0.945,0.315,0.315,0.409,0.409,0.409,0.409,0.409,0.409,0.409,0.409,0.409,0.409,0.409,0.409,0.409,0.409,0.409,0.409,0.409,0.409,0.409,0.409,0.409,0.409,0.409,0.409
RGI60-19.02044,0.945,0.945,0.945,0.945,0.945,0.945,0.945,0.945,0.945,0.945,0.945,0.945,0.945,0.945,0.945,0.945,0.945,0.945,0.945,0.945,0.945,0.945,0.945,0.945,0.315,0.315,0.409,0.409,0.409,0.409,0.409,0.409,0.409,0.409,0.409,0.409,0.409,0.409,0.409,0.409,0.409,0.409,0.409,0.409,0.409,0.409,0.409,0.409,0.409,0.409
RGI60-19.02045,0.945,0.945,0.945,0.945,0.945,0.945,0.945,0.945,0.945,0.945,0.945,0.945,0.945,0.945,0.945,0.945,0.945,0.945,0.945,0.945,0.945,0.945,0.945,0.945,0.315,0.315,0.409,0.409,0.409,0.409,0.409,0.409,0.409,0.409,0.409,0.409,0.409,0.409,0.409,0.409,0.409,0.409,0.409,0.409,0.409,0.409,0.409,0.409,0.409,0.409
RGI60-19.02046,0.945,0.945,0.945,0.945,0.945,0.945,0.945,0.945,0.945,0.945,0.945,0.945,0.945,0.945,0.945,0.945,0.945,0.945,0.945,0.945,0.945,0.945,0.945,0.945,0.315,0.315,0.409,0.409,0.409,0.409,0.409,0.409,0.409,0.409,0.409,0.409,0.409,0.409,0.409,0.409,0.409,0.409,0.409,0.409,0.409,0.409,0.409,0.409,0.409,0.409
RGI60-19.02047,0.885,0.885,0.885,0.885,0.885,0.885,0.885,0.885,0.885,0.885,0.885,0.885,0.885,0.885,0.885,0.885,0.885,0.885,0.885,0.885,0.885,0.885,0.885,0.885,0.246,0.246,0.146,0.146,0.146,0.146,0.146,0.146,0.146,0.146,0.146,0.146,0.146,0.146,0.146,0.146,0.146,0.146,0.146,0.146,0.146,0.146,0.146,0.146,0.146,0.146
RGI60-19.02048,0.885,0.885,0.885,0.885,0.885,0.885,0.885,0.885,0.885,0.885,0.885,0.885,0.885,0.885,0.885,0.885,0.885,0.885,0.885,0.885,0.885,0.885,0.885,0.885,0.246,0.246,0.144,0.144,0.144,0.144,0.144,0.144,0.144,0.144,0.144,0.144,0.144,0.144,0.144,0.144,0.144,0.144,0.144,0.144,0.144,0.144,0.144,0.144,0.144,0.144
RGI60-19.02049,0.886,0.886,0.886,0.886,0.886,0.886,0.886,0.886,0.886,0.886,0.886,0.886,0.886,0.886,0.886,0.886,0.886,0.886,0.886,0.886,0.886,0.886,0.886,0.886,0.247,0.247,0.134,0.134,0.134,0.134,0.134,0.134,0.134,0.134,0.134,0.134,0.134,0.134,0.134,0.134,0.134,0.134,0.134,0.134,0.134,0.134,0.134,0.134,0.134,0.134
RGI60-19.02050,0.886,0.886,0.886,0.886,0.886,0.886,0.886,0.886,0.886,0.886,0.886,0.886,0.886,0.886,0.886,0.886,0.886,0.886,0.886,0.886,0.886,0.886,0.886,0.886,0.247,0.247,0.127,0.127,0.127,0.127,0.127,0.127,0.127,0.127,0.127,0.127,0.127,0.127,0.127,0.127,0.127,0.127,0.127,0.127,0.127,0.127,0.127,0.127,0.127,0.127
RGI60-19.02051,0.886,0.886,0.886,0.886,0.886,0.886,0.886,0.886,0.886,0.886,0.886,0.886,0.886,0.886,0.886,0.886,0.886,0.886,0.886,0.886,0.886,0.886,0.886,0.886,0.247,0.247,0.128,0.128,0.128,0.128,0.128,0.128,0.128,0.128,0.128,0.128,0.128,0.128,0.128,0.128,0.128,0.128,0.128,0.128,0.128,0.128,0.128,0.128,0.128,0.128
RGI60-19.02052,0.886,0.886,0.886,0.886,0.886,0.886,0.886,0.886,0.886,0.886,0.886,0.886,0.886,0.886,0.886,0.886,0.886,0.886,0.886,0.886,0.886,0.886,0.886,0.886,0.247,0.247,0.131,0.131,0.131,0.131,0.131,0.131,0.131,0.131,0.131,0.131,0.131,0.131,0.131,0.131,0.131,0.131,0.131,0.131,0.131,0.131,0.131,0.131,0.131,0.131
RGI60-19.02053,0.886,0.886,0.886,0.886,0.886,0.886,0.886,0.886,0.886,0.886,0.886,0.886,0.886,0.886,0.886,0.886,0.886,0.886,0.886,0.886,0.886,0.886,0.886,0.886,0.248,0.248,0.107,0.107,0.107,0.107,0.107,0.107,0.107,0.107,0.107,0.107,0.107,0.107,0.107,0.107,0.107,0.107,0.107,0.107,0.107,0.107,0.107,0.107,0.107,0.107
RGI60-19.02054,0.886,0.886,0.886,0.886,0.886,0.886,0.886,0.886,0.886,0.886,0.886,0.886,0.886,0.886,0.886,0.886,0.886,0.886,0.886,0.886,0.886,0.886,0.886,0.886,0.248,0.248,0.105,0.105,0.105,0.105,0.105,0.105,0.105,0.105,0.105,0.105,0.105,0.105,0.105,0.105,0.105,0.105,0.105,0.105,0.105,0.105,0.105,0.105,0.105,0.105
RGI60-19.02055,0.886,0.886,0.886,0.886,0.886,0.886,0.886,0.886,0.886,0.886,0.886,0.886,0.886,0.886,0.886,0.886,0.886,0.886,0.886,0.886,0.886,0.886,0.886,0.886,0.248,0.248,0.105,0.105,0.105,0.105,0.105,0.105,0.105,0.105,0.105,0.105,0.105,0.105,0.105,0.105,0.105,0.105,0.105,0.105,0.105,0.105,0.105,0.105,0.105,0.105
RGI60-19.02056,0.886,0.886,0.886,0.886,0.886,0.886,0.886,0.886,0.886,0.886,0.886,0.886,0.886,0.886,0.886,0.886,0.886,0.886,0.886,0.886,0.886,0.886,0.886,0.886,0.248,0.248,0.0,0.0,0.0,0.0,0.0,0.0,0.0,0.0,0.0,0.0,0.0,0.0,0.0,0.0,0.0,0.0,0.0,0.0,0.0,0.0,0.0,0.0,0.0,0.0
RGI60-19.02057,0.886,0.886,0.886,0.886,0.886,0.886,0.886,0.886,0.886,0.886,0.886,0.886,0.886,0.886,0.886,0.886,0.886,0.886,0.886,0.886,0.886,0.886,0.886,0.886,0.248,0.248,0.1,0.1,0.1,0.1,0.1,0.1,0.1,0.1,0.1,0.1,0.1,0.1,0.1,0.1,0.1,0.1,0.1,0.1,0.1,0.1,0.1,0.1,0.1,0.1
RGI60-19.02058,0.886,0.886,0.886,0.886,0.886,0.886,0.886,0.886,0.886,0.886,0.886,0.886,0.886,0.886,0.886,0.886,0.886,0.886,0.886,0.886,0.886,0.886,0.886,0.886,0.248,0.248,0.102,0.102,0.102,0.102,0.102,0.102,0.102,0.102,0.102,0.102,0.102,0.102,0.102,0.102,0.102,0.102,0.102,0.102,0.102,0.102,0.102,0.102,0.102,0.102
RGI60-19.02059,0.886,0.886,0.886,0.886,0.886,0.886,0.886,0.886,0.886,0.886,0.886,0.886,0.886,0.886,0.886,0.886,0.886,0.886,0.886,0.886,0.886,0.886,0.886,0.886,0.248,0.248,0.0,0.0,0.0,0.0,0.0,0.0,0.0,0.0,0.0,0.0,0.0,0.0,0.0,0.0,0.0,0.0,0.0,0.0,0.0,0.0,0.0,0.0,0.0,0.0
RGI60-19.02060,0.886,0.886,0.886,0.886,0.886,0.886,0.886,0.886,0.886,0.886,0.886,0.886,0.886,0.886,0.886,0.886,0.886,0.886,0.886,0.886,0.886,0.886,0.886,0.886,0.248,0.248,0.111,0.111,0.111,0.111,0.111,0.111,0.111,0.111,0.111,0.111,0.111,0.111,0.111,0.111,0.111,0.111,0.111,0.111,0.111,0.111,0.111,0.111,0.111,0.111
RGI60-19.02061,0.886,0.886,0.886,0.886,0.886,0.886,0.886,0.886,0.886,0.886,0.886,0.886,0.886,0.886,0.886,0.886,0.886,0.886,0.886,0.886,0.886,0.886,0.886,0.886,0.248,0.248,0.125,0.125,0.125,0.125,0.125,0.125,0.125,0.125,0.125,0.125,0.125,0.125,0.125,0.125,0.125,0.125,0.125,0.125,0.125,0.125,0.125,0.125,0.125,0.125
RGI60-19.02062,0.945,0.945,0.945,0.945,0.945,0.945,0.945,0.945,0.945,0.945,0.945,0.945,0.945,0.945,0.945,0.945,0.945,0.945,0.945,0.945,0.945,0.945,0.945,0.945,0.315,0.315,0.409,0.409,0.409,0.409,0.409,0.409,0.409,0.409,0.409,0.409,0.409,0.409,0.409,0.409,0.409,0.409,0.409,0.409,0.409,0.409,0.409,0.409,0.409,0.409
RGI60-19.02063,0.945,0.945,0.945,0.945,0.945,0.945,0.945,0.945,0.945,0.945,0.945,0.945,0.945,0.945,0.945,0.945,0.945,0.945,0.945,0.945,0.945,0.945,0.945,0.945,0.315,0.315,0.409,0.409,0.409,0.409,0.409,0.409,0.409,0.409,0.409,0.409,0.409,0.409,0.409,0.409,0.409,0.409,0.409,0.409,0.409,0.409,0.409,0.409,0.409,0.409
RGI60-19.02064,0.945,0.945,0.945,0.945,0.945,0.945,0.945,0.945,0.945,0.945,0.945,0.945,0.945,0.945,0.945,0.945,0.945,0.945,0.945,0.945,0.945,0.945,0.945,0.945,0.315,0.315,0.409,0.409,0.409,0.409,0.409,0.409,0.409,0.409,0.409,0.409,0.409,0.409,0.409,0.409,0.409,0.409,0.409,0.409,0.409,0.409,0.409,0.409,0.409,0.409
RGI60-19.02065,0.886,0.886,0.886,0.886,0.886,0.886,0.886,0.886,0.886,0.886,0.886,0.886,0.886,0.886,0.886,0.886,0.886,0.886,0.886,0.886,0.886,0.886,0.886,0.886,0.25,0.25,0.153,0.153,0.153,0.153,0.153,0.153,0.153,0.153,0.153,0.153,0.153,0.153,0.153,0.153,0.153,0.153,0.153,0.153,0.153,0.153,0.153,0.153,0.153,0.153
RGI60-19.02066,0.945,0.945,0.945,0.945,0.945,0.945,0.945,0.945,0.945,0.945,0.945,0.945,0.945,0.945,0.945,0.945,0.945,0.945,0.945,0.945,0.945,0.945,0.945,0.945,0.315,0.315,0.409,0.409,0.409,0.409,0.409,0.409,0.409,0.409,0.409,0.409,0.409,0.409,0.409,0.409,0.409,0.409,0.409,0.409,0.409,0.409,0.409,0.409,0.409,0.409
RGI60-19.02067,0.887,0.887,0.887,0.887,0.887,0.887,0.887,0.887,0.887,0.887,0.887,0.887,0.887,0.887,0.887,0.887,0.887,0.887,0.887,0.887,0.887,0.887,0.887,0.887,0.251,0.251,0.191,0.191,0.191,0.191,0.191,0.191,0.191,0.191,0.191,0.191,0.191,0.191,0.191,0.191,0.191,0.191,0.191,0.191,0.191,0.191,0.191,0.191,0.191,0.191
RGI60-19.02068,0.887,0.887,0.887,0.887,0.887,0.887,0.887,0.887,0.887,0.887,0.887,0.887,0.887,0.887,0.887,0.887,0.887,0.887,0.887,0.887,0.887,0.887,0.887,0.887,0.251,0.251,0.199,0.199,0.199,0.199,0.199,0.199,0.199,0.199,0.199,0.199,0.199,0.199,0.199,0.199,0.199,0.199,0.199,0.199,0.199,0.199,0.199,0.199,0.199,0.199
RGI60-19.02069,0.885,0.885,0.885,0.885,0.885,0.885,0.885,0.885,0.885,0.885,0.885,0.885,0.885,0.885,0.885,0.885,0.885,0.885,0.885,0.885,0.885,0.885,0.885,0.885,0.245,0.245,0.218,0.218,0.218,0.218,0.218,0.218,0.218,0.218,0.218,0.218,0.218,0.218,0.218,0.218,0.218,0.218,0.218,0.218,0.218,0.218,0.218,0.218,0.218,0.218
RGI60-19.02070,0.885,0.885,0.885,0.885,0.885,0.885,0.885,0.885,0.885,0.885,0.885,0.885,0.885,0.885,0.885,0.885,0.885,0.885,0.885,0.885,0.885,0.885,0.885,0.885,0.246,0.246,0.219,0.219,0.219,0.219,0.219,0.219,0.219,0.219,0.219,0.219,0.219,0.219,0.219,0.219,0.219,0.219,0.219,0.219,0.219,0.219,0.219,0.219,0.219,0.219
RGI60-19.02071,0.885,0.885,0.885,0.885,0.885,0.885,0.885,0.885,0.885,0.885,0.885,0.885,0.885,0.885,0.885,0.885,0.885,0.885,0.885,0.885,0.885,0.885,0.885,0.885,0.246,0.246,0.22,0.22,0.22,0.22,0.22,0.22,0.22,0.22,0.22,0.22,0.22,0.22,0.22,0.22,0.22,0.22,0.22,0.22,0.22,0.22,0.22,0.22,0.22,0.22
RGI60-19.02072,0.885,0.885,0.885,0.885,0.885,0.885,0.885,0.885,0.885,0.885,0.885,0.885,0.885,0.885,0.885,0.885,0.885,0.885,0.885,0.885,0.885,0.885,0.885,0.885,0.246,0.246,0.22,0.22,0.22,0.22,0.22,0.22,0.22,0.22,0.22,0.22,0.22,0.22,0.22,0.22,0.22,0.22,0.22,0.22,0.22,0.22,0.22,0.22,0.22,0.22
RGI60-19.02073,0.885,0.885,0.885,0.885,0.885,0.885,0.885,0.885,0.885,0.885,0.885,0.885,0.885,0.885,0.885,0.885,0.885,0.885,0.885,0.885,0.885,0.885,0.885,0.885,0.246,0.246,0.221,0.221,0.221,0.221,0.221,0.221,0.221,0.221,0.221,0.221,0.221,0.221,0.221,0.221,0.221,0.221,0.221,0.221,0.221,0.221,0.221,0.221,0.221,0.221
RGI60-19.02074,0.885,0.885,0.885,0.885,0.885,0.885,0.885,0.885,0.885,0.885,0.885,0.885,0.885,0.885,0.885,0.885,0.885,0.885,0.885,0.885,0.885,0.885,0.885,0.885,0.246,0.246,0.221,0.221,0.221,0.221,0.221,0.221,0.221,0.221,0.221,0.221,0.221,0.221,0.221,0.221,0.221,0.221,0.221,0.221,0.221,0.221,0.221,0.221,0.221,0.221
RGI60-19.02075,0.886,0.886,0.886,0.886,0.886,0.886,0.886,0.886,0.886,0.886,0.886,0.886,0.886,0.886,0.886,0.886,0.886,0.886,0.886,0.886,0.886,0.886,0.886,0.886,0.247,0.247,0.218,0.218,0.218,0.218,0.218,0.218,0.218,0.218,0.218,0.218,0.218,0.218,0.218,0.218,0.218,0.218,0.218,0.218,0.218,0.218,0.218,0.218,0.218,0.218
RGI60-19.02076,0.886,0.886,0.886,0.886,0.886,0.886,0.886,0.886,0.886,0.886,0.886,0.886,0.886,0.886,0.886,0.886,0.886,0.886,0.886,0.886,0.886,0.886,0.886,0.886,0.247,0.247,0.217,0.217,0.217,0.217,0.217,0.217,0.217,0.217,0.217,0.217,0.217,0.217,0.217,0.217,0.217,0.217,0.217,0.217,0.217,0.217,0.217,0.217,0.217,0.217
RGI60-19.02077,0.886,0.886,0.886,0.886,0.886,0.886,0.886,0.886,0.886,0.886,0.886,0.886,0.886,0.886,0.886,0.886,0.886,0.886,0.886,0.886,0.886,0.886,0.886,0.886,0.247,0.247,0.216,0.216,0.216,0.216,0.216,0.216,0.216,0.216,0.216,0.216,0.216,0.216,0.216,0.216,0.216,0.216,0.216,0.216,0.216,0.216,0.216,0.216,0.216,0.216
RGI60-19.02078,0.886,0.886,0.886,0.886,0.886,0.886,0.886,0.886,0.886,0.886,0.886,0.886,0.886,0.886,0.886,0.886,0.886,0.886,0.886,0.886,0.886,0.886,0.886,0.886,0.247,0.247,0.211,0.211,0.211,0.211,0.211,0.211,0.211,0.211,0.211,0.211,0.211,0.211,0.211,0.211,0.211,0.211,0.211,0.211,0.211,0.211,0.211,0.211,0.211,0.211
RGI60-19.02079,0.886,0.886,0.886,0.886,0.886,0.886,0.886,0.886,0.886,0.886,0.886,0.886,0.886,0.886,0.886,0.886,0.886,0.886,0.886,0.886,0.886,0.886,0.886,0.886,0.247,0.247,0.206,0.206,0.206,0.206,0.206,0.206,0.206,0.206,0.206,0.206,0.206,0.206,0.206,0.206,0.206,0.206,0.206,0.206,0.206,0.206,0.206,0.206,0.206,0.206
RGI60-19.02080,0.886,0.886,0.886,0.886,0.886,0.886,0.886,0.886,0.886,0.886,0.886,0.886,0.886,0.886,0.886,0.886,0.886,0.886,0.886,0.886,0.886,0.886,0.886,0.886,0.247,0.247,0.204,0.204,0.204,0.204,0.204,0.204,0.204,0.204,0.204,0.204,0.204,0.204,0.204,0.204,0.204,0.204,0.204,0.204,0.204,0.204,0.204,0.204,0.204,0.204
RGI60-19.02081,0.886,0.886,0.886,0.886,0.886,0.886,0.886,0.886,0.886,0.886,0.886,0.886,0.886,0.886,0.886,0.886,0.886,0.886,0.886,0.886,0.886,0.886,0.886,0.886,0.247,0.247,0.203,0.203,0.203,0.203,0.203,0.203,0.203,0.203,0.203,0.203,0.203,0.203,0.203,0.203,0.203,0.203,0.203,0.203,0.203,0.203,0.203,0.203,0.203,0.203
RGI60-19.02082,0.886,0.886,0.886,0.886,0.886,0.886,0.886,0.886,0.886,0.886,0.886,0.886,0.886,0.886,0.886,0.886,0.886,0.886,0.886,0.886,0.886,0.886,0.886,0.886,0.247,0.247,0.202,0.202,0.202,0.202,0.202,0.202,0.202,0.202,0.202,0.202,0.202,0.202,0.202,0.202,0.202,0.202,0.202,0.202,0.202,0.202,0.202,0.202,0.202,0.202
RGI60-19.02083,0.886,0.886,0.886,0.886,0.886,0.886,0.886,0.886,0.886,0.886,0.886,0.886,0.886,0.886,0.886,0.886,0.886,0.886,0.886,0.886,0.886,0.886,0.886,0.886,0.247,0.247,0.199,0.199,0.199,0.199,0.199,0.199,0.199,0.199,0.199,0.199,0.199,0.199,0.199,0.199,0.199,0.199,0.199,0.199,0.199,0.199,0.199,0.199,0.199,0.199
RGI60-19.02084,0.885,0.885,0.885,0.885,0.885,0.885,0.885,0.885,0.885,0.885,0.885,0.885,0.885,0.885,0.885,0.885,0.885,0.885,0.885,0.885,0.885,0.885,0.885,0.885,0.246,0.246,0.204,0.204,0.204,0.204,0.204,0.204,0.204,0.204,0.204,0.204,0.204,0.204,0.204,0.204,0.204,0.204,0.204,0.204,0.204,0.204,0.204,0.204,0.204,0.204
RGI60-19.02085,0.885,0.885,0.885,0.885,0.885,0.885,0.885,0.885,0.885,0.885,0.885,0.885,0.885,0.885,0.885,0.885,0.885,0.885,0.885,0.885,0.885,0.885,0.885,0.885,0.245,0.245,0.213,0.213,0.213,0.213,0.213,0.213,0.213,0.213,0.213,0.213,0.213,0.213,0.213,0.213,0.213,0.213,0.213,0.213,0.213,0.213,0.213,0.213,0.213,0.213
RGI60-19.02086,0.885,0.885,0.885,0.885,0.885,0.885,0.885,0.885,0.885,0.885,0.885,0.885,0.885,0.885,0.885,0.885,0.885,0.885,0.885,0.885,0.885,0.885,0.885,0.885,0.246,0.246,0.21,0.21,0.21,0.21,0.21,0.21,0.21,0.21,0.21,0.21,0.21,0.21,0.21,0.21,0.21,0.21,0.21,0.21,0.21,0.21,0.21,0.21,0.21,0.21
RGI60-19.02087,0.885,0.885,0.885,0.885,0.885,0.885,0.885,0.885,0.885,0.885,0.885,0.885,0.885,0.885,0.885,0.885,0.885,0.885,0.885,0.885,0.885,0.885,0.885,0.885,0.246,0.246,0.206,0.206,0.206,0.206,0.206,0.206,0.206,0.206,0.206,0.206,0.206,0.206,0.206,0.206,0.206,0.206,0.206,0.206,0.206,0.206,0.206,0.206,0.206,0.206
RGI60-19.02088,0.885,0.885,0.885,0.885,0.885,0.885,0.885,0.885,0.885,0.885,0.885,0.885,0.885,0.885,0.885,0.885,0.885,0.885,0.885,0.885,0.885,0.885,0.885,0.885,0.246,0.246,0.205,0.205,0.205,0.205,0.205,0.205,0.205,0.205,0.205,0.205,0.205,0.205,0.205,0.205,0.205,0.205,0.205,0.205,0.205,0.205,0.205,0.205,0.205,0.205
RGI60-19.02089,0.886,0.886,0.886,0.886,0.886,0.886,0.886,0.886,0.886,0.886,0.886,0.886,0.886,0.886,0.886,0.886,0.886,0.886,0.886,0.886,0.886,0.886,0.886,0.886,0.247,0.247,0.202,0.202,0.202,0.202,0.202,0.202,0.202,0.202,0.202,0.202,0.202,0.202,0.202,0.202,0.202,0.202,0.202,0.202,0.202,0.202,0.202,0.202,0.202,0.202
RGI60-19.02090,0.886,0.886,0.886,0.886,0.886,0.886,0.886,0.886,0.886,0.886,0.886,0.886,0.886,0.886,0.886,0.886,0.886,0.886,0.886,0.886,0.886,0.886,0.886,0.886,0.247,0.247,0.207,0.207,0.207,0.207,0.207,0.207,0.207,0.207,0.207,0.207,0.207,0.207,0.207,0.207,0.207,0.207,0.207,0.207,0.207,0.207,0.207,0.207,0.207,0.207
RGI60-19.02091,0.886,0.886,0.886,0.886,0.886,0.886,0.886,0.886,0.886,0.886,0.886,0.886,0.886,0.886,0.886,0.886,0.886,0.886,0.886,0.886,0.886,0.886,0.886,0.886,0.247,0.247,0.211,0.211,0.211,0.211,0.211,0.211,0.211,0.211,0.211,0.211,0.211,0.211,0.211,0.211,0.211,0.211,0.211,0.211,0.211,0.211,0.211,0.211,0.211,0.211
RGI60-19.02092,0.886,0.886,0.886,0.886,0.886,0.886,0.886,0.886,0.886,0.886,0.886,0.886,0.886,0.886,0.886,0.886,0.886,0.886,0.886,0.886,0.886,0.886,0.886,0.886,0.247,0.247,0.212,0.212,0.212,0.212,0.212,0.212,0.212,0.212,0.212,0.212,0.212,0.212,0.212,0.212,0.212,0.212,0.212,0.212,0.212,0.212,0.212,0.212,0.212,0.212
RGI60-19.02093,0.886,0.886,0.886,0.886,0.886,0.886,0.886,0.886,0.886,0.886,0.886,0.886,0.886,0.886,0.886,0.886,0.886,0.886,0.886,0.886,0.886,0.886,0.886,0.886,0.247,0.247,0.214,0.214,0.214,0.214,0.214,0.214,0.214,0.214,0.214,0.214,0.214,0.214,0.214,0.214,0.214,0.214,0.214,0.214,0.214,0.214,0.214,0.214,0.214,0.214
RGI60-19.02094,0.886,0.886,0.886,0.886,0.886,0.886,0.886,0.886,0.886,0.886,0.886,0.886,0.886,0.886,0.886,0.886,0.886,0.886,0.886,0.886,0.886,0.886,0.886,0.886,0.247,0.247,0.216,0.216,0.216,0.216,0.216,0.216,0.216,0.216,0.216,0.216,0.216,0.216,0.216,0.216,0.216,0.216,0.216,0.216,0.216,0.216,0.216,0.216,0.216,0.216
RGI60-19.02095,0.886,0.886,0.886,0.886,0.886,0.886,0.886,0.886,0.886,0.886,0.886,0.886,0.886,0.886,0.886,0.886,0.886,0.886,0.886,0.886,0.886,0.886,0.886,0.886,0.247,0.247,0.217,0.217,0.217,0.217,0.217,0.217,0.217,0.217,0.217,0.217,0.217,0.217,0.217,0.217,0.217,0.217,0.217,0.217,0.217,0.217,0.217,0.217,0.217,0.217
RGI60-19.02096,0.945,0.945,0.945,0.945,0.945,0.945,0.945,0.945,0.945,0.945,0.945,0.945,0.945,0.945,0.945,0.945,0.945,0.945,0.945,0.945,0.945,0.945,0.945,0.945,0.315,0.315,0.409,0.409,0.409,0.409,0.409,0.409,0.409,0.409,0.409,0.409,0.409,0.409,0.409,0.409,0.409,0.409,0.409,0.409,0.409,0.409,0.409,0.409,0.409,0.409
RGI60-19.02097,0.885,0.885,0.885,0.885,0.885,0.885,0.885,0.885,0.885,0.885,0.885,0.885,0.885,0.885,0.885,0.885,0.885,0.885,0.885,0.885,0.885,0.885,0.885,0.885,0.246,0.246,0.22,0.22,0.22,0.22,0.22,0.22,0.22,0.22,0.22,0.22,0.22,0.22,0.22,0.22,0.22,0.22,0.22,0.22,0.22,0.22,0.22,0.22,0.22,0.22
RGI60-19.02098,0.885,0.885,0.885,0.885,0.885,0.885,0.885,0.885,0.885,0.885,0.885,0.885,0.885,0.885,0.885,0.885,0.885,0.885,0.885,0.885,0.885,0.885,0.885,0.885,0.246,0.246,0.219,0.219,0.219,0.219,0.219,0.219,0.219,0.219,0.219,0.219,0.219,0.219,0.219,0.219,0.219,0.219,0.219,0.219,0.219,0.219,0.219,0.219,0.219,0.219
RGI60-19.02099,0.885,0.885,0.885,0.885,0.885,0.885,0.885,0.885,0.885,0.885,0.885,0.885,0.885,0.885,0.885,0.885,0.885,0.885,0.885,0.885,0.885,0.885,0.885,0.885,0.246,0.246,0.219,0.219,0.219,0.219,0.219,0.219,0.219,0.219,0.219,0.219,0.219,0.219,0.219,0.219,0.219,0.219,0.219,0.219,0.219,0.219,0.219,0.219,0.219,0.219
RGI60-19.02100,0.885,0.885,0.885,0.885,0.885,0.885,0.885,0.885,0.885,0.885,0.885,0.885,0.885,0.885,0.885,0.885,0.885,0.885,0.885,0.885,0.885,0.885,0.885,0.885,0.246,0.246,0.219,0.219,0.219,0.219,0.219,0.219,0.219,0.219,0.219,0.219,0.219,0.219,0.219,0.219,0.219,0.219,0.219,0.219,0.219,0.219,0.219,0.219,0.219,0.219
RGI60-19.02101,0.885,0.885,0.885,0.885,0.885,0.885,0.885,0.885,0.885,0.885,0.885,0.885,0.885,0.885,0.885,0.885,0.885,0.885,0.885,0.885,0.885,0.885,0.885,0.885,0.246,0.246,0.219,0.219,0.219,0.219,0.219,0.219,0.219,0.219,0.219,0.219,0.219,0.219,0.219,0.219,0.219,0.219,0.219,0.219,0.219,0.219,0.219,0.219,0.219,0.219
RGI60-19.02102,0.945,0.945,0.945,0.945,0.945,0.945,0.945,0.945,0.945,0.945,0.945,0.945,0.945,0.945,0.945,0.945,0.945,0.945,0.945,0.945,0.945,0.945,0.945,0.945,0.315,0.315,0.409,0.409,0.409,0.409,0.409,0.409,0.409,0.409,0.409,0.409,0.409,0.409,0.409,0.409,0.409,0.409,0.409,0.409,0.409,0.409,0.409,0.409,0.409,0.409
RGI60-19.02103,0.945,0.945,0.945,0.945,0.945,0.945,0.945,0.945,0.945,0.945,0.945,0.945,0.945,0.945,0.945,0.945,0.945,0.945,0.945,0.945,0.945,0.945,0.945,0.945,0.315,0.315,0.409,0.409,0.409,0.409,0.409,0.409,0.409,0.409,0.409,0.409,0.409,0.409,0.409,0.409,0.409,0.409,0.409,0.409,0.409,0.409,0.409,0.409,0.409,0.409
RGI60-19.02104,0.887,0.887,0.887,0.887,0.887,0.887,0.887,0.887,0.887,0.887,0.887,0.887,0.887,0.887,0.887,0.887,0.887,0.887,0.887,0.887,0.887,0.887,0.887,0.887,0.253,0.253,0.241,0.241,0.241,0.241,0.241,0.241,0.241,0.241,0.241,0.241,0.241,0.241,0.241,0.241,0.241,0.241,0.241,0.241,0.241,0.241,0.241,0.241,0.241,0.241
RGI60-19.02105,0.887,0.887,0.887,0.887,0.887,0.887,0.887,0.887,0.887,0.887,0.887,0.887,0.887,0.887,0.887,0.887,0.887,0.887,0.887,0.887,0.887,0.887,0.887,0.887,0.253,0.253,0.248,0.248,0.248,0.248,0.248,0.248,0.248,0.248,0.248,0.248,0.248,0.248,0.248,0.248,0.248,0.248,0.248,0.248,0.248,0.248,0.248,0.248,0.248,0.248
RGI60-19.02106,0.945,0.945,0.945,0.945,0.945,0.945,0.945,0.945,0.945,0.945,0.945,0.945,0.945,0.945,0.945,0.945,0.945,0.945,0.945,0.945,0.945,0.945,0.945,0.945,0.315,0.315,0.409,0.409,0.409,0.409,0.409,0.409,0.409,0.409,0.409,0.409,0.409,0.409,0.409,0.409,0.409,0.409,0.409,0.409,0.409,0.409,0.409,0.409,0.409,0.409
RGI60-19.02107,0.945,0.945,0.945,0.945,0.945,0.945,0.945,0.945,0.945,0.945,0.945,0.945,0.945,0.945,0.945,0.945,0.945,0.945,0.945,0.945,0.945,0.945,0.945,0.945,0.315,0.315,0.409,0.409,0.409,0.409,0.409,0.409,0.409,0.409,0.409,0.409,0.409,0.409,0.409,0.409,0.409,0.409,0.409,0.409,0.409,0.409,0.409,0.409,0.409,0.409
RGI60-19.02108,0.945,0.945,0.945,0.945,0.945,0.945,0.945,0.945,0.945,0.945,0.945,0.945,0.945,0.945,0.945,0.945,0.945,0.945,0.945,0.945,0.945,0.945,0.945,0.945,0.315,0.315,0.409,0.409,0.409,0.409,0.409,0.409,0.409,0.409,0.409,0.409,0.409,0.409,0.409,0.409,0.409,0.409,0.409,0.409,0.409,0.409,0.409,0.409,0.409,0.409
RGI60-19.02109,0.945,0.945,0.945,0.945,0.945,0.945,0.945,0.945,0.945,0.945,0.945,0.945,0.945,0.945,0.945,0.945,0.945,0.945,0.945,0.945,0.945,0.945,0.945,0.945,0.315,0.315,0.409,0.409,0.409,0.409,0.409,0.409,0.409,0.409,0.409,0.409,0.409,0.409,0.409,0.409,0.409,0.409,0.409,0.409,0.409,0.409,0.409,0.409,0.409,0.409
RGI60-19.02110,0.945,0.945,0.945,0.945,0.945,0.945,0.945,0.945,0.945,0.945,0.945,0.945,0.945,0.945,0.945,0.945,0.945,0.945,0.945,0.945,0.945,0.945,0.945,0.945,0.315,0.315,0.409,0.409,0.409,0.409,0.409,0.409,0.409,0.409,0.409,0.409,0.409,0.409,0.409,0.409,0.409,0.409,0.409,0.409,0.409,0.409,0.409,0.409,0.409,0.409
RGI60-19.02111,0.945,0.945,0.945,0.945,0.945,0.945,0.945,0.945,0.945,0.945,0.945,0.945,0.945,0.945,0.945,0.945,0.945,0.945,0.945,0.945,0.945,0.945,0.945,0.945,0.315,0.315,0.409,0.409,0.409,0.409,0.409,0.409,0.409,0.409,0.409,0.409,0.409,0.409,0.409,0.409,0.409,0.409,0.409,0.409,0.409,0.409,0.409,0.409,0.409,0.409
RGI60-19.02112,0.945,0.945,0.945,0.945,0.945,0.945,0.945,0.945,0.945,0.945,0.945,0.945,0.945,0.945,0.945,0.945,0.945,0.945,0.945,0.945,0.945,0.945,0.945,0.945,0.315,0.315,0.409,0.409,0.409,0.409,0.409,0.409,0.409,0.409,0.409,0.409,0.409,0.409,0.409,0.409,0.409,0.409,0.409,0.409,0.409,0.409,0.409,0.409,0.409,0.409
RGI60-19.02113,0.945,0.945,0.945,0.945,0.945,0.945,0.945,0.945,0.945,0.945,0.945,0.945,0.945,0.945,0.945,0.945,0.945,0.945,0.945,0.945,0.945,0.945,0.945,0.945,0.315,0.315,0.409,0.409,0.409,0.409,0.409,0.409,0.409,0.409,0.409,0.409,0.409,0.409,0.409,0.409,0.409,0.409,0.409,0.409,0.409,0.409,0.409,0.409,0.409,0.409
RGI60-19.02114,0.945,0.945,0.945,0.945,0.945,0.945,0.945,0.945,0.945,0.945,0.945,0.945,0.945,0.945,0.945,0.945,0.945,0.945,0.945,0.945,0.945,0.945,0.945,0.945,0.315,0.315,0.409,0.409,0.409,0.409,0.409,0.409,0.409,0.409,0.409,0.409,0.409,0.409,0.409,0.409,0.409,0.409,0.409,0.409,0.409,0.409,0.409,0.409,0.409,0.409
RGI60-19.02115,0.945,0.945,0.945,0.945,0.945,0.945,0.945,0.945,0.945,0.945,0.945,0.945,0.945,0.945,0.945,0.945,0.945,0.945,0.945,0.945,0.945,0.945,0.945,0.945,0.315,0.315,0.409,0.409,0.409,0.409,0.409,0.409,0.409,0.409,0.409,0.409,0.409,0.409,0.409,0.409,0.409,0.409,0.409,0.409,0.409,0.409,0.409,0.409,0.409,0.409
RGI60-19.02116,0.945,0.945,0.945,0.945,0.945,0.945,0.945,0.945,0.945,0.945,0.945,0.945,0.945,0.945,0.945,0.945,0.945,0.945,0.945,0.945,0.945,0.945,0.945,0.945,0.315,0.315,0.409,0.409,0.409,0.409,0.409,0.409,0.409,0.409,0.409,0.409,0.409,0.409,0.409,0.409,0.409,0.409,0.409,0.409,0.409,0.409,0.409,0.409,0.409,0.409
RGI60-19.02117,0.945,0.945,0.945,0.945,0.945,0.945,0.945,0.945,0.945,0.945,0.945,0.945,0.945,0.945,0.945,0.945,0.945,0.945,0.945,0.945,0.945,0.945,0.945,0.945,0.315,0.315,0.409,0.409,0.409,0.409,0.409,0.409,0.409,0.409,0.409,0.409,0.409,0.409,0.409,0.409,0.409,0.409,0.409,0.409,0.409,0.409,0.409,0.409,0.409,0.409
RGI60-19.02118,0.945,0.945,0.945,0.945,0.945,0.945,0.945,0.945,0.945,0.945,0.945,0.945,0.945,0.945,0.945,0.945,0.945,0.945,0.945,0.945,0.945,0.945,0.945,0.945,0.315,0.315,0.409,0.409,0.409,0.409,0.409,0.409,0.409,0.409,0.409,0.409,0.409,0.409,0.409,0.409,0.409,0.409,0.409,0.409,0.409,0.409,0.409,0.409,0.409,0.409
RGI60-19.02119,0.945,0.945,0.945,0.945,0.945,0.945,0.945,0.945,0.945,0.945,0.945,0.945,0.945,0.945,0.945,0.945,0.945,0.945,0.945,0.945,0.945,0.945,0.945,0.945,0.315,0.315,0.409,0.409,0.409,0.409,0.409,0.409,0.409,0.409,0.409,0.409,0.409,0.409,0.409,0.409,0.409,0.409,0.409,0.409,0.409,0.409,0.409,0.409,0.409,0.409
RGI60-19.02120,0.945,0.945,0.945,0.945,0.945,0.945,0.945,0.945,0.945,0.945,0.945,0.945,0.945,0.945,0.945,0.945,0.945,0.945,0.945,0.945,0.945,0.945,0.945,0.945,0.315,0.315,0.409,0.409,0.409,0.409,0.409,0.409,0.409,0.409,0.409,0.409,0.409,0.409,0.409,0.409,0.409,0.409,0.409,0.409,0.409,0.409,0.409,0.409,0.409,0.409
RGI60-19.02121,0.945,0.945,0.945,0.945,0.945,0.945,0.945,0.945,0.945,0.945,0.945,0.945,0.945,0.945,0.945,0.945,0.945,0.945,0.945,0.945,0.945,0.945,0.945,0.945,0.315,0.315,0.409,0.409,0.409,0.409,0.409,0.409,0.409,0.409,0.409,0.409,0.409,0.409,0.409,0.409,0.409,0.409,0.409,0.409,0.409,0.409,0.409,0.409,0.409,0.409
RGI60-19.02122,0.945,0.945,0.945,0.945,0.945,0.945,0.945,0.945,0.945,0.945,0.945,0.945,0.945,0.945,0.945,0.945,0.945,0.945,0.945,0.945,0.945,0.945,0.945,0.945,0.315,0.315,0.409,0.409,0.409,0.409,0.409,0.409,0.409,0.409,0.409,0.409,0.409,0.409,0.409,0.409,0.409,0.409,0.409,0.409,0.409,0.409,0.409,0.409,0.409,0.409
RGI60-19.02123,0.945,0.945,0.945,0.945,0.945,0.945,0.945,0.945,0.945,0.945,0.945,0.945,0.945,0.945,0.945,0.945,0.945,0.945,0.945,0.945,0.945,0.945,0.945,0.945,0.315,0.315,0.409,0.409,0.409,0.409,0.409,0.409,0.409,0.409,0.409,0.409,0.409,0.409,0.409,0.409,0.409,0.409,0.409,0.409,0.409,0.409,0.409,0.409,0.409,0.409
RGI60-19.02124,0.945,0.945,0.945,0.945,0.945,0.945,0.945,0.945,0.945,0.945,0.945,0.945,0.945,0.945,0.945,0.945,0.945,0.945,0.945,0.945,0.945,0.945,0.945,0.945,0.315,0.315,0.409,0.409,0.409,0.409,0.409,0.409,0.409,0.409,0.409,0.409,0.409,0.409,0.409,0.409,0.409,0.409,0.409,0.409,0.409,0.409,0.409,0.409,0.409,0.409
RGI60-19.02125,0.945,0.945,0.945,0.945,0.945,0.945,0.945,0.945,0.945,0.945,0.945,0.945,0.945,0.945,0.945,0.945,0.945,0.945,0.945,0.945,0.945,0.945,0.945,0.945,0.315,0.315,0.409,0.409,0.409,0.409,0.409,0.409,0.409,0.409,0.409,0.409,0.409,0.409,0.409,0.409,0.409,0.409,0.409,0.409,0.409,0.409,0.409,0.409,0.409,0.409
RGI60-19.02126,0.945,0.945,0.945,0.945,0.945,0.945,0.945,0.945,0.945,0.945,0.945,0.945,0.945,0.945,0.945,0.945,0.945,0.945,0.945,0.945,0.945,0.945,0.945,0.945,0.315,0.315,0.409,0.409,0.409,0.409,0.409,0.409,0.409,0.409,0.409,0.409,0.409,0.409,0.409,0.409,0.409,0.409,0.409,0.409,0.409,0.409,0.409,0.409,0.409,0.409
RGI60-19.02127,0.945,0.945,0.945,0.945,0.945,0.945,0.945,0.945,0.945,0.945,0.945,0.945,0.945,0.945,0.945,0.945,0.945,0.945,0.945,0.945,0.945,0.945,0.945,0.945,0.315,0.315,0.409,0.409,0.409,0.409,0.409,0.409,0.409,0.409,0.409,0.409,0.409,0.409,0.409,0.409,0.409,0.409,0.409,0.409,0.409,0.409,0.409,0.409,0.409,0.409
RGI60-19.02128,0.945,0.945,0.945,0.945,0.945,0.945,0.945,0.945,0.945,0.945,0.945,0.945,0.945,0.945,0.945,0.945,0.945,0.945,0.945,0.945,0.945,0.945,0.945,0.945,0.315,0.315,0.409,0.409,0.409,0.409,0.409,0.409,0.409,0.409,0.409,0.409,0.409,0.409,0.409,0.409,0.409,0.409,0.409,0.409,0.409,0.409,0.409,0.409,0.409,0.409
RGI60-19.02129,0.945,0.945,0.945,0.945,0.945,0.945,0.945,0.945,0.945,0.945,0.945,0.945,0.945,0.945,0.945,0.945,0.945,0.945,0.945,0.945,0.945,0.945,0.945,0.945,0.315,0.315,0.409,0.409,0.409,0.409,0.409,0.409,0.409,0.409,0.409,0.409,0.409,0.409,0.409,0.409,0.409,0.409,0.409,0.409,0.409,0.409,0.409,0.409,0.409,0.409
RGI60-19.02130,0.945,0.945,0.945,0.945,0.945,0.945,0.945,0.945,0.945,0.945,0.945,0.945,0.945,0.945,0.945,0.945,0.945,0.945,0.945,0.945,0.945,0.945,0.945,0.945,0.315,0.315,0.409,0.409,0.409,0.409,0.409,0.409,0.409,0.409,0.409,0.409,0.409,0.409,0.409,0.409,0.409,0.409,0.409,0.409,0.409,0.409,0.409,0.409,0.409,0.409
RGI60-19.02131,0.945,0.945,0.945,0.945,0.945,0.945,0.945,0.945,0.945,0.945,0.945,0.945,0.945,0.945,0.945,0.945,0.945,0.945,0.945,0.945,0.945,0.945,0.945,0.945,0.315,0.315,0.409,0.409,0.409,0.409,0.409,0.409,0.409,0.409,0.409,0.409,0.409,0.409,0.409,0.409,0.409,0.409,0.409,0.409,0.409,0.409,0.409,0.409,0.409,0.409
RGI60-19.02132,0.945,0.945,0.945,0.945,0.945,0.945,0.945,0.945,0.945,0.945,0.945,0.945,0.945,0.945,0.945,0.945,0.945,0.945,0.945,0.945,0.945,0.945,0.945,0.945,0.315,0.315,0.409,0.409,0.409,0.409,0.409,0.409,0.409,0.409,0.409,0.409,0.409,0.409,0.409,0.409,0.409,0.409,0.409,0.409,0.409,0.409,0.409,0.409,0.409,0.409
RGI60-19.02133,0.977,0.977,0.977,0.977,0.977,0.977,0.977,0.977,0.977,0.977,0.977,0.977,0.977,0.977,0.977,0.977,0.977,0.977,0.977,0.977,0.977,0.977,0.977,0.977,0.362,0.362,0.48,0.48,0.48,0.48,0.48,0.48,0.48,0.48,0.48,0.48,0.48,0.48,0.48,0.48,0.48,0.48,0.48,0.48,0.48,0.48,0.48,0.48,0.48,0.48
RGI60-19.02134,0.945,0.945,0.945,0.945,0.945,0.945,0.945,0.945,0.945,0.945,0.945,0.945,0.945,0.945,0.945,0.945,0.945,0.945,0.945,0.945,0.945,0.945,0.945,0.945,0.315,0.315,0.409,0.409,0.409,0.409,0.409,0.409,0.409,0.409,0.409,0.409,0.409,0.409,0.409,0.409,0.409,0.409,0.409,0.409,0.409,0.409,0.409,0.409,0.409,0.409
RGI60-19.02135,0.945,0.945,0.945,0.945,0.945,0.945,0.945,0.945,0.945,0.945,0.945,0.945,0.945,0.945,0.945,0.945,0.945,0.945,0.945,0.945,0.945,0.945,0.945,0.945,0.315,0.315,0.409,0.409,0.409,0.409,0.409,0.409,0.409,0.409,0.409,0.409,0.409,0.409,0.409,0.409,0.409,0.409,0.409,0.409,0.409,0.409,0.409,0.409,0.409,0.409
RGI60-19.02136,0.945,0.945,0.945,0.945,0.945,0.945,0.945,0.945,0.945,0.945,0.945,0.945,0.945,0.945,0.945,0.945,0.945,0.945,0.945,0.945,0.945,0.945,0.945,0.945,0.315,0.315,0.409,0.409,0.409,0.409,0.409,0.409,0.409,0.409,0.409,0.409,0.409,0.409,0.409,0.409,0.409,0.409,0.409,0.409,0.409,0.409,0.409,0.409,0.409,0.409
RGI60-19.02137,0.945,0.945,0.945,0.945,0.945,0.945,0.945,0.945,0.945,0.945,0.945,0.945,0.945,0.945,0.945,0.945,0.945,0.945,0.945,0.945,0.945,0.945,0.945,0.945,0.315,0.315,0.409,0.409,0.409,0.409,0.409,0.409,0.409,0.409,0.409,0.409,0.409,0.409,0.409,0.409,0.409,0.409,0.409,0.409,0.409,0.409,0.409,0.409,0.409,0.409
RGI60-19.02138,0.945,0.945,0.945,0.945,0.945,0.945,0.945,0.945,0.945,0.945,0.945,0.945,0.945,0.945,0.945,0.945,0.945,0.945,0.945,0.945,0.945,0.945,0.945,0.945,0.315,0.315,0.409,0.409,0.409,0.409,0.409,0.409,0.409,0.409,0.409,0.409,0.409,0.409,0.409,0.409,0.409,0.409,0.409,0.409,0.409,0.409,0.409,0.409,0.409,0.409
RGI60-19.02139,0.945,0.945,0.945,0.945,0.945,0.945,0.945,0.945,0.945,0.945,0.945,0.945,0.945,0.945,0.945,0.945,0.945,0.945,0.945,0.945,0.945,0.945,0.945,0.945,0.315,0.315,0.409,0.409,0.409,0.409,0.409,0.409,0.409,0.409,0.409,0.409,0.409,0.409,0.409,0.409,0.409,0.409,0.409,0.409,0.409,0.409,0.409,0.409,0.409,0.409
RGI60-19.02140,0.945,0.945,0.945,0.945,0.945,0.945,0.945,0.945,0.945,0.945,0.945,0.945,0.945,0.945,0.945,0.945,0.945,0.945,0.945,0.945,0.945,0.945,0.945,0.945,0.315,0.315,0.409,0.409,0.409,0.409,0.409,0.409,0.409,0.409,0.409,0.409,0.409,0.409,0.409,0.409,0.409,0.409,0.409,0.409,0.409,0.409,0.409,0.409,0.409,0.409
RGI60-19.02141,0.945,0.945,0.945,0.945,0.945,0.945,0.945,0.945,0.945,0.945,0.945,0.945,0.945,0.945,0.945,0.945,0.945,0.945,0.945,0.945,0.945,0.945,0.945,0.945,0.315,0.315,0.409,0.409,0.409,0.409,0.409,0.409,0.409,0.409,0.409,0.409,0.409,0.409,0.409,0.409,0.409,0.409,0.409,0.409,0.409,0.409,0.409,0.409,0.409,0.409
RGI60-19.02142,0.945,0.945,0.945,0.945,0.945,0.945,0.945,0.945,0.945,0.945,0.945,0.945,0.945,0.945,0.945,0.945,0.945,0.945,0.945,0.945,0.945,0.945,0.945,0.945,0.315,0.315,0.409,0.409,0.409,0.409,0.409,0.409,0.409,0.409,0.409,0.409,0.409,0.409,0.409,0.409,0.409,0.409,0.409,0.409,0.409,0.409,0.409,0.409,0.409,0.409
RGI60-19.02143,0.945,0.945,0.945,0.945,0.945,0.945,0.945,0.945,0.945,0.945,0.945,0.945,0.945,0.945,0.945,0.945,0.945,0.945,0.945,0.945,0.945,0.945,0.945,0.945,0.315,0.315,0.409,0.409,0.409,0.409,0.409,0.409,0.409,0.409,0.409,0.409,0.409,0.409,0.409,0.409,0.409,0.409,0.409,0.409,0.409,0.409,0.409,0.409,0.409,0.409
RGI60-19.02144,0.945,0.945,0.945,0.945,0.945,0.945,0.945,0.945,0.945,0.945,0.945,0.945,0.945,0.945,0.945,0.945,0.945,0.945,0.945,0.945,0.945,0.945,0.945,0.945,0.315,0.315,0.409,0.409,0.409,0.409,0.409,0.409,0.409,0.409,0.409,0.409,0.409,0.409,0.409,0.409,0.409,0.409,0.409,0.409,0.409,0.409,0.409,0.409,0.409,0.409
RGI60-19.02145,0.945,0.945,0.945,0.945,0.945,0.945,0.945,0.945,0.945,0.945,0.945,0.945,0.945,0.945,0.945,0.945,0.945,0.945,0.945,0.945,0.945,0.945,0.945,0.945,0.315,0.315,0.409,0.409,0.409,0.409,0.409,0.409,0.409,0.409,0.409,0.409,0.409,0.409,0.409,0.409,0.409,0.409,0.409,0.409,0.409,0.409,0.409,0.409,0.409,0.409
RGI60-19.02146,0.945,0.945,0.945,0.945,0.945,0.945,0.945,0.945,0.945,0.945,0.945,0.945,0.945,0.945,0.945,0.945,0.945,0.945,0.945,0.945,0.945,0.945,0.945,0.945,0.315,0.315,0.409,0.409,0.409,0.409,0.409,0.409,0.409,0.409,0.409,0.409,0.409,0.409,0.409,0.409,0.409,0.409,0.409,0.409,0.409,0.409,0.409,0.409,0.409,0.409
RGI60-19.02147,0.945,0.945,0.945,0.945,0.945,0.945,0.945,0.945,0.945,0.945,0.945,0.945,0.945,0.945,0.945,0.945,0.945,0.945,0.945,0.945,0.945,0.945,0.945,0.945,0.315,0.315,0.409,0.409,0.409,0.409,0.409,0.409,0.409,0.409,0.409,0.409,0.409,0.409,0.409,0.409,0.409,0.409,0.409,0.409,0.409,0.409,0.409,0.409,0.409,0.409
RGI60-19.02148,0.945,0.945,0.945,0.945,0.945,0.945,0.945,0.945,0.945,0.945,0.945,0.945,0.945,0.945,0.945,0.945,0.945,0.945,0.945,0.945,0.945,0.945,0.945,0.945,0.315,0.315,0.409,0.409,0.409,0.409,0.409,0.409,0.409,0.409,0.409,0.409,0.409,0.409,0.409,0.409,0.409,0.409,0.409,0.409,0.409,0.409,0.409,0.409,0.409,0.409
RGI60-19.02149,0.945,0.945,0.945,0.945,0.945,0.945,0.945,0.945,0.945,0.945,0.945,0.945,0.945,0.945,0.945,0.945,0.945,0.945,0.945,0.945,0.945,0.945,0.945,0.945,0.315,0.315,0.409,0.409,0.409,0.409,0.409,0.409,0.409,0.409,0.409,0.409,0.409,0.409,0.409,0.409,0.409,0.409,0.409,0.409,0.409,0.409,0.409,0.409,0.409,0.409
RGI60-19.02150,0.945,0.945,0.945,0.945,0.945,0.945,0.945,0.945,0.945,0.945,0.945,0.945,0.945,0.945,0.945,0.945,0.945,0.945,0.945,0.945,0.945,0.945,0.945,0.945,0.315,0.315,0.409,0.409,0.409,0.409,0.409,0.409,0.409,0.409,0.409,0.409,0.409,0.409,0.409,0.409,0.409,0.409,0.409,0.409,0.409,0.409,0.409,0.409,0.409,0.409
RGI60-19.02151,0.945,0.945,0.945,0.945,0.945,0.945,0.945,0.945,0.945,0.945,0.945,0.945,0.945,0.945,0.945,0.945,0.945,0.945,0.945,0.945,0.945,0.945,0.945,0.945,0.315,0.315,0.409,0.409,0.409,0.409,0.409,0.409,0.409,0.409,0.409,0.409,0.409,0.409,0.409,0.409,0.409,0.409,0.409,0.409,0.409,0.409,0.409,0.409,0.409,0.409
RGI60-19.02152,0.945,0.945,0.945,0.945,0.945,0.945,0.945,0.945,0.945,0.945,0.945,0.945,0.945,0.945,0.945,0.945,0.945,0.945,0.945,0.945,0.945,0.945,0.945,0.945,0.315,0.315,0.409,0.409,0.409,0.409,0.409,0.409,0.409,0.409,0.409,0.409,0.409,0.409,0.409,0.409,0.409,0.409,0.409,0.409,0.409,0.409,0.409,0.409,0.409,0.409
RGI60-19.02153,0.945,0.945,0.945,0.945,0.945,0.945,0.945,0.945,0.945,0.945,0.945,0.945,0.945,0.945,0.945,0.945,0.945,0.945,0.945,0.945,0.945,0.945,0.945,0.945,0.315,0.315,0.409,0.409,0.409,0.409,0.409,0.409,0.409,0.409,0.409,0.409,0.409,0.409,0.409,0.409,0.409,0.409,0.409,0.409,0.409,0.409,0.409,0.409,0.409,0.409
RGI60-19.02154,0.945,0.945,0.945,0.945,0.945,0.945,0.945,0.945,0.945,0.945,0.945,0.945,0.945,0.945,0.945,0.945,0.945,0.945,0.945,0.945,0.945,0.945,0.945,0.945,0.315,0.315,0.409,0.409,0.409,0.409,0.409,0.409,0.409,0.409,0.409,0.409,0.409,0.409,0.409,0.409,0.409,0.409,0.409,0.409,0.409,0.409,0.409,0.409,0.409,0.409
RGI60-19.02155,0.945,0.945,0.945,0.945,0.945,0.945,0.945,0.945,0.945,0.945,0.945,0.945,0.945,0.945,0.945,0.945,0.945,0.945,0.945,0.945,0.945,0.945,0.945,0.945,0.315,0.315,0.409,0.409,0.409,0.409,0.409,0.409,0.409,0.409,0.409,0.409,0.409,0.409,0.409,0.409,0.409,0.409,0.409,0.409,0.409,0.409,0.409,0.409,0.409,0.409
RGI60-19.02156,0.945,0.945,0.945,0.945,0.945,0.945,0.945,0.945,0.945,0.945,0.945,0.945,0.945,0.945,0.945,0.945,0.945,0.945,0.945,0.945,0.945,0.945,0.945,0.945,0.315,0.315,0.409,0.409,0.409,0.409,0.409,0.409,0.409,0.409,0.409,0.409,0.409,0.409,0.409,0.409,0.409,0.409,0.409,0.409,0.409,0.409,0.409,0.409,0.409,0.409
RGI60-19.02157,0.945,0.945,0.945,0.945,0.945,0.945,0.945,0.945,0.945,0.945,0.945,0.945,0.945,0.945,0.945,0.945,0.945,0.945,0.945,0.945,0.945,0.945,0.945,0.945,0.315,0.315,0.409,0.409,0.409,0.409,0.409,0.409,0.409,0.409,0.409,0.409,0.409,0.409,0.409,0.409,0.409,0.409,0.409,0.409,0.409,0.409,0.409,0.409,0.409,0.409
RGI60-19.02158,0.945,0.945,0.945,0.945,0.945,0.945,0.945,0.945,0.945,0.945,0.945,0.945,0.945,0.945,0.945,0.945,0.945,0.945,0.945,0.945,0.945,0.945,0.945,0.945,0.315,0.315,0.409,0.409,0.409,0.409,0.409,0.409,0.409,0.409,0.409,0.409,0.409,0.409,0.409,0.409,0.409,0.409,0.409,0.409,0.409,0.409,0.409,0.409,0.409,0.409
RGI60-19.02159,0.945,0.945,0.945,0.945,0.945,0.945,0.945,0.945,0.945,0.945,0.945,0.945,0.945,0.945,0.945,0.945,0.945,0.945,0.945,0.945,0.945,0.945,0.945,0.945,0.315,0.315,0.409,0.409,0.409,0.409,0.409,0.409,0.409,0.409,0.409,0.409,0.409,0.409,0.409,0.409,0.409,0.409,0.409,0.409,0.409,0.409,0.409,0.409,0.409,0.409
RGI60-19.02160,0.945,0.945,0.945,0.945,0.945,0.945,0.945,0.945,0.945,0.945,0.945,0.945,0.945,0.945,0.945,0.945,0.945,0.945,0.945,0.945,0.945,0.945,0.945,0.945,0.315,0.315,0.409,0.409,0.409,0.409,0.409,0.409,0.409,0.409,0.409,0.409,0.409,0.409,0.409,0.409,0.409,0.409,0.409,0.409,0.409,0.409,0.409,0.409,0.409,0.409
RGI60-19.02161,0.945,0.945,0.945,0.945,0.945,0.945,0.945,0.945,0.945,0.945,0.945,0.945,0.945,0.945,0.945,0.945,0.945,0.945,0.945,0.945,0.945,0.945,0.945,0.945,0.315,0.315,0.409,0.409,0.409,0.409,0.409,0.409,0.409,0.409,0.409,0.409,0.409,0.409,0.409,0.409,0.409,0.409,0.409,0.409,0.409,0.409,0.409,0.409,0.409,0.409
RGI60-19.02162,0.904,0.904,0.904,0.904,0.904,0.904,0.904,0.904,0.904,0.904,0.904,0.904,0.904,0.904,0.904,0.904,0.904,0.904,0.904,0.904,0.904,0.904,0.904,0.904,0.253,0.253,0.306,0.306,0.306,0.306,0.306,0.306,0.306,0.306,0.306,0.306,0.306,0.306,0.306,0.306,0.306,0.306,0.306,0.306,0.306,0.306,0.306,0.306,0.306,0.306
RGI60-19.02163,0.945,0.945,0.945,0.945,0.945,0.945,0.945,0.945,0.945,0.945,0.945,0.945,0.945,0.945,0.945,0.945,0.945,0.945,0.945,0.945,0.945,0.945,0.945,0.945,0.315,0.315,0.409,0.409,0.409,0.409,0.409,0.409,0.409,0.409,0.409,0.409,0.409,0.409,0.409,0.409,0.409,0.409,0.409,0.409,0.409,0.409,0.409,0.409,0.409,0.409
RGI60-19.02164,0.904,0.904,0.904,0.904,0.904,0.904,0.904,0.904,0.904,0.904,0.904,0.904,0.904,0.904,0.904,0.904,0.904,0.904,0.904,0.904,0.904,0.904,0.904,0.904,0.253,0.253,0.306,0.306,0.306,0.306,0.306,0.306,0.306,0.306,0.306,0.306,0.306,0.306,0.306,0.306,0.306,0.306,0.306,0.306,0.306,0.306,0.306,0.306,0.306,0.306
RGI60-19.02165,0.904,0.904,0.904,0.904,0.904,0.904,0.904,0.904,0.904,0.904,0.904,0.904,0.904,0.904,0.904,0.904,0.904,0.904,0.904,0.904,0.904,0.904,0.904,0.904,0.253,0.253,0.306,0.306,0.306,0.306,0.306,0.306,0.306,0.306,0.306,0.306,0.306,0.306,0.306,0.306,0.306,0.306,0.306,0.306,0.306,0.306,0.306,0.306,0.306,0.306
RGI60-19.02166,0.945,0.945,0.945,0.945,0.945,0.945,0.945,0.945,0.945,0.945,0.945,0.945,0.945,0.945,0.945,0.945,0.945,0.945,0.945,0.945,0.945,0.945,0.945,0.945,0.315,0.315,0.409,0.409,0.409,0.409,0.409,0.409,0.409,0.409,0.409,0.409,0.409,0.409,0.409,0.409,0.409,0.409,0.409,0.409,0.409,0.409,0.409,0.409,0.409,0.409
RGI60-19.02167,0.945,0.945,0.945,0.945,0.945,0.945,0.945,0.945,0.945,0.945,0.945,0.945,0.945,0.945,0.945,0.945,0.945,0.945,0.945,0.945,0.945,0.945,0.945,0.945,0.315,0.315,0.409,0.409,0.409,0.409,0.409,0.409,0.409,0.409,0.409,0.409,0.409,0.409,0.409,0.409,0.409,0.409,0.409,0.409,0.409,0.409,0.409,0.409,0.409,0.409
RGI60-19.02168,0.945,0.945,0.945,0.945,0.945,0.945,0.945,0.945,0.945,0.945,0.945,0.945,0.945,0.945,0.945,0.945,0.945,0.945,0.945,0.945,0.945,0.945,0.945,0.945,0.315,0.315,0.409,0.409,0.409,0.409,0.409,0.409,0.409,0.409,0.409,0.409,0.409,0.409,0.409,0.409,0.409,0.409,0.409,0.409,0.409,0.409,0.409,0.409,0.409,0.409
RGI60-19.02169,0.904,0.904,0.904,0.904,0.904,0.904,0.904,0.904,0.904,0.904,0.904,0.904,0.904,0.904,0.904,0.904,0.904,0.904,0.904,0.904,0.904,0.904,0.904,0.904,0.253,0.253,0.305,0.305,0.305,0.305,0.305,0.305,0.305,0.305,0.305,0.305,0.305,0.305,0.305,0.305,0.305,0.305,0.305,0.305,0.305,0.305,0.305,0.305,0.305,0.305
RGI60-19.02170,0.923,0.923,0.923,0.923,0.923,0.923,0.923,0.923,0.923,0.923,0.923,0.923,0.923,0.923,0.923,0.923,0.923,0.923,0.923,0.923,0.923,0.923,0.923,0.923,0.283,0.283,0.358,0.358,0.358,0.358,0.358,0.358,0.358,0.358,0.358,0.358,0.358,0.358,0.358,0.358,0.358,0.358,0.358,0.358,0.358,0.358,0.358,0.358,0.358,0.358
RGI60-19.02171,0.923,0.923,0.923,0.923,0.923,0.923,0.923,0.923,0.923,0.923,0.923,0.923,0.923,0.923,0.923,0.923,0.923,0.923,0.923,0.923,0.923,0.923,0.923,0.923,0.283,0.283,0.358,0.358,0.358,0.358,0.358,0.358,0.358,0.358,0.358,0.358,0.358,0.358,0.358,0.358,0.358,0.358,0.358,0.358,0.358,0.358,0.358,0.358,0.358,0.358
RGI60-19.02172,0.923,0.923,0.923,0.923,0.923,0.923,0.923,0.923,0.923,0.923,0.923,0.923,0.923,0.923,0.923,0.923,0.923,0.923,0.923,0.923,0.923,0.923,0.923,0.923,0.283,0.283,0.358,0.358,0.358,0.358,0.358,0.358,0.358,0.358,0.358,0.358,0.358,0.358,0.358,0.358,0.358,0.358,0.358,0.358,0.358,0.358,0.358,0.358,0.358,0.358
RGI60-19.02173,0.923,0.923,0.923,0.923,0.923,0.923,0.923,0.923,0.923,0.923,0.923,0.923,0.923,0.923,0.923,0.923,0.923,0.923,0.923,0.923,0.923,0.923,0.923,0.923,0.283,0.283,0.359,0.359,0.359,0.359,0.359,0.359,0.359,0.359,0.359,0.359,0.359,0.359,0.359,0.359,0.359,0.359,0.359,0.359,0.359,0.359,0.359,0.359,0.359,0.359
RGI60-19.02174,0.923,0.923,0.923,0.923,0.923,0.923,0.923,0.923,0.923,0.923,0.923,0.923,0.923,0.923,0.923,0.923,0.923,0.923,0.923,0.923,0.923,0.923,0.923,0.923,0.283,0.283,0.358,0.358,0.358,0.358,0.358,0.358,0.358,0.358,0.358,0.358,0.358,0.358,0.358,0.358,0.358,0.358,0.358,0.358,0.358,0.358,0.358,0.358,0.358,0.358
RGI60-19.02175,0.903,0.903,0.903,0.903,0.903,0.903,0.903,0.903,0.903,0.903,0.903,0.903,0.903,0.903,0.903,0.903,0.903,0.903,0.903,0.903,0.903,0.903,0.903,0.903,0.253,0.253,0.303,0.303,0.303,0.303,0.303,0.303,0.303,0.303,0.303,0.303,0.303,0.303,0.303,0.303,0.303,0.303,0.303,0.303,0.303,0.303,0.303,0.303,0.303,0.303
RGI60-19.02176,0.903,0.903,0.903,0.903,0.903,0.903,0.903,0.903,0.903,0.903,0.903,0.903,0.903,0.903,0.903,0.903,0.903,0.903,0.903,0.903,0.903,0.903,0.903,0.903,0.253,0.253,0.304,0.304,0.304,0.304,0.304,0.304,0.304,0.304,0.304,0.304,0.304,0.304,0.304,0.304,0.304,0.304,0.304,0.304,0.304,0.304,0.304,0.304,0.304,0.304
RGI60-19.02177,0.903,0.903,0.903,0.903,0.903,0.903,0.903,0.903,0.903,0.903,0.903,0.903,0.903,0.903,0.903,0.903,0.903,0.903,0.903,0.903,0.903,0.903,0.903,0.903,0.253,0.253,0.304,0.304,0.304,0.304,0.304,0.304,0.304,0.304,0.304,0.304,0.304,0.304,0.304,0.304,0.304,0.304,0.304,0.304,0.304,0.304,0.304,0.304,0.304,0.304
RGI60-19.02178,0.903,0.903,0.903,0.903,0.903,0.903,0.903,0.903,0.903,0.903,0.903,0.903,0.903,0.903,0.903,0.903,0.903,0.903,0.903,0.903,0.903,0.903,0.903,0.903,0.253,0.253,0.303,0.303,0.303,0.303,0.303,0.303,0.303,0.303,0.303,0.303,0.303,0.303,0.303,0.303,0.303,0.303,0.303,0.303,0.303,0.303,0.303,0.303,0.303,0.303
RGI60-19.02179,0.903,0.903,0.903,0.903,0.903,0.903,0.903,0.903,0.903,0.903,0.903,0.903,0.903,0.903,0.903,0.903,0.903,0.903,0.903,0.903,0.903,0.903,0.903,0.903,0.253,0.253,0.303,0.303,0.303,0.303,0.303,0.303,0.303,0.303,0.303,0.303,0.303,0.303,0.303,0.303,0.303,0.303,0.303,0.303,0.303,0.303,0.303,0.303,0.303,0.303
RGI60-19.02180,0.903,0.903,0.903,0.903,0.903,0.903,0.903,0.903,0.903,0.903,0.903,0.903,0.903,0.903,0.903,0.903,0.903,0.903,0.903,0.903,0.903,0.903,0.903,0.903,0.253,0.253,0.303,0.303,0.303,0.303,0.303,0.303,0.303,0.303,0.303,0.303,0.303,0.303,0.303,0.303,0.303,0.303,0.303,0.303,0.303,0.303,0.303,0.303,0.303,0.303
RGI60-19.02181,0.903,0.903,0.903,0.903,0.903,0.903,0.903,0.903,0.903,0.903,0.903,0.903,0.903,0.903,0.903,0.903,0.903,0.903,0.903,0.903,0.903,0.903,0.903,0.903,0.253,0.253,0.303,0.303,0.303,0.303,0.303,0.303,0.303,0.303,0.303,0.303,0.303,0.303,0.303,0.303,0.303,0.303,0.303,0.303,0.303,0.303,0.303,0.303,0.303,0.303
RGI60-19.02182,0.906,0.906,0.906,0.906,0.906,0.906,0.906,0.906,0.906,0.906,0.906,0.906,0.906,0.906,0.906,0.906,0.906,0.906,0.906,0.906,0.906,0.906,0.906,0.906,0.255,0.255,0.312,0.312,0.312,0.312,0.312,0.312,0.312,0.312,0.312,0.312,0.312,0.312,0.312,0.312,0.312,0.312,0.312,0.312,0.312,0.312,0.312,0.312,0.312,0.312
RGI60-19.02183,0.906,0.906,0.906,0.906,0.906,0.906,0.906,0.906,0.906,0.906,0.906,0.906,0.906,0.906,0.906,0.906,0.906,0.906,0.906,0.906,0.906,0.906,0.906,0.906,0.255,0.255,0.312,0.312,0.312,0.312,0.312,0.312,0.312,0.312,0.312,0.312,0.312,0.312,0.312,0.312,0.312,0.312,0.312,0.312,0.312,0.312,0.312,0.312,0.312,0.312
RGI60-19.02184,0.906,0.906,0.906,0.906,0.906,0.906,0.906,0.906,0.906,0.906,0.906,0.906,0.906,0.906,0.906,0.906,0.906,0.906,0.906,0.906,0.906,0.906,0.906,0.906,0.255,0.255,0.312,0.312,0.312,0.312,0.312,0.312,0.312,0.312,0.312,0.312,0.312,0.312,0.312,0.312,0.312,0.312,0.312,0.312,0.312,0.312,0.312,0.312,0.312,0.312
RGI60-19.02185,0.906,0.906,0.906,0.906,0.906,0.906,0.906,0.906,0.906,0.906,0.906,0.906,0.906,0.906,0.906,0.906,0.906,0.906,0.906,0.906,0.906,0.906,0.906,0.906,0.255,0.255,0.312,0.312,0.312,0.312,0.312,0.312,0.312,0.312,0.312,0.312,0.312,0.312,0.312,0.312,0.312,0.312,0.312,0.312,0.312,0.312,0.312,0.312,0.312,0.312
RGI60-19.02186,0.906,0.906,0.906,0.906,0.906,0.906,0.906,0.906,0.906,0.906,0.906,0.906,0.906,0.906,0.906,0.906,0.906,0.906,0.906,0.906,0.906,0.906,0.906,0.906,0.255,0.255,0.312,0.312,0.312,0.312,0.312,0.312,0.312,0.312,0.312,0.312,0.312,0.312,0.312,0.312,0.312,0.312,0.312,0.312,0.312,0.312,0.312,0.312,0.312,0.312
RGI60-19.02187,0.906,0.906,0.906,0.906,0.906,0.906,0.906,0.906,0.906,0.906,0.906,0.906,0.906,0.906,0.906,0.906,0.906,0.906,0.906,0.906,0.906,0.906,0.906,0.906,0.255,0.255,0.312,0.312,0.312,0.312,0.312,0.312,0.312,0.312,0.312,0.312,0.312,0.312,0.312,0.312,0.312,0.312,0.312,0.312,0.312,0.312,0.312,0.312,0.312,0.312
RGI60-19.02188,0.906,0.906,0.906,0.906,0.906,0.906,0.906,0.906,0.906,0.906,0.906,0.906,0.906,0.906,0.906,0.906,0.906,0.906,0.906,0.906,0.906,0.906,0.906,0.906,0.255,0.255,0.312,0.312,0.312,0.312,0.312,0.312,0.312,0.312,0.312,0.312,0.312,0.312,0.312,0.312,0.312,0.312,0.312,0.312,0.312,0.312,0.312,0.312,0.312,0.312
RGI60-19.02189,0.911,0.911,0.911,0.911,0.911,0.911,0.911,0.911,0.911,0.911,0.911,0.911,0.911,0.911,0.911,0.911,0.911,0.911,0.911,0.911,0.911,0.911,0.911,0.911,0.265,0.265,0.328,0.328,0.328,0.328,0.328,0.328,0.328,0.328,0.328,0.328,0.328,0.328,0.328,0.328,0.328,0.328,0.328,0.328,0.328,0.328,0.328,0.328,0.328,0.328
RGI60-19.02190,0.911,0.911,0.911,0.911,0.911,0.911,0.911,0.911,0.911,0.911,0.911,0.911,0.911,0.911,0.911,0.911,0.911,0.911,0.911,0.911,0.911,0.911,0.911,0.911,0.265,0.265,0.328,0.328,0.328,0.328,0.328,0.328,0.328,0.328,0.328,0.328,0.328,0.328,0.328,0.328,0.328,0.328,0.328,0.328,0.328,0.328,0.328,0.328,0.328,0.328
RGI60-19.02191,0.911,0.911,0.911,0.911,0.911,0.911,0.911,0.911,0.911,0.911,0.911,0.911,0.911,0.911,0.911,0.911,0.911,0.911,0.911,0.911,0.911,0.911,0.911,0.911,0.265,0.265,0.328,0.328,0.328,0.328,0.328,0.328,0.328,0.328,0.328,0.328,0.328,0.328,0.328,0.328,0.328,0.328,0.328,0.328,0.328,0.328,0.328,0.328,0.328,0.328
RGI60-19.02192,0.911,0.911,0.911,0.911,0.911,0.911,0.911,0.911,0.911,0.911,0.911,0.911,0.911,0.911,0.911,0.911,0.911,0.911,0.911,0.911,0.911,0.911,0.911,0.911,0.265,0.265,0.328,0.328,0.328,0.328,0.328,0.328,0.328,0.328,0.328,0.328,0.328,0.328,0.328,0.328,0.328,0.328,0.328,0.328,0.328,0.328,0.328,0.328,0.328,0.328
RGI60-19.02193,0.911,0.911,0.911,0.911,0.911,0.911,0.911,0.911,0.911,0.911,0.911,0.911,0.911,0.911,0.911,0.911,0.911,0.911,0.911,0.911,0.911,0.911,0.911,0.911,0.265,0.265,0.328,0.328,0.328,0.328,0.328,0.328,0.328,0.328,0.328,0.328,0.328,0.328,0.328,0.328,0.328,0.328,0.328,0.328,0.328,0.328,0.328,0.328,0.328,0.328
RGI60-19.02194,0.945,0.945,0.945,0.945,0.945,0.945,0.945,0.945,0.945,0.945,0.945,0.945,0.945,0.945,0.945,0.945,0.945,0.945,0.945,0.945,0.945,0.945,0.945,0.945,0.315,0.315,0.409,0.409,0.409,0.409,0.409,0.409,0.409,0.409,0.409,0.409,0.409,0.409,0.409,0.409,0.409,0.409,0.409,0.409,0.409,0.409,0.409,0.409,0.409,0.409
RGI60-19.02195,0.911,0.911,0.911,0.911,0.911,0.911,0.911,0.911,0.911,0.911,0.911,0.911,0.911,0.911,0.911,0.911,0.911,0.911,0.911,0.911,0.911,0.911,0.911,0.911,0.265,0.265,0.327,0.327,0.327,0.327,0.327,0.327,0.327,0.327,0.327,0.327,0.327,0.327,0.327,0.327,0.327,0.327,0.327,0.327,0.327,0.327,0.327,0.327,0.327,0.327
RGI60-19.02196,0.911,0.911,0.911,0.911,0.911,0.911,0.911,0.911,0.911,0.911,0.911,0.911,0.911,0.911,0.911,0.911,0.911,0.911,0.911,0.911,0.911,0.911,0.911,0.911,0.265,0.265,0.327,0.327,0.327,0.327,0.327,0.327,0.327,0.327,0.327,0.327,0.327,0.327,0.327,0.327,0.327,0.327,0.327,0.327,0.327,0.327,0.327,0.327,0.327,0.327
RGI60-19.02197,0.911,0.911,0.911,0.911,0.911,0.911,0.911,0.911,0.911,0.911,0.911,0.911,0.911,0.911,0.911,0.911,0.911,0.911,0.911,0.911,0.911,0.911,0.911,0.911,0.265,0.265,0.327,0.327,0.327,0.327,0.327,0.327,0.327,0.327,0.327,0.327,0.327,0.327,0.327,0.327,0.327,0.327,0.327,0.327,0.327,0.327,0.327,0.327,0.327,0.327
RGI60-19.02198,0.911,0.911,0.911,0.911,0.911,0.911,0.911,0.911,0.911,0.911,0.911,0.911,0.911,0.911,0.911,0.911,0.911,0.911,0.911,0.911,0.911,0.911,0.911,0.911,0.265,0.265,0.327,0.327,0.327,0.327,0.327,0.327,0.327,0.327,0.327,0.327,0.327,0.327,0.327,0.327,0.327,0.327,0.327,0.327,0.327,0.327,0.327,0.327,0.327,0.327
RGI60-19.02199,0.911,0.911,0.911,0.911,0.911,0.911,0.911,0.911,0.911,0.911,0.911,0.911,0.911,0.911,0.911,0.911,0.911,0.911,0.911,0.911,0.911,0.911,0.911,0.911,0.265,0.265,0.328,0.328,0.328,0.328,0.328,0.328,0.328,0.328,0.328,0.328,0.328,0.328,0.328,0.328,0.328,0.328,0.328,0.328,0.328,0.328,0.328,0.328,0.328,0.328
RGI60-19.02200,0.945,0.945,0.945,0.945,0.945,0.945,0.945,0.945,0.945,0.945,0.945,0.945,0.945,0.945,0.945,0.945,0.945,0.945,0.945,0.945,0.945,0.945,0.945,0.945,0.315,0.315,0.409,0.409,0.409,0.409,0.409,0.409,0.409,0.409,0.409,0.409,0.409,0.409,0.409,0.409,0.409,0.409,0.409,0.409,0.409,0.409,0.409,0.409,0.409,0.409
RGI60-19.02201,0.945,0.945,0.945,0.945,0.945,0.945,0.945,0.945,0.945,0.945,0.945,0.945,0.945,0.945,0.945,0.945,0.945,0.945,0.945,0.945,0.945,0.945,0.945,0.945,0.315,0.315,0.409,0.409,0.409,0.409,0.409,0.409,0.409,0.409,0.409,0.409,0.409,0.409,0.409,0.409,0.409,0.409,0.409,0.409,0.409,0.409,0.409,0.409,0.409,0.409
RGI60-19.02202,0.911,0.911,0.911,0.911,0.911,0.911,0.911,0.911,0.911,0.911,0.911,0.911,0.911,0.911,0.911,0.911,0.911,0.911,0.911,0.911,0.911,0.911,0.911,0.911,0.265,0.265,0.327,0.327,0.327,0.327,0.327,0.327,0.327,0.327,0.327,0.327,0.327,0.327,0.327,0.327,0.327,0.327,0.327,0.327,0.327,0.327,0.327,0.327,0.327,0.327
RGI60-19.02203,0.911,0.911,0.911,0.911,0.911,0.911,0.911,0.911,0.911,0.911,0.911,0.911,0.911,0.911,0.911,0.911,0.911,0.911,0.911,0.911,0.911,0.911,0.911,0.911,0.265,0.265,0.327,0.327,0.327,0.327,0.327,0.327,0.327,0.327,0.327,0.327,0.327,0.327,0.327,0.327,0.327,0.327,0.327,0.327,0.327,0.327,0.327,0.327,0.327,0.327
RGI60-19.02204,0.945,0.945,0.945,0.945,0.945,0.945,0.945,0.945,0.945,0.945,0.945,0.945,0.945,0.945,0.945,0.945,0.945,0.945,0.945,0.945,0.945,0.945,0.945,0.945,0.315,0.315,0.409,0.409,0.409,0.409,0.409,0.409,0.409,0.409,0.409,0.409,0.409,0.409,0.409,0.409,0.409,0.409,0.409,0.409,0.409,0.409,0.409,0.409,0.409,0.409
RGI60-19.02205,0.911,0.911,0.911,0.911,0.911,0.911,0.911,0.911,0.911,0.911,0.911,0.911,0.911,0.911,0.911,0.911,0.911,0.911,0.911,0.911,0.911,0.911,0.911,0.911,0.265,0.265,0.328,0.328,0.328,0.328,0.328,0.328,0.328,0.328,0.328,0.328,0.328,0.328,0.328,0.328,0.328,0.328,0.328,0.328,0.328,0.328,0.328,0.328,0.328,0.328
RGI60-19.02206,0.911,0.911,0.911,0.911,0.911,0.911,0.911,0.911,0.911,0.911,0.911,0.911,0.911,0.911,0.911,0.911,0.911,0.911,0.911,0.911,0.911,0.911,0.911,0.911,0.265,0.265,0.328,0.328,0.328,0.328,0.328,0.328,0.328,0.328,0.328,0.328,0.328,0.328,0.328,0.328,0.328,0.328,0.328,0.328,0.328,0.328,0.328,0.328,0.328,0.328
RGI60-19.02207,0.911,0.911,0.911,0.911,0.911,0.911,0.911,0.911,0.911,0.911,0.911,0.911,0.911,0.911,0.911,0.911,0.911,0.911,0.911,0.911,0.911,0.911,0.911,0.911,0.265,0.265,0.328,0.328,0.328,0.328,0.328,0.328,0.328,0.328,0.328,0.328,0.328,0.328,0.328,0.328,0.328,0.328,0.328,0.328,0.328,0.328,0.328,0.328,0.328,0.328
RGI60-19.02208,0.911,0.911,0.911,0.911,0.911,0.911,0.911,0.911,0.911,0.911,0.911,0.911,0.911,0.911,0.911,0.911,0.911,0.911,0.911,0.911,0.911,0.911,0.911,0.911,0.265,0.265,0.328,0.328,0.328,0.328,0.328,0.328,0.328,0.328,0.328,0.328,0.328,0.328,0.328,0.328,0.328,0.328,0.328,0.328,0.328,0.328,0.328,0.328,0.328,0.328
RGI60-19.02209,0.903,0.903,0.903,0.903,0.903,0.903,0.903,0.903,0.903,0.903,0.903,0.903,0.903,0.903,0.903,0.903,0.903,0.903,0.903,0.903,0.903,0.903,0.903,0.903,0.25,0.25,0.304,0.304,0.304,0.304,0.304,0.304,0.304,0.304,0.304,0.304,0.304,0.304,0.304,0.304,0.304,0.304,0.304,0.304,0.304,0.304,0.304,0.304,0.304,0.304
RGI60-19.02210,0.945,0.945,0.945,0.945,0.945,0.945,0.945,0.945,0.945,0.945,0.945,0.945,0.945,0.945,0.945,0.945,0.945,0.945,0.945,0.945,0.945,0.945,0.945,0.945,0.315,0.315,0.409,0.409,0.409,0.409,0.409,0.409,0.409,0.409,0.409,0.409,0.409,0.409,0.409,0.409,0.409,0.409,0.409,0.409,0.409,0.409,0.409,0.409,0.409,0.409
RGI60-19.02211,0.945,0.945,0.945,0.945,0.945,0.945,0.945,0.945,0.945,0.945,0.945,0.945,0.945,0.945,0.945,0.945,0.945,0.945,0.945,0.945,0.945,0.945,0.945,0.945,0.315,0.315,0.409,0.409,0.409,0.409,0.409,0.409,0.409,0.409,0.409,0.409,0.409,0.409,0.409,0.409,0.409,0.409,0.409,0.409,0.409,0.409,0.409,0.409,0.409,0.409
RGI60-19.02212,0.903,0.903,0.903,0.903,0.903,0.903,0.903,0.903,0.903,0.903,0.903,0.903,0.903,0.903,0.903,0.903,0.903,0.903,0.903,0.903,0.903,0.903,0.903,0.903,0.25,0.25,0.304,0.304,0.304,0.304,0.304,0.304,0.304,0.304,0.304,0.304,0.304,0.304,0.304,0.304,0.304,0.304,0.304,0.304,0.304,0.304,0.304,0.304,0.304,0.304
RGI60-19.02213,0.903,0.903,0.903,0.903,0.903,0.903,0.903,0.903,0.903,0.903,0.903,0.903,0.903,0.903,0.903,0.903,0.903,0.903,0.903,0.903,0.903,0.903,0.903,0.903,0.25,0.25,0.304,0.304,0.304,0.304,0.304,0.304,0.304,0.304,0.304,0.304,0.304,0.304,0.304,0.304,0.304,0.304,0.304,0.304,0.304,0.304,0.304,0.304,0.304,0.304
RGI60-19.02214,0.903,0.903,0.903,0.903,0.903,0.903,0.903,0.903,0.903,0.903,0.903,0.903,0.903,0.903,0.903,0.903,0.903,0.903,0.903,0.903,0.903,0.903,0.903,0.903,0.251,0.251,0.304,0.304,0.304,0.304,0.304,0.304,0.304,0.304,0.304,0.304,0.304,0.304,0.304,0.304,0.304,0.304,0.304,0.304,0.304,0.304,0.304,0.304,0.304,0.304
RGI60-19.02215,0.906,0.906,0.906,0.906,0.906,0.906,0.906,0.906,0.906,0.906,0.906,0.906,0.906,0.906,0.906,0.906,0.906,0.906,0.906,0.906,0.906,0.906,0.906,0.906,0.256,0.256,0.313,0.313,0.313,0.313,0.313,0.313,0.313,0.313,0.313,0.313,0.313,0.313,0.313,0.313,0.313,0.313,0.313,0.313,0.313,0.313,0.313,0.313,0.313,0.313
RGI60-19.02216,0.906,0.906,0.906,0.906,0.906,0.906,0.906,0.906,0.906,0.906,0.906,0.906,0.906,0.906,0.906,0.906,0.906,0.906,0.906,0.906,0.906,0.906,0.906,0.906,0.256,0.256,0.313,0.313,0.313,0.313,0.313,0.313,0.313,0.313,0.313,0.313,0.313,0.313,0.313,0.313,0.313,0.313,0.313,0.313,0.313,0.313,0.313,0.313,0.313,0.313
RGI60-19.02217,0.906,0.906,0.906,0.906,0.906,0.906,0.906,0.906,0.906,0.906,0.906,0.906,0.906,0.906,0.906,0.906,0.906,0.906,0.906,0.906,0.906,0.906,0.906,0.906,0.256,0.256,0.313,0.313,0.313,0.313,0.313,0.313,0.313,0.313,0.313,0.313,0.313,0.313,0.313,0.313,0.313,0.313,0.313,0.313,0.313,0.313,0.313,0.313,0.313,0.313
RGI60-19.02218,0.906,0.906,0.906,0.906,0.906,0.906,0.906,0.906,0.906,0.906,0.906,0.906,0.906,0.906,0.906,0.906,0.906,0.906,0.906,0.906,0.906,0.906,0.906,0.906,0.256,0.256,0.313,0.313,0.313,0.313,0.313,0.313,0.313,0.313,0.313,0.313,0.313,0.313,0.313,0.313,0.313,0.313,0.313,0.313,0.313,0.313,0.313,0.313,0.313,0.313
RGI60-19.02219,0.914,0.914,0.914,0.914,0.914,0.914,0.914,0.914,0.914,0.914,0.914,0.914,0.914,0.914,0.914,0.914,0.914,0.914,0.914,0.914,0.914,0.914,0.914,0.914,0.269,0.269,0.335,0.335,0.335,0.335,0.335,0.335,0.335,0.335,0.335,0.335,0.335,0.335,0.335,0.335,0.335,0.335,0.335,0.335,0.335,0.335,0.335,0.335,0.335,0.335
RGI60-19.02220,0.914,0.914,0.914,0.914,0.914,0.914,0.914,0.914,0.914,0.914,0.914,0.914,0.914,0.914,0.914,0.914,0.914,0.914,0.914,0.914,0.914,0.914,0.914,0.914,0.269,0.269,0.335,0.335,0.335,0.335,0.335,0.335,0.335,0.335,0.335,0.335,0.335,0.335,0.335,0.335,0.335,0.335,0.335,0.335,0.335,0.335,0.335,0.335,0.335,0.335
RGI60-19.02221,0.914,0.914,0.914,0.914,0.914,0.914,0.914,0.914,0.914,0.914,0.914,0.914,0.914,0.914,0.914,0.914,0.914,0.914,0.914,0.914,0.914,0.914,0.914,0.914,0.269,0.269,0.335,0.335,0.335,0.335,0.335,0.335,0.335,0.335,0.335,0.335,0.335,0.335,0.335,0.335,0.335,0.335,0.335,0.335,0.335,0.335,0.335,0.335,0.335,0.335
RGI60-19.02222,0.914,0.914,0.914,0.914,0.914,0.914,0.914,0.914,0.914,0.914,0.914,0.914,0.914,0.914,0.914,0.914,0.914,0.914,0.914,0.914,0.914,0.914,0.914,0.914,0.269,0.269,0.335,0.335,0.335,0.335,0.335,0.335,0.335,0.335,0.335,0.335,0.335,0.335,0.335,0.335,0.335,0.335,0.335,0.335,0.335,0.335,0.335,0.335,0.335,0.335
RGI60-19.02223,0.914,0.914,0.914,0.914,0.914,0.914,0.914,0.914,0.914,0.914,0.914,0.914,0.914,0.914,0.914,0.914,0.914,0.914,0.914,0.914,0.914,0.914,0.914,0.914,0.269,0.269,0.335,0.335,0.335,0.335,0.335,0.335,0.335,0.335,0.335,0.335,0.335,0.335,0.335,0.335,0.335,0.335,0.335,0.335,0.335,0.335,0.335,0.335,0.335,0.335
RGI60-19.02224,0.914,0.914,0.914,0.914,0.914,0.914,0.914,0.914,0.914,0.914,0.914,0.914,0.914,0.914,0.914,0.914,0.914,0.914,0.914,0.914,0.914,0.914,0.914,0.914,0.268,0.268,0.335,0.335,0.335,0.335,0.335,0.335,0.335,0.335,0.335,0.335,0.335,0.335,0.335,0.335,0.335,0.335,0.335,0.335,0.335,0.335,0.335,0.335,0.335,0.335
RGI60-19.02225,0.914,0.914,0.914,0.914,0.914,0.914,0.914,0.914,0.914,0.914,0.914,0.914,0.914,0.914,0.914,0.914,0.914,0.914,0.914,0.914,0.914,0.914,0.914,0.914,0.268,0.268,0.335,0.335,0.335,0.335,0.335,0.335,0.335,0.335,0.335,0.335,0.335,0.335,0.335,0.335,0.335,0.335,0.335,0.335,0.335,0.335,0.335,0.335,0.335,0.335
RGI60-19.02226,0.924,0.924,0.924,0.924,0.924,0.924,0.924,0.924,0.924,0.924,0.924,0.924,0.924,0.924,0.924,0.924,0.924,0.924,0.924,0.924,0.924,0.924,0.924,0.924,0.283,0.283,0.36,0.36,0.36,0.36,0.36,0.36,0.36,0.36,0.36,0.36,0.36,0.36,0.36,0.36,0.36,0.36,0.36,0.36,0.36,0.36,0.36,0.36,0.36,0.36
RGI60-19.02227,0.924,0.924,0.924,0.924,0.924,0.924,0.924,0.924,0.924,0.924,0.924,0.924,0.924,0.924,0.924,0.924,0.924,0.924,0.924,0.924,0.924,0.924,0.924,0.924,0.284,0.284,0.36,0.36,0.36,0.36,0.36,0.36,0.36,0.36,0.36,0.36,0.36,0.36,0.36,0.36,0.36,0.36,0.36,0.36,0.36,0.36,0.36,0.36,0.36,0.36
RGI60-19.02228,0.924,0.924,0.924,0.924,0.924,0.924,0.924,0.924,0.924,0.924,0.924,0.924,0.924,0.924,0.924,0.924,0.924,0.924,0.924,0.924,0.924,0.924,0.924,0.924,0.284,0.284,0.36,0.36,0.36,0.36,0.36,0.36,0.36,0.36,0.36,0.36,0.36,0.36,0.36,0.36,0.36,0.36,0.36,0.36,0.36,0.36,0.36,0.36,0.36,0.36
RGI60-19.02229,0.924,0.924,0.924,0.924,0.924,0.924,0.924,0.924,0.924,0.924,0.924,0.924,0.924,0.924,0.924,0.924,0.924,0.924,0.924,0.924,0.924,0.924,0.924,0.924,0.283,0.283,0.36,0.36,0.36,0.36,0.36,0.36,0.36,0.36,0.36,0.36,0.36,0.36,0.36,0.36,0.36,0.36,0.36,0.36,0.36,0.36,0.36,0.36,0.36,0.36
RGI60-19.02230,0.924,0.924,0.924,0.924,0.924,0.924,0.924,0.924,0.924,0.924,0.924,0.924,0.924,0.924,0.924,0.924,0.924,0.924,0.924,0.924,0.924,0.924,0.924,0.924,0.283,0.283,0.36,0.36,0.36,0.36,0.36,0.36,0.36,0.36,0.36,0.36,0.36,0.36,0.36,0.36,0.36,0.36,0.36,0.36,0.36,0.36,0.36,0.36,0.36,0.36
RGI60-19.02231,0.924,0.924,0.924,0.924,0.924,0.924,0.924,0.924,0.924,0.924,0.924,0.924,0.924,0.924,0.924,0.924,0.924,0.924,0.924,0.924,0.924,0.924,0.924,0.924,0.283,0.283,0.36,0.36,0.36,0.36,0.36,0.36,0.36,0.36,0.36,0.36,0.36,0.36,0.36,0.36,0.36,0.36,0.36,0.36,0.36,0.36,0.36,0.36,0.36,0.36
RGI60-19.02232,0.924,0.924,0.924,0.924,0.924,0.924,0.924,0.924,0.924,0.924,0.924,0.924,0.924,0.924,0.924,0.924,0.924,0.924,0.924,0.924,0.924,0.924,0.924,0.924,0.283,0.283,0.36,0.36,0.36,0.36,0.36,0.36,0.36,0.36,0.36,0.36,0.36,0.36,0.36,0.36,0.36,0.36,0.36,0.36,0.36,0.36,0.36,0.36,0.36,0.36
RGI60-19.02233,0.925,0.925,0.925,0.925,0.925,0.925,0.925,0.925,0.925,0.925,0.925,0.925,0.925,0.925,0.925,0.925,0.925,0.925,0.925,0.925,0.925,0.925,0.925,0.925,0.285,0.285,0.363,0.363,0.363,0.363,0.363,0.363,0.363,0.363,0.363,0.363,0.363,0.363,0.363,0.363,0.363,0.363,0.363,0.363,0.363,0.363,0.363,0.363,0.363,0.363
RGI60-19.02234,0.925,0.925,0.925,0.925,0.925,0.925,0.925,0.925,0.925,0.925,0.925,0.925,0.925,0.925,0.925,0.925,0.925,0.925,0.925,0.925,0.925,0.925,0.925,0.925,0.285,0.285,0.363,0.363,0.363,0.363,0.363,0.363,0.363,0.363,0.363,0.363,0.363,0.363,0.363,0.363,0.363,0.363,0.363,0.363,0.363,0.363,0.363,0.363,0.363,0.363
RGI60-19.02235,0.925,0.925,0.925,0.925,0.925,0.925,0.925,0.925,0.925,0.925,0.925,0.925,0.925,0.925,0.925,0.925,0.925,0.925,0.925,0.925,0.925,0.925,0.925,0.925,0.285,0.285,0.363,0.363,0.363,0.363,0.363,0.363,0.363,0.363,0.363,0.363,0.363,0.363,0.363,0.363,0.363,0.363,0.363,0.363,0.363,0.363,0.363,0.363,0.363,0.363
RGI60-19.02236,0.925,0.925,0.925,0.925,0.925,0.925,0.925,0.925,0.925,0.925,0.925,0.925,0.925,0.925,0.925,0.925,0.925,0.925,0.925,0.925,0.925,0.925,0.925,0.925,0.285,0.285,0.363,0.363,0.363,0.363,0.363,0.363,0.363,0.363,0.363,0.363,0.363,0.363,0.363,0.363,0.363,0.363,0.363,0.363,0.363,0.363,0.363,0.363,0.363,0.363
RGI60-19.02237,0.925,0.925,0.925,0.925,0.925,0.925,0.925,0.925,0.925,0.925,0.925,0.925,0.925,0.925,0.925,0.925,0.925,0.925,0.925,0.925,0.925,0.925,0.925,0.925,0.285,0.285,0.363,0.363,0.363,0.363,0.363,0.363,0.363,0.363,0.363,0.363,0.363,0.363,0.363,0.363,0.363,0.363,0.363,0.363,0.363,0.363,0.363,0.363,0.363,0.363
RGI60-19.02238,0.925,0.925,0.925,0.925,0.925,0.925,0.925,0.925,0.925,0.925,0.925,0.925,0.925,0.925,0.925,0.925,0.925,0.925,0.925,0.925,0.925,0.925,0.925,0.925,0.285,0.285,0.363,0.363,0.363,0.363,0.363,0.363,0.363,0.363,0.363,0.363,0.363,0.363,0.363,0.363,0.363,0.363,0.363,0.363,0.363,0.363,0.363,0.363,0.363,0.363
RGI60-19.02239,0.925,0.925,0.925,0.925,0.925,0.925,0.925,0.925,0.925,0.925,0.925,0.925,0.925,0.925,0.925,0.925,0.925,0.925,0.925,0.925,0.925,0.925,0.925,0.925,0.285,0.285,0.363,0.363,0.363,0.363,0.363,0.363,0.363,0.363,0.363,0.363,0.363,0.363,0.363,0.363,0.363,0.363,0.363,0.363,0.363,0.363,0.363,0.363,0.363,0.363
RGI60-19.02240,0.925,0.925,0.925,0.925,0.925,0.925,0.925,0.925,0.925,0.925,0.925,0.925,0.925,0.925,0.925,0.925,0.925,0.925,0.925,0.925,0.925,0.925,0.925,0.925,0.285,0.285,0.363,0.363,0.363,0.363,0.363,0.363,0.363,0.363,0.363,0.363,0.363,0.363,0.363,0.363,0.363,0.363,0.363,0.363,0.363,0.363,0.363,0.363,0.363,0.363
RGI60-19.02241,0.925,0.925,0.925,0.925,0.925,0.925,0.925,0.925,0.925,0.925,0.925,0.925,0.925,0.925,0.925,0.925,0.925,0.925,0.925,0.925,0.925,0.925,0.925,0.925,0.285,0.285,0.363,0.363,0.363,0.363,0.363,0.363,0.363,0.363,0.363,0.363,0.363,0.363,0.363,0.363,0.363,0.363,0.363,0.363,0.363,0.363,0.363,0.363,0.363,0.363
RGI60-19.02242,0.979,0.979,0.979,0.979,0.979,0.979,0.979,0.979,0.979,0.979,0.979,0.979,0.979,0.979,0.979,0.979,0.979,0.979,0.979,0.979,0.979,0.979,0.979,0.979,0.365,0.365,0.484,0.484,0.484,0.484,0.484,0.484,0.484,0.484,0.484,0.484,0.484,0.484,0.484,0.484,0.484,0.484,0.484,0.484,0.484,0.484,0.484,0.484,0.484,0.484
RGI60-19.02243,0.95,0.95,0.95,0.95,0.95,0.95,0.95,0.95,0.95,0.95,0.95,0.95,0.95,0.95,0.95,0.95,0.95,0.95,0.95,0.95,0.95,0.95,0.95,0.95,0.323,0.323,0.422,0.422,0.422,0.422,0.422,0.422,0.422,0.422,0.422,0.422,0.422,0.422,0.422,0.422,0.422,0.422,0.422,0.422,0.422,0.422,0.422,0.422,0.422,0.422
RGI60-19.02244,0.95,0.95,0.95,0.95,0.95,0.95,0.95,0.95,0.95,0.95,0.95,0.95,0.95,0.95,0.95,0.95,0.95,0.95,0.95,0.95,0.95,0.95,0.95,0.95,0.323,0.323,0.422,0.422,0.422,0.422,0.422,0.422,0.422,0.422,0.422,0.422,0.422,0.422,0.422,0.422,0.422,0.422,0.422,0.422,0.422,0.422,0.422,0.422,0.422,0.422
RGI60-19.02245,0.95,0.95,0.95,0.95,0.95,0.95,0.95,0.95,0.95,0.95,0.95,0.95,0.95,0.95,0.95,0.95,0.95,0.95,0.95,0.95,0.95,0.95,0.95,0.95,0.323,0.323,0.422,0.422,0.422,0.422,0.422,0.422,0.422,0.422,0.422,0.422,0.422,0.422,0.422,0.422,0.422,0.422,0.422,0.422,0.422,0.422,0.422,0.422,0.422,0.422
RGI60-19.02246,0.95,0.95,0.95,0.95,0.95,0.95,0.95,0.95,0.95,0.95,0.95,0.95,0.95,0.95,0.95,0.95,0.95,0.95,0.95,0.95,0.95,0.95,0.95,0.95,0.323,0.323,0.422,0.422,0.422,0.422,0.422,0.422,0.422,0.422,0.422,0.422,0.422,0.422,0.422,0.422,0.422,0.422,0.422,0.422,0.422,0.422,0.422,0.422,0.422,0.422
RGI60-19.02247,0.949,0.949,0.949,0.949,0.949,0.949,0.949,0.949,0.949,0.949,0.949,0.949,0.949,0.949,0.949,0.949,0.949,0.949,0.949,0.949,0.949,0.949,0.949,0.949,0.322,0.322,0.422,0.422,0.422,0.422,0.422,0.422,0.422,0.422,0.422,0.422,0.422,0.422,0.422,0.422,0.422,0.422,0.422,0.422,0.422,0.422,0.422,0.422,0.422,0.422
RGI60-19.02248,0.95,0.95,0.95,0.95,0.95,0.95,0.95,0.95,0.95,0.95,0.95,0.95,0.95,0.95,0.95,0.95,0.95,0.95,0.95,0.95,0.95,0.95,0.95,0.95,0.323,0.323,0.422,0.422,0.422,0.422,0.422,0.422,0.422,0.422,0.422,0.422,0.422,0.422,0.422,0.422,0.422,0.422,0.422,0.422,0.422,0.422,0.422,0.422,0.422,0.422
RGI60-19.02249,0.95,0.95,0.95,0.95,0.95,0.95,0.95,0.95,0.95,0.95,0.95,0.95,0.95,0.95,0.95,0.95,0.95,0.95,0.95,0.95,0.95,0.95,0.95,0.95,0.323,0.323,0.422,0.422,0.422,0.422,0.422,0.422,0.422,0.422,0.422,0.422,0.422,0.422,0.422,0.422,0.422,0.422,0.422,0.422,0.422,0.422,0.422,0.422,0.422,0.422
RGI60-19.02250,0.95,0.95,0.95,0.95,0.95,0.95,0.95,0.95,0.95,0.95,0.95,0.95,0.95,0.95,0.95,0.95,0.95,0.95,0.95,0.95,0.95,0.95,0.95,0.95,0.323,0.323,0.422,0.422,0.422,0.422,0.422,0.422,0.422,0.422,0.422,0.422,0.422,0.422,0.422,0.422,0.422,0.422,0.422,0.422,0.422,0.422,0.422,0.422,0.422,0.422
RGI60-19.02251,0.95,0.95,0.95,0.95,0.95,0.95,0.95,0.95,0.95,0.95,0.95,0.95,0.95,0.95,0.95,0.95,0.95,0.95,0.95,0.95,0.95,0.95,0.95,0.95,0.323,0.323,0.422,0.422,0.422,0.422,0.422,0.422,0.422,0.422,0.422,0.422,0.422,0.422,0.422,0.422,0.422,0.422,0.422,0.422,0.422,0.422,0.422,0.422,0.422,0.422
RGI60-19.02252,0.95,0.95,0.95,0.95,0.95,0.95,0.95,0.95,0.95,0.95,0.95,0.95,0.95,0.95,0.95,0.95,0.95,0.95,0.95,0.95,0.95,0.95,0.95,0.95,0.323,0.323,0.422,0.422,0.422,0.422,0.422,0.422,0.422,0.422,0.422,0.422,0.422,0.422,0.422,0.422,0.422,0.422,0.422,0.422,0.422,0.422,0.422,0.422,0.422,0.422
RGI60-19.02253,0.949,0.949,0.949,0.949,0.949,0.949,0.949,0.949,0.949,0.949,0.949,0.949,0.949,0.949,0.949,0.949,0.949,0.949,0.949,0.949,0.949,0.949,0.949,0.949,0.322,0.322,0.422,0.422,0.422,0.422,0.422,0.422,0.422,0.422,0.422,0.422,0.422,0.422,0.422,0.422,0.422,0.422,0.422,0.422,0.422,0.422,0.422,0.422,0.422,0.422
RGI60-19.02254,0.95,0.95,0.95,0.95,0.95,0.95,0.95,0.95,0.95,0.95,0.95,0.95,0.95,0.95,0.95,0.95,0.95,0.95,0.95,0.95,0.95,0.95,0.95,0.95,0.323,0.323,0.422,0.422,0.422,0.422,0.422,0.422,0.422,0.422,0.422,0.422,0.422,0.422,0.422,0.422,0.422,0.422,0.422,0.422,0.422,0.422,0.422,0.422,0.422,0.422
RGI60-19.02255,0.949,0.949,0.949,0.949,0.949,0.949,0.949,0.949,0.949,0.949,0.949,0.949,0.949,0.949,0.949,0.949,0.949,0.949,0.949,0.949,0.949,0.949,0.949,0.949,0.323,0.323,0.422,0.422,0.422,0.422,0.422,0.422,0.422,0.422,0.422,0.422,0.422,0.422,0.422,0.422,0.422,0.422,0.422,0.422,0.422,0.422,0.422,0.422,0.422,0.422
RGI60-19.02256,0.949,0.949,0.949,0.949,0.949,0.949,0.949,0.949,0.949,0.949,0.949,0.949,0.949,0.949,0.949,0.949,0.949,0.949,0.949,0.949,0.949,0.949,0.949,0.949,0.323,0.323,0.422,0.422,0.422,0.422,0.422,0.422,0.422,0.422,0.422,0.422,0.422,0.422,0.422,0.422,0.422,0.422,0.422,0.422,0.422,0.422,0.422,0.422,0.422,0.422
RGI60-19.02257,0.95,0.95,0.95,0.95,0.95,0.95,0.95,0.95,0.95,0.95,0.95,0.95,0.95,0.95,0.95,0.95,0.95,0.95,0.95,0.95,0.95,0.95,0.95,0.95,0.323,0.323,0.422,0.422,0.422,0.422,0.422,0.422,0.422,0.422,0.422,0.422,0.422,0.422,0.422,0.422,0.422,0.422,0.422,0.422,0.422,0.422,0.422,0.422,0.422,0.422
RGI60-19.02258,0.95,0.95,0.95,0.95,0.95,0.95,0.95,0.95,0.95,0.95,0.95,0.95,0.95,0.95,0.95,0.95,0.95,0.95,0.95,0.95,0.95,0.95,0.95,0.95,0.323,0.323,0.422,0.422,0.422,0.422,0.422,0.422,0.422,0.422,0.422,0.422,0.422,0.422,0.422,0.422,0.422,0.422,0.422,0.422,0.422,0.422,0.422,0.422,0.422,0.422
RGI60-19.02259,0.95,0.95,0.95,0.95,0.95,0.95,0.95,0.95,0.95,0.95,0.95,0.95,0.95,0.95,0.95,0.95,0.95,0.95,0.95,0.95,0.95,0.95,0.95,0.95,0.323,0.323,0.422,0.422,0.422,0.422,0.422,0.422,0.422,0.422,0.422,0.422,0.422,0.422,0.422,0.422,0.422,0.422,0.422,0.422,0.422,0.422,0.422,0.422,0.422,0.422
RGI60-19.02260,0.949,0.949,0.949,0.949,0.949,0.949,0.949,0.949,0.949,0.949,0.949,0.949,0.949,0.949,0.949,0.949,0.949,0.949,0.949,0.949,0.949,0.949,0.949,0.949,0.322,0.322,0.421,0.421,0.421,0.421,0.421,0.421,0.421,0.421,0.421,0.421,0.421,0.421,0.421,0.421,0.421,0.421,0.421,0.421,0.421,0.421,0.421,0.421,0.421,0.421
RGI60-19.02261,0.949,0.949,0.949,0.949,0.949,0.949,0.949,0.949,0.949,0.949,0.949,0.949,0.949,0.949,0.949,0.949,0.949,0.949,0.949,0.949,0.949,0.949,0.949,0.949,0.322,0.322,0.421,0.421,0.421,0.421,0.421,0.421,0.421,0.421,0.421,0.421,0.421,0.421,0.421,0.421,0.421,0.421,0.421,0.421,0.421,0.421,0.421,0.421,0.421,0.421
RGI60-19.02262,0.95,0.95,0.95,0.95,0.95,0.95,0.95,0.95,0.95,0.95,0.95,0.95,0.95,0.95,0.95,0.95,0.95,0.95,0.95,0.95,0.95,0.95,0.95,0.95,0.323,0.323,0.422,0.422,0.422,0.422,0.422,0.422,0.422,0.422,0.422,0.422,0.422,0.422,0.422,0.422,0.422,0.422,0.422,0.422,0.422,0.422,0.422,0.422,0.422,0.422
RGI60-19.02263,0.95,0.95,0.95,0.95,0.95,0.95,0.95,0.95,0.95,0.95,0.95,0.95,0.95,0.95,0.95,0.95,0.95,0.95,0.95,0.95,0.95,0.95,0.95,0.95,0.323,0.323,0.422,0.422,0.422,0.422,0.422,0.422,0.422,0.422,0.422,0.422,0.422,0.422,0.422,0.422,0.422,0.422,0.422,0.422,0.422,0.422,0.422,0.422,0.422,0.422
RGI60-19.02264,0.95,0.95,0.95,0.95,0.95,0.95,0.95,0.95,0.95,0.95,0.95,0.95,0.95,0.95,0.95,0.95,0.95,0.95,0.95,0.95,0.95,0.95,0.95,0.95,0.323,0.323,0.422,0.422,0.422,0.422,0.422,0.422,0.422,0.422,0.422,0.422,0.422,0.422,0.422,0.422,0.422,0.422,0.422,0.422,0.422,0.422,0.422,0.422,0.422,0.422
RGI60-19.02265,0.95,0.95,0.95,0.95,0.95,0.95,0.95,0.95,0.95,0.95,0.95,0.95,0.95,0.95,0.95,0.95,0.95,0.95,0.95,0.95,0.95,0.95,0.95,0.95,0.323,0.323,0.422,0.422,0.422,0.422,0.422,0.422,0.422,0.422,0.422,0.422,0.422,0.422,0.422,0.422,0.422,0.422,0.422,0.422,0.422,0.422,0.422,0.422,0.422,0.422
RGI60-19.02266,0.949,0.949,0.949,0.949,0.949,0.949,0.949,0.949,0.949,0.949,0.949,0.949,0.949,0.949,0.949,0.949,0.949,0.949,0.949,0.949,0.949,0.949,0.949,0.949,0.323,0.323,0.422,0.422,0.422,0.422,0.422,0.422,0.422,0.422,0.422,0.422,0.422,0.422,0.422,0.422,0.422,0.422,0.422,0.422,0.422,0.422,0.422,0.422,0.422,0.422
RGI60-19.02267,0.95,0.95,0.95,0.95,0.95,0.95,0.95,0.95,0.95,0.95,0.95,0.95,0.95,0.95,0.95,0.95,0.95,0.95,0.95,0.95,0.95,0.95,0.95,0.95,0.323,0.323,0.422,0.422,0.422,0.422,0.422,0.422,0.422,0.422,0.422,0.422,0.422,0.422,0.422,0.422,0.422,0.422,0.422,0.422,0.422,0.422,0.422,0.422,0.422,0.422
RGI60-19.02268,0.949,0.949,0.949,0.949,0.949,0.949,0.949,0.949,0.949,0.949,0.949,0.949,0.949,0.949,0.949,0.949,0.949,0.949,0.949,0.949,0.949,0.949,0.949,0.949,0.323,0.323,0.422,0.422,0.422,0.422,0.422,0.422,0.422,0.422,0.422,0.422,0.422,0.422,0.422,0.422,0.422,0.422,0.422,0.422,0.422,0.422,0.422,0.422,0.422,0.422
RGI60-19.02269,0.95,0.95,0.95,0.95,0.95,0.95,0.95,0.95,0.95,0.95,0.95,0.95,0.95,0.95,0.95,0.95,0.95,0.95,0.95,0.95,0.95,0.95,0.95,0.95,0.323,0.323,0.422,0.422,0.422,0.422,0.422,0.422,0.422,0.422,0.422,0.422,0.422,0.422,0.422,0.422,0.422,0.422,0.422,0.422,0.422,0.422,0.422,0.422,0.422,0.422
RGI60-19.02270,0.95,0.95,0.95,0.95,0.95,0.95,0.95,0.95,0.95,0.95,0.95,0.95,0.95,0.95,0.95,0.95,0.95,0.95,0.95,0.95,0.95,0.95,0.95,0.95,0.323,0.323,0.422,0.422,0.422,0.422,0.422,0.422,0.422,0.422,0.422,0.422,0.422,0.422,0.422,0.422,0.422,0.422,0.422,0.422,0.422,0.422,0.422,0.422,0.422,0.422
RGI60-19.02271,0.95,0.95,0.95,0.95,0.95,0.95,0.95,0.95,0.95,0.95,0.95,0.95,0.95,0.95,0.95,0.95,0.95,0.95,0.95,0.95,0.95,0.95,0.95,0.95,0.323,0.323,0.422,0.422,0.422,0.422,0.422,0.422,0.422,0.422,0.422,0.422,0.422,0.422,0.422,0.422,0.422,0.422,0.422,0.422,0.422,0.422,0.422,0.422,0.422,0.422
RGI60-19.02272,0.95,0.95,0.95,0.95,0.95,0.95,0.95,0.95,0.95,0.95,0.95,0.95,0.95,0.95,0.95,0.95,0.95,0.95,0.95,0.95,0.95,0.95,0.95,0.95,0.323,0.323,0.422,0.422,0.422,0.422,0.422,0.422,0.422,0.422,0.422,0.422,0.422,0.422,0.422,0.422,0.422,0.422,0.422,0.422,0.422,0.422,0.422,0.422,0.422,0.422
RGI60-19.02273,0.95,0.95,0.95,0.95,0.95,0.95,0.95,0.95,0.95,0.95,0.95,0.95,0.95,0.95,0.95,0.95,0.95,0.95,0.95,0.95,0.95,0.95,0.95,0.95,0.323,0.323,0.422,0.422,0.422,0.422,0.422,0.422,0.422,0.422,0.422,0.422,0.422,0.422,0.422,0.422,0.422,0.422,0.422,0.422,0.422,0.422,0.422,0.422,0.422,0.422
RGI60-19.02274,0.949,0.949,0.949,0.949,0.949,0.949,0.949,0.949,0.949,0.949,0.949,0.949,0.949,0.949,0.949,0.949,0.949,0.949,0.949,0.949,0.949,0.949,0.949,0.949,0.323,0.323,0.422,0.422,0.422,0.422,0.422,0.422,0.422,0.422,0.422,0.422,0.422,0.422,0.422,0.422,0.422,0.422,0.422,0.422,0.422,0.422,0.422,0.422,0.422,0.422
RGI60-19.02275,0.95,0.95,0.95,0.95,0.95,0.95,0.95,0.95,0.95,0.95,0.95,0.95,0.95,0.95,0.95,0.95,0.95,0.95,0.95,0.95,0.95,0.95,0.95,0.95,0.323,0.323,0.422,0.422,0.422,0.422,0.422,0.422,0.422,0.422,0.422,0.422,0.422,0.422,0.422,0.422,0.422,0.422,0.422,0.422,0.422,0.422,0.422,0.422,0.422,0.422
RGI60-19.02276,0.95,0.95,0.95,0.95,0.95,0.95,0.95,0.95,0.95,0.95,0.95,0.95,0.95,0.95,0.95,0.95,0.95,0.95,0.95,0.95,0.95,0.95,0.95,0.95,0.323,0.323,0.422,0.422,0.422,0.422,0.422,0.422,0.422,0.422,0.422,0.422,0.422,0.422,0.422,0.422,0.422,0.422,0.422,0.422,0.422,0.422,0.422,0.422,0.422,0.422
RGI60-19.02277,0.95,0.95,0.95,0.95,0.95,0.95,0.95,0.95,0.95,0.95,0.95,0.95,0.95,0.95,0.95,0.95,0.95,0.95,0.95,0.95,0.95,0.95,0.95,0.95,0.323,0.323,0.422,0.422,0.422,0.422,0.422,0.422,0.422,0.422,0.422,0.422,0.422,0.422,0.422,0.422,0.422,0.422,0.422,0.422,0.422,0.422,0.422,0.422,0.422,0.422
RGI60-19.02278,0.945,0.945,0.945,0.945,0.945,0.945,0.945,0.945,0.945,0.945,0.945,0.945,0.945,0.945,0.945,0.945,0.945,0.945,0.945,0.945,0.945,0.945,0.945,0.945,0.315,0.315,0.409,0.409,0.409,0.409,0.409,0.409,0.409,0.409,0.409,0.409,0.409,0.409,0.409,0.409,0.409,0.409,0.409,0.409,0.409,0.409,0.409,0.409,0.409,0.409
RGI60-19.02279,0.945,0.945,0.945,0.945,0.945,0.945,0.945,0.945,0.945,0.945,0.945,0.945,0.945,0.945,0.945,0.945,0.945,0.945,0.945,0.945,0.945,0.945,0.945,0.945,0.315,0.315,0.409,0.409,0.409,0.409,0.409,0.409,0.409,0.409,0.409,0.409,0.409,0.409,0.409,0.409,0.409,0.409,0.409,0.409,0.409,0.409,0.409,0.409,0.409,0.409
RGI60-19.02280,0.95,0.95,0.95,0.95,0.95,0.95,0.95,0.95,0.95,0.95,0.95,0.95,0.95,0.95,0.95,0.95,0.95,0.95,0.95,0.95,0.95,0.95,0.95,0.95,0.323,0.323,0.422,0.422,0.422,0.422,0.422,0.422,0.422,0.422,0.422,0.422,0.422,0.422,0.422,0.422,0.422,0.422,0.422,0.422,0.422,0.422,0.422,0.422,0.422,0.422
RGI60-19.02281,0.95,0.95,0.95,0.95,0.95,0.95,0.95,0.95,0.95,0.95,0.95,0.95,0.95,0.95,0.95,0.95,0.95,0.95,0.95,0.95,0.95,0.95,0.95,0.95,0.323,0.323,0.422,0.422,0.422,0.422,0.422,0.422,0.422,0.422,0.422,0.422,0.422,0.422,0.422,0.422,0.422,0.422,0.422,0.422,0.422,0.422,0.422,0.422,0.422,0.422
RGI60-19.02282,0.95,0.95,0.95,0.95,0.95,0.95,0.95,0.95,0.95,0.95,0.95,0.95,0.95,0.95,0.95,0.95,0.95,0.95,0.95,0.95,0.95,0.95,0.95,0.95,0.323,0.323,0.422,0.422,0.422,0.422,0.422,0.422,0.422,0.422,0.422,0.422,0.422,0.422,0.422,0.422,0.422,0.422,0.422,0.422,0.422,0.422,0.422,0.422,0.422,0.422
RGI60-19.02283,0.95,0.95,0.95,0.95,0.95,0.95,0.95,0.95,0.95,0.95,0.95,0.95,0.95,0.95,0.95,0.95,0.95,0.95,0.95,0.95,0.95,0.95,0.95,0.95,0.323,0.323,0.422,0.422,0.422,0.422,0.422,0.422,0.422,0.422,0.422,0.422,0.422,0.422,0.422,0.422,0.422,0.422,0.422,0.422,0.422,0.422,0.422,0.422,0.422,0.422
RGI60-19.02284,0.945,0.945,0.945,0.945,0.945,0.945,0.945,0.945,0.945,0.945,0.945,0.945,0.945,0.945,0.945,0.945,0.945,0.945,0.945,0.945,0.945,0.945,0.945,0.945,0.315,0.315,0.409,0.409,0.409,0.409,0.409,0.409,0.409,0.409,0.409,0.409,0.409,0.409,0.409,0.409,0.409,0.409,0.409,0.409,0.409,0.409,0.409,0.409,0.409,0.409
RGI60-19.02285,0.95,0.95,0.95,0.95,0.95,0.95,0.95,0.95,0.95,0.95,0.95,0.95,0.95,0.95,0.95,0.95,0.95,0.95,0.95,0.95,0.95,0.95,0.95,0.95,0.323,0.323,0.422,0.422,0.422,0.422,0.422,0.422,0.422,0.422,0.422,0.422,0.422,0.422,0.422,0.422,0.422,0.422,0.422,0.422,0.422,0.422,0.422,0.422,0.422,0.422
RGI60-19.02286,0.95,0.95,0.95,0.95,0.95,0.95,0.95,0.95,0.95,0.95,0.95,0.95,0.95,0.95,0.95,0.95,0.95,0.95,0.95,0.95,0.95,0.95,0.95,0.95,0.323,0.323,0.422,0.422,0.422,0.422,0.422,0.422,0.422,0.422,0.422,0.422,0.422,0.422,0.422,0.422,0.422,0.422,0.422,0.422,0.422,0.422,0.422,0.422,0.422,0.422
RGI60-19.02287,0.95,0.95,0.95,0.95,0.95,0.95,0.95,0.95,0.95,0.95,0.95,0.95,0.95,0.95,0.95,0.95,0.95,0.95,0.95,0.95,0.95,0.95,0.95,0.95,0.323,0.323,0.422,0.422,0.422,0.422,0.422,0.422,0.422,0.422,0.422,0.422,0.422,0.422,0.422,0.422,0.422,0.422,0.422,0.422,0.422,0.422,0.422,0.422,0.422,0.422
RGI60-19.02288,0.95,0.95,0.95,0.95,0.95,0.95,0.95,0.95,0.95,0.95,0.95,0.95,0.95,0.95,0.95,0.95,0.95,0.95,0.95,0.95,0.95,0.95,0.95,0.95,0.323,0.323,0.422,0.422,0.422,0.422,0.422,0.422,0.422,0.422,0.422,0.422,0.422,0.422,0.422,0.422,0.422,0.422,0.422,0.422,0.422,0.422,0.422,0.422,0.422,0.422
RGI60-19.02289,0.95,0.95,0.95,0.95,0.95,0.95,0.95,0.95,0.95,0.95,0.95,0.95,0.95,0.95,0.95,0.95,0.95,0.95,0.95,0.95,0.95,0.95,0.95,0.95,0.323,0.323,0.422,0.422,0.422,0.422,0.422,0.422,0.422,0.422,0.422,0.422,0.422,0.422,0.422,0.422,0.422,0.422,0.422,0.422,0.422,0.422,0.422,0.422,0.422,0.422
RGI60-19.02290,0.945,0.945,0.945,0.945,0.945,0.945,0.945,0.945,0.945,0.945,0.945,0.945,0.945,0.945,0.945,0.945,0.945,0.945,0.945,0.945,0.945,0.945,0.945,0.945,0.315,0.315,0.409,0.409,0.409,0.409,0.409,0.409,0.409,0.409,0.409,0.409,0.409,0.409,0.409,0.409,0.409,0.409,0.409,0.409,0.409,0.409,0.409,0.409,0.409,0.409
RGI60-19.02291,0.949,0.949,0.949,0.949,0.949,0.949,0.949,0.949,0.949,0.949,0.949,0.949,0.949,0.949,0.949,0.949,0.949,0.949,0.949,0.949,0.949,0.949,0.949,0.949,0.322,0.322,0.422,0.422,0.422,0.422,0.422,0.422,0.422,0.422,0.422,0.422,0.422,0.422,0.422,0.422,0.422,0.422,0.422,0.422,0.422,0.422,0.422,0.422,0.422,0.422
RGI60-19.02292,0.949,0.949,0.949,0.949,0.949,0.949,0.949,0.949,0.949,0.949,0.949,0.949,0.949,0.949,0.949,0.949,0.949,0.949,0.949,0.949,0.949,0.949,0.949,0.949,0.323,0.323,0.422,0.422,0.422,0.422,0.422,0.422,0.422,0.422,0.422,0.422,0.422,0.422,0.422,0.422,0.422,0.422,0.422,0.422,0.422,0.422,0.422,0.422,0.422,0.422
RGI60-19.02293,0.949,0.949,0.949,0.949,0.949,0.949,0.949,0.949,0.949,0.949,0.949,0.949,0.949,0.949,0.949,0.949,0.949,0.949,0.949,0.949,0.949,0.949,0.949,0.949,0.322,0.322,0.422,0.422,0.422,0.422,0.422,0.422,0.422,0.422,0.422,0.422,0.422,0.422,0.422,0.422,0.422,0.422,0.422,0.422,0.422,0.422,0.422,0.422,0.422,0.422
RGI60-19.02294,0.949,0.949,0.949,0.949,0.949,0.949,0.949,0.949,0.949,0.949,0.949,0.949,0.949,0.949,0.949,0.949,0.949,0.949,0.949,0.949,0.949,0.949,0.949,0.949,0.322,0.322,0.421,0.421,0.421,0.421,0.421,0.421,0.421,0.421,0.421,0.421,0.421,0.421,0.421,0.421,0.421,0.421,0.421,0.421,0.421,0.421,0.421,0.421,0.421,0.421
RGI60-19.02295,0.949,0.949,0.949,0.949,0.949,0.949,0.949,0.949,0.949,0.949,0.949,0.949,0.949,0.949,0.949,0.949,0.949,0.949,0.949,0.949,0.949,0.949,0.949,0.949,0.322,0.322,0.422,0.422,0.422,0.422,0.422,0.422,0.422,0.422,0.422,0.422,0.422,0.422,0.422,0.422,0.422,0.422,0.422,0.422,0.422,0.422,0.422,0.422,0.422,0.422
RGI60-19.02296,0.949,0.949,0.949,0.949,0.949,0.949,0.949,0.949,0.949,0.949,0.949,0.949,0.949,0.949,0.949,0.949,0.949,0.949,0.949,0.949,0.949,0.949,0.949,0.949,0.322,0.322,0.422,0.422,0.422,0.422,0.422,0.422,0.422,0.422,0.422,0.422,0.422,0.422,0.422,0.422,0.422,0.422,0.422,0.422,0.422,0.422,0.422,0.422,0.422,0.422
RGI60-19.02297,0.945,0.945,0.945,0.945,0.945,0.945,0.945,0.945,0.945,0.945,0.945,0.945,0.945,0.945,0.945,0.945,0.945,0.945,0.945,0.945,0.945,0.945,0.945,0.945,0.315,0.315,0.409,0.409,0.409,0.409,0.409,0.409,0.409,0.409,0.409,0.409,0.409,0.409,0.409,0.409,0.409,0.409,0.409,0.409,0.409,0.409,0.409,0.409,0.409,0.409
RGI60-19.02298,0.949,0.949,0.949,0.949,0.949,0.949,0.949,0.949,0.949,0.949,0.949,0.949,0.949,0.949,0.949,0.949,0.949,0.949,0.949,0.949,0.949,0.949,0.949,0.949,0.322,0.322,0.422,0.422,0.422,0.422,0.422,0.422,0.422,0.422,0.422,0.422,0.422,0.422,0.422,0.422,0.422,0.422,0.422,0.422,0.422,0.422,0.422,0.422,0.422,0.422
RGI60-19.02299,0.949,0.949,0.949,0.949,0.949,0.949,0.949,0.949,0.949,0.949,0.949,0.949,0.949,0.949,0.949,0.949,0.949,0.949,0.949,0.949,0.949,0.949,0.949,0.949,0.322,0.322,0.422,0.422,0.422,0.422,0.422,0.422,0.422,0.422,0.422,0.422,0.422,0.422,0.422,0.422,0.422,0.422,0.422,0.422,0.422,0.422,0.422,0.422,0.422,0.422
RGI60-19.02300,0.949,0.949,0.949,0.949,0.949,0.949,0.949,0.949,0.949,0.949,0.949,0.949,0.949,0.949,0.949,0.949,0.949,0.949,0.949,0.949,0.949,0.949,0.949,0.949,0.322,0.322,0.421,0.421,0.421,0.421,0.421,0.421,0.421,0.421,0.421,0.421,0.421,0.421,0.421,0.421,0.421,0.421,0.421,0.421,0.421,0.421,0.421,0.421,0.421,0.421
RGI60-19.02301,0.949,0.949,0.949,0.949,0.949,0.949,0.949,0.949,0.949,0.949,0.949,0.949,0.949,0.949,0.949,0.949,0.949,0.949,0.949,0.949,0.949,0.949,0.949,0.949,0.322,0.322,0.421,0.421,0.421,0.421,0.421,0.421,0.421,0.421,0.421,0.421,0.421,0.421,0.421,0.421,0.421,0.421,0.421,0.421,0.421,0.421,0.421,0.421,0.421,0.421
RGI60-19.02302,0.949,0.949,0.949,0.949,0.949,0.949,0.949,0.949,0.949,0.949,0.949,0.949,0.949,0.949,0.949,0.949,0.949,0.949,0.949,0.949,0.949,0.949,0.949,0.949,0.322,0.322,0.422,0.422,0.422,0.422,0.422,0.422,0.422,0.422,0.422,0.422,0.422,0.422,0.422,0.422,0.422,0.422,0.422,0.422,0.422,0.422,0.422,0.422,0.422,0.422
RGI60-19.02303,0.949,0.949,0.949,0.949,0.949,0.949,0.949,0.949,0.949,0.949,0.949,0.949,0.949,0.949,0.949,0.949,0.949,0.949,0.949,0.949,0.949,0.949,0.949,0.949,0.323,0.323,0.422,0.422,0.422,0.422,0.422,0.422,0.422,0.422,0.422,0.422,0.422,0.422,0.422,0.422,0.422,0.422,0.422,0.422,0.422,0.422,0.422,0.422,0.422,0.422
RGI60-19.02304,0.95,0.95,0.95,0.95,0.95,0.95,0.95,0.95,0.95,0.95,0.95,0.95,0.95,0.95,0.95,0.95,0.95,0.95,0.95,0.95,0.95,0.95,0.95,0.95,0.323,0.323,0.423,0.423,0.423,0.423,0.423,0.423,0.423,0.423,0.423,0.423,0.423,0.423,0.423,0.423,0.423,0.423,0.423,0.423,0.423,0.423,0.423,0.423,0.423,0.423
RGI60-19.02305,0.95,0.95,0.95,0.95,0.95,0.95,0.95,0.95,0.95,0.95,0.95,0.95,0.95,0.95,0.95,0.95,0.95,0.95,0.95,0.95,0.95,0.95,0.95,0.95,0.323,0.323,0.423,0.423,0.423,0.423,0.423,0.423,0.423,0.423,0.423,0.423,0.423,0.423,0.423,0.423,0.423,0.423,0.423,0.423,0.423,0.423,0.423,0.423,0.423,0.423
RGI60-19.02306,0.95,0.95,0.95,0.95,0.95,0.95,0.95,0.95,0.95,0.95,0.95,0.95,0.95,0.95,0.95,0.95,0.95,0.95,0.95,0.95,0.95,0.95,0.95,0.95,0.323,0.323,0.423,0.423,0.423,0.423,0.423,0.423,0.423,0.423,0.423,0.423,0.423,0.423,0.423,0.423,0.423,0.423,0.423,0.423,0.423,0.423,0.423,0.423,0.423,0.423
RGI60-19.02307,0.95,0.95,0.95,0.95,0.95,0.95,0.95,0.95,0.95,0.95,0.95,0.95,0.95,0.95,0.95,0.95,0.95,0.95,0.95,0.95,0.95,0.95,0.95,0.95,0.323,0.323,0.422,0.422,0.422,0.422,0.422,0.422,0.422,0.422,0.422,0.422,0.422,0.422,0.422,0.422,0.422,0.422,0.422,0.422,0.422,0.422,0.422,0.422,0.422,0.422
RGI60-19.02308,0.95,0.95,0.95,0.95,0.95,0.95,0.95,0.95,0.95,0.95,0.95,0.95,0.95,0.95,0.95,0.95,0.95,0.95,0.95,0.95,0.95,0.95,0.95,0.95,0.323,0.323,0.423,0.423,0.423,0.423,0.423,0.423,0.423,0.423,0.423,0.423,0.423,0.423,0.423,0.423,0.423,0.423,0.423,0.423,0.423,0.423,0.423,0.423,0.423,0.423
RGI60-19.02309,0.95,0.95,0.95,0.95,0.95,0.95,0.95,0.95,0.95,0.95,0.95,0.95,0.95,0.95,0.95,0.95,0.95,0.95,0.95,0.95,0.95,0.95,0.95,0.95,0.323,0.323,0.423,0.423,0.423,0.423,0.423,0.423,0.423,0.423,0.423,0.423,0.423,0.423,0.423,0.423,0.423,0.423,0.423,0.423,0.423,0.423,0.423,0.423,0.423,0.423
RGI60-19.02310,0.95,0.95,0.95,0.95,0.95,0.95,0.95,0.95,0.95,0.95,0.95,0.95,0.95,0.95,0.95,0.95,0.95,0.95,0.95,0.95,0.95,0.95,0.95,0.95,0.323,0.323,0.423,0.423,0.423,0.423,0.423,0.423,0.423,0.423,0.423,0.423,0.423,0.423,0.423,0.423,0.423,0.423,0.423,0.423,0.423,0.423,0.423,0.423,0.423,0.423
RGI60-19.02311,0.95,0.95,0.95,0.95,0.95,0.95,0.95,0.95,0.95,0.95,0.95,0.95,0.95,0.95,0.95,0.95,0.95,0.95,0.95,0.95,0.95,0.95,0.95,0.95,0.323,0.323,0.423,0.423,0.423,0.423,0.423,0.423,0.423,0.423,0.423,0.423,0.423,0.423,0.423,0.423,0.423,0.423,0.423,0.423,0.423,0.423,0.423,0.423,0.423,0.423
RGI60-19.02312,0.95,0.95,0.95,0.95,0.95,0.95,0.95,0.95,0.95,0.95,0.95,0.95,0.95,0.95,0.95,0.95,0.95,0.95,0.95,0.95,0.95,0.95,0.95,0.95,0.323,0.323,0.423,0.423,0.423,0.423,0.423,0.423,0.423,0.423,0.423,0.423,0.423,0.423,0.423,0.423,0.423,0.423,0.423,0.423,0.423,0.423,0.423,0.423,0.423,0.423
RGI60-19.02313,0.95,0.95,0.95,0.95,0.95,0.95,0.95,0.95,0.95,0.95,0.95,0.95,0.95,0.95,0.95,0.95,0.95,0.95,0.95,0.95,0.95,0.95,0.95,0.95,0.323,0.323,0.423,0.423,0.423,0.423,0.423,0.423,0.423,0.423,0.423,0.423,0.423,0.423,0.423,0.423,0.423,0.423,0.423,0.423,0.423,0.423,0.423,0.423,0.423,0.423
RGI60-19.02314,0.95,0.95,0.95,0.95,0.95,0.95,0.95,0.95,0.95,0.95,0.95,0.95,0.95,0.95,0.95,0.95,0.95,0.95,0.95,0.95,0.95,0.95,0.95,0.95,0.323,0.323,0.423,0.423,0.423,0.423,0.423,0.423,0.423,0.423,0.423,0.423,0.423,0.423,0.423,0.423,0.423,0.423,0.423,0.423,0.423,0.423,0.423,0.423,0.423,0.423
RGI60-19.02315,0.95,0.95,0.95,0.95,0.95,0.95,0.95,0.95,0.95,0.95,0.95,0.95,0.95,0.95,0.95,0.95,0.95,0.95,0.95,0.95,0.95,0.95,0.95,0.95,0.323,0.323,0.423,0.423,0.423,0.423,0.423,0.423,0.423,0.423,0.423,0.423,0.423,0.423,0.423,0.423,0.423,0.423,0.423,0.423,0.423,0.423,0.423,0.423,0.423,0.423
RGI60-19.02316,0.95,0.95,0.95,0.95,0.95,0.95,0.95,0.95,0.95,0.95,0.95,0.95,0.95,0.95,0.95,0.95,0.95,0.95,0.95,0.95,0.95,0.95,0.95,0.95,0.323,0.323,0.422,0.422,0.422,0.422,0.422,0.422,0.422,0.422,0.422,0.422,0.422,0.422,0.422,0.422,0.422,0.422,0.422,0.422,0.422,0.422,0.422,0.422,0.422,0.422
RGI60-19.02317,0.95,0.95,0.95,0.95,0.95,0.95,0.95,0.95,0.95,0.95,0.95,0.95,0.95,0.95,0.95,0.95,0.95,0.95,0.95,0.95,0.95,0.95,0.95,0.95,0.323,0.323,0.422,0.422,0.422,0.422,0.422,0.422,0.422,0.422,0.422,0.422,0.422,0.422,0.422,0.422,0.422,0.422,0.422,0.422,0.422,0.422,0.422,0.422,0.422,0.422
RGI60-19.02318,0.95,0.95,0.95,0.95,0.95,0.95,0.95,0.95,0.95,0.95,0.95,0.95,0.95,0.95,0.95,0.95,0.95,0.95,0.95,0.95,0.95,0.95,0.95,0.95,0.323,0.323,0.422,0.422,0.422,0.422,0.422,0.422,0.422,0.422,0.422,0.422,0.422,0.422,0.422,0.422,0.422,0.422,0.422,0.422,0.422,0.422,0.422,0.422,0.422,0.422
RGI60-19.02319,0.95,0.95,0.95,0.95,0.95,0.95,0.95,0.95,0.95,0.95,0.95,0.95,0.95,0.95,0.95,0.95,0.95,0.95,0.95,0.95,0.95,0.95,0.95,0.95,0.323,0.323,0.422,0.422,0.422,0.422,0.422,0.422,0.422,0.422,0.422,0.422,0.422,0.422,0.422,0.422,0.422,0.422,0.422,0.422,0.422,0.422,0.422,0.422,0.422,0.422
RGI60-19.02320,0.95,0.95,0.95,0.95,0.95,0.95,0.95,0.95,0.95,0.95,0.95,0.95,0.95,0.95,0.95,0.95,0.95,0.95,0.95,0.95,0.95,0.95,0.95,0.95,0.323,0.323,0.423,0.423,0.423,0.423,0.423,0.423,0.423,0.423,0.423,0.423,0.423,0.423,0.423,0.423,0.423,0.423,0.423,0.423,0.423,0.423,0.423,0.423,0.423,0.423
RGI60-19.02321,0.95,0.95,0.95,0.95,0.95,0.95,0.95,0.95,0.95,0.95,0.95,0.95,0.95,0.95,0.95,0.95,0.95,0.95,0.95,0.95,0.95,0.95,0.95,0.95,0.323,0.323,0.422,0.422,0.422,0.422,0.422,0.422,0.422,0.422,0.422,0.422,0.422,0.422,0.422,0.422,0.422,0.422,0.422,0.422,0.422,0.422,0.422,0.422,0.422,0.422
RGI60-19.02322,0.95,0.95,0.95,0.95,0.95,0.95,0.95,0.95,0.95,0.95,0.95,0.95,0.95,0.95,0.95,0.95,0.95,0.95,0.95,0.95,0.95,0.95,0.95,0.95,0.323,0.323,0.422,0.422,0.422,0.422,0.422,0.422,0.422,0.422,0.422,0.422,0.422,0.422,0.422,0.422,0.422,0.422,0.422,0.422,0.422,0.422,0.422,0.422,0.422,0.422
RGI60-19.02323,0.95,0.95,0.95,0.95,0.95,0.95,0.95,0.95,0.95,0.95,0.95,0.95,0.95,0.95,0.95,0.95,0.95,0.95,0.95,0.95,0.95,0.95,0.95,0.95,0.323,0.323,0.422,0.422,0.422,0.422,0.422,0.422,0.422,0.422,0.422,0.422,0.422,0.422,0.422,0.422,0.422,0.422,0.422,0.422,0.422,0.422,0.422,0.422,0.422,0.422
RGI60-19.02324,0.95,0.95,0.95,0.95,0.95,0.95,0.95,0.95,0.95,0.95,0.95,0.95,0.95,0.95,0.95,0.95,0.95,0.95,0.95,0.95,0.95,0.95,0.95,0.95,0.323,0.323,0.422,0.422,0.422,0.422,0.422,0.422,0.422,0.422,0.422,0.422,0.422,0.422,0.422,0.422,0.422,0.422,0.422,0.422,0.422,0.422,0.422,0.422,0.422,0.422
RGI60-19.02325,0.95,0.95,0.95,0.95,0.95,0.95,0.95,0.95,0.95,0.95,0.95,0.95,0.95,0.95,0.95,0.95,0.95,0.95,0.95,0.95,0.95,0.95,0.95,0.95,0.323,0.323,0.422,0.422,0.422,0.422,0.422,0.422,0.422,0.422,0.422,0.422,0.422,0.422,0.422,0.422,0.422,0.422,0.422,0.422,0.422,0.422,0.422,0.422,0.422,0.422
RGI60-19.02326,0.95,0.95,0.95,0.95,0.95,0.95,0.95,0.95,0.95,0.95,0.95,0.95,0.95,0.95,0.95,0.95,0.95,0.95,0.95,0.95,0.95,0.95,0.95,0.95,0.323,0.323,0.422,0.422,0.422,0.422,0.422,0.422,0.422,0.422,0.422,0.422,0.422,0.422,0.422,0.422,0.422,0.422,0.422,0.422,0.422,0.422,0.422,0.422,0.422,0.422
RGI60-19.02327,0.95,0.95,0.95,0.95,0.95,0.95,0.95,0.95,0.95,0.95,0.95,0.95,0.95,0.95,0.95,0.95,0.95,0.95,0.95,0.95,0.95,0.95,0.95,0.95,0.323,0.323,0.423,0.423,0.423,0.423,0.423,0.423,0.423,0.423,0.423,0.423,0.423,0.423,0.423,0.423,0.423,0.423,0.423,0.423,0.423,0.423,0.423,0.423,0.423,0.423
RGI60-19.02328,0.95,0.95,0.95,0.95,0.95,0.95,0.95,0.95,0.95,0.95,0.95,0.95,0.95,0.95,0.95,0.95,0.95,0.95,0.95,0.95,0.95,0.95,0.95,0.95,0.323,0.323,0.423,0.423,0.423,0.423,0.423,0.423,0.423,0.423,0.423,0.423,0.423,0.423,0.423,0.423,0.423,0.423,0.423,0.423,0.423,0.423,0.423,0.423,0.423,0.423
RGI60-19.02329,0.95,0.95,0.95,0.95,0.95,0.95,0.95,0.95,0.95,0.95,0.95,0.95,0.95,0.95,0.95,0.95,0.95,0.95,0.95,0.95,0.95,0.95,0.95,0.95,0.323,0.323,0.422,0.422,0.422,0.422,0.422,0.422,0.422,0.422,0.422,0.422,0.422,0.422,0.422,0.422,0.422,0.422,0.422,0.422,0.422,0.422,0.422,0.422,0.422,0.422
RGI60-19.02330,0.95,0.95,0.95,0.95,0.95,0.95,0.95,0.95,0.95,0.95,0.95,0.95,0.95,0.95,0.95,0.95,0.95,0.95,0.95,0.95,0.95,0.95,0.95,0.95,0.323,0.323,0.422,0.422,0.422,0.422,0.422,0.422,0.422,0.422,0.422,0.422,0.422,0.422,0.422,0.422,0.422,0.422,0.422,0.422,0.422,0.422,0.422,0.422,0.422,0.422
RGI60-19.02331,0.95,0.95,0.95,0.95,0.95,0.95,0.95,0.95,0.95,0.95,0.95,0.95,0.95,0.95,0.95,0.95,0.95,0.95,0.95,0.95,0.95,0.95,0.95,0.95,0.323,0.323,0.422,0.422,0.422,0.422,0.422,0.422,0.422,0.422,0.422,0.422,0.422,0.422,0.422,0.422,0.422,0.422,0.422,0.422,0.422,0.422,0.422,0.422,0.422,0.422
RGI60-19.02332,0.95,0.95,0.95,0.95,0.95,0.95,0.95,0.95,0.95,0.95,0.95,0.95,0.95,0.95,0.95,0.95,0.95,0.95,0.95,0.95,0.95,0.95,0.95,0.95,0.323,0.323,0.422,0.422,0.422,0.422,0.422,0.422,0.422,0.422,0.422,0.422,0.422,0.422,0.422,0.422,0.422,0.422,0.422,0.422,0.422,0.422,0.422,0.422,0.422,0.422
RGI60-19.02333,0.95,0.95,0.95,0.95,0.95,0.95,0.95,0.95,0.95,0.95,0.95,0.95,0.95,0.95,0.95,0.95,0.95,0.95,0.95,0.95,0.95,0.95,0.95,0.95,0.323,0.323,0.422,0.422,0.422,0.422,0.422,0.422,0.422,0.422,0.422,0.422,0.422,0.422,0.422,0.422,0.422,0.422,0.422,0.422,0.422,0.422,0.422,0.422,0.422,0.422
RGI60-19.02334,0.95,0.95,0.95,0.95,0.95,0.95,0.95,0.95,0.95,0.95,0.95,0.95,0.95,0.95,0.95,0.95,0.95,0.95,0.95,0.95,0.95,0.95,0.95,0.95,0.323,0.323,0.422,0.422,0.422,0.422,0.422,0.422,0.422,0.422,0.422,0.422,0.422,0.422,0.422,0.422,0.422,0.422,0.422,0.422,0.422,0.422,0.422,0.422,0.422,0.422
RGI60-19.02335,0.949,0.949,0.949,0.949,0.949,0.949,0.949,0.949,0.949,0.949,0.949,0.949,0.949,0.949,0.949,0.949,0.949,0.949,0.949,0.949,0.949,0.949,0.949,0.949,0.323,0.323,0.422,0.422,0.422,0.422,0.422,0.422,0.422,0.422,0.422,0.422,0.422,0.422,0.422,0.422,0.422,0.422,0.422,0.422,0.422,0.422,0.422,0.422,0.422,0.422
RGI60-19.02336,0.949,0.949,0.949,0.949,0.949,0.949,0.949,0.949,0.949,0.949,0.949,0.949,0.949,0.949,0.949,0.949,0.949,0.949,0.949,0.949,0.949,0.949,0.949,0.949,0.322,0.322,0.421,0.421,0.421,0.421,0.421,0.421,0.421,0.421,0.421,0.421,0.421,0.421,0.421,0.421,0.421,0.421,0.421,0.421,0.421,0.421,0.421,0.421,0.421,0.421
RGI60-19.02337,0.949,0.949,0.949,0.949,0.949,0.949,0.949,0.949,0.949,0.949,0.949,0.949,0.949,0.949,0.949,0.949,0.949,0.949,0.949,0.949,0.949,0.949,0.949,0.949,0.323,0.323,0.422,0.422,0.422,0.422,0.422,0.422,0.422,0.422,0.422,0.422,0.422,0.422,0.422,0.422,0.422,0.422,0.422,0.422,0.422,0.422,0.422,0.422,0.422,0.422
RGI60-19.02338,0.949,0.949,0.949,0.949,0.949,0.949,0.949,0.949,0.949,0.949,0.949,0.949,0.949,0.949,0.949,0.949,0.949,0.949,0.949,0.949,0.949,0.949,0.949,0.949,0.323,0.323,0.422,0.422,0.422,0.422,0.422,0.422,0.422,0.422,0.422,0.422,0.422,0.422,0.422,0.422,0.422,0.422,0.422,0.422,0.422,0.422,0.422,0.422,0.422,0.422
RGI60-19.02339,0.945,0.945,0.945,0.945,0.945,0.945,0.945,0.945,0.945,0.945,0.945,0.945,0.945,0.945,0.945,0.945,0.945,0.945,0.945,0.945,0.945,0.945,0.945,0.945,0.315,0.315,0.409,0.409,0.409,0.409,0.409,0.409,0.409,0.409,0.409,0.409,0.409,0.409,0.409,0.409,0.409,0.409,0.409,0.409,0.409,0.409,0.409,0.409,0.409,0.409
RGI60-19.02340,0.949,0.949,0.949,0.949,0.949,0.949,0.949,0.949,0.949,0.949,0.949,0.949,0.949,0.949,0.949,0.949,0.949,0.949,0.949,0.949,0.949,0.949,0.949,0.949,0.322,0.322,0.421,0.421,0.421,0.421,0.421,0.421,0.421,0.421,0.421,0.421,0.421,0.421,0.421,0.421,0.421,0.421,0.421,0.421,0.421,0.421,0.421,0.421,0.421,0.421
RGI60-19.02341,0.949,0.949,0.949,0.949,0.949,0.949,0.949,0.949,0.949,0.949,0.949,0.949,0.949,0.949,0.949,0.949,0.949,0.949,0.949,0.949,0.949,0.949,0.949,0.949,0.322,0.322,0.421,0.421,0.421,0.421,0.421,0.421,0.421,0.421,0.421,0.421,0.421,0.421,0.421,0.421,0.421,0.421,0.421,0.421,0.421,0.421,0.421,0.421,0.421,0.421
RGI60-19.02342,0.949,0.949,0.949,0.949,0.949,0.949,0.949,0.949,0.949,0.949,0.949,0.949,0.949,0.949,0.949,0.949,0.949,0.949,0.949,0.949,0.949,0.949,0.949,0.949,0.322,0.322,0.422,0.422,0.422,0.422,0.422,0.422,0.422,0.422,0.422,0.422,0.422,0.422,0.422,0.422,0.422,0.422,0.422,0.422,0.422,0.422,0.422,0.422,0.422,0.422
RGI60-19.02343,0.945,0.945,0.945,0.945,0.945,0.945,0.945,0.945,0.945,0.945,0.945,0.945,0.945,0.945,0.945,0.945,0.945,0.945,0.945,0.945,0.945,0.945,0.945,0.945,0.315,0.315,0.409,0.409,0.409,0.409,0.409,0.409,0.409,0.409,0.409,0.409,0.409,0.409,0.409,0.409,0.409,0.409,0.409,0.409,0.409,0.409,0.409,0.409,0.409,0.409
RGI60-19.02344,0.949,0.949,0.949,0.949,0.949,0.949,0.949,0.949,0.949,0.949,0.949,0.949,0.949,0.949,0.949,0.949,0.949,0.949,0.949,0.949,0.949,0.949,0.949,0.949,0.322,0.322,0.421,0.421,0.421,0.421,0.421,0.421,0.421,0.421,0.421,0.421,0.421,0.421,0.421,0.421,0.421,0.421,0.421,0.421,0.421,0.421,0.421,0.421,0.421,0.421
RGI60-19.02345,0.949,0.949,0.949,0.949,0.949,0.949,0.949,0.949,0.949,0.949,0.949,0.949,0.949,0.949,0.949,0.949,0.949,0.949,0.949,0.949,0.949,0.949,0.949,0.949,0.322,0.322,0.421,0.421,0.421,0.421,0.421,0.421,0.421,0.421,0.421,0.421,0.421,0.421,0.421,0.421,0.421,0.421,0.421,0.421,0.421,0.421,0.421,0.421,0.421,0.421
RGI60-19.02346,0.949,0.949,0.949,0.949,0.949,0.949,0.949,0.949,0.949,0.949,0.949,0.949,0.949,0.949,0.949,0.949,0.949,0.949,0.949,0.949,0.949,0.949,0.949,0.949,0.322,0.322,0.422,0.422,0.422,0.422,0.422,0.422,0.422,0.422,0.422,0.422,0.422,0.422,0.422,0.422,0.422,0.422,0.422,0.422,0.422,0.422,0.422,0.422,0.422,0.422
RGI60-19.02347,0.949,0.949,0.949,0.949,0.949,0.949,0.949,0.949,0.949,0.949,0.949,0.949,0.949,0.949,0.949,0.949,0.949,0.949,0.949,0.949,0.949,0.949,0.949,0.949,0.322,0.322,0.421,0.421,0.421,0.421,0.421,0.421,0.421,0.421,0.421,0.421,0.421,0.421,0.421,0.421,0.421,0.421,0.421,0.421,0.421,0.421,0.421,0.421,0.421,0.421
RGI60-19.02348,0.949,0.949,0.949,0.949,0.949,0.949,0.949,0.949,0.949,0.949,0.949,0.949,0.949,0.949,0.949,0.949,0.949,0.949,0.949,0.949,0.949,0.949,0.949,0.949,0.322,0.322,0.421,0.421,0.421,0.421,0.421,0.421,0.421,0.421,0.421,0.421,0.421,0.421,0.421,0.421,0.421,0.421,0.421,0.421,0.421,0.421,0.421,0.421,0.421,0.421
RGI60-19.02349,0.949,0.949,0.949,0.949,0.949,0.949,0.949,0.949,0.949,0.949,0.949,0.949,0.949,0.949,0.949,0.949,0.949,0.949,0.949,0.949,0.949,0.949,0.949,0.949,0.322,0.322,0.421,0.421,0.421,0.421,0.421,0.421,0.421,0.421,0.421,0.421,0.421,0.421,0.421,0.421,0.421,0.421,0.421,0.421,0.421,0.421,0.421,0.421,0.421,0.421
RGI60-19.02350,0.949,0.949,0.949,0.949,0.949,0.949,0.949,0.949,0.949,0.949,0.949,0.949,0.949,0.949,0.949,0.949,0.949,0.949,0.949,0.949,0.949,0.949,0.949,0.949,0.322,0.322,0.421,0.421,0.421,0.421,0.421,0.421,0.421,0.421,0.421,0.421,0.421,0.421,0.421,0.421,0.421,0.421,0.421,0.421,0.421,0.421,0.421,0.421,0.421,0.421
RGI60-19.02351,0.949,0.949,0.949,0.949,0.949,0.949,0.949,0.949,0.949,0.949,0.949,0.949,0.949,0.949,0.949,0.949,0.949,0.949,0.949,0.949,0.949,0.949,0.949,0.949,0.323,0.323,0.422,0.422,0.422,0.422,0.422,0.422,0.422,0.422,0.422,0.422,0.422,0.422,0.422,0.422,0.422,0.422,0.422,0.422,0.422,0.422,0.422,0.422,0.422,0.422
RGI60-19.02352,0.949,0.949,0.949,0.949,0.949,0.949,0.949,0.949,0.949,0.949,0.949,0.949,0.949,0.949,0.949,0.949,0.949,0.949,0.949,0.949,0.949,0.949,0.949,0.949,0.323,0.323,0.422,0.422,0.422,0.422,0.422,0.422,0.422,0.422,0.422,0.422,0.422,0.422,0.422,0.422,0.422,0.422,0.422,0.422,0.422,0.422,0.422,0.422,0.422,0.422
RGI60-19.02353,0.949,0.949,0.949,0.949,0.949,0.949,0.949,0.949,0.949,0.949,0.949,0.949,0.949,0.949,0.949,0.949,0.949,0.949,0.949,0.949,0.949,0.949,0.949,0.949,0.323,0.323,0.422,0.422,0.422,0.422,0.422,0.422,0.422,0.422,0.422,0.422,0.422,0.422,0.422,0.422,0.422,0.422,0.422,0.422,0.422,0.422,0.422,0.422,0.422,0.422
RGI60-19.02354,0.949,0.949,0.949,0.949,0.949,0.949,0.949,0.949,0.949,0.949,0.949,0.949,0.949,0.949,0.949,0.949,0.949,0.949,0.949,0.949,0.949,0.949,0.949,0.949,0.322,0.322,0.421,0.421,0.421,0.421,0.421,0.421,0.421,0.421,0.421,0.421,0.421,0.421,0.421,0.421,0.421,0.421,0.421,0.421,0.421,0.421,0.421,0.421,0.421,0.421
RGI60-19.02355,0.949,0.949,0.949,0.949,0.949,0.949,0.949,0.949,0.949,0.949,0.949,0.949,0.949,0.949,0.949,0.949,0.949,0.949,0.949,0.949,0.949,0.949,0.949,0.949,0.322,0.322,0.421,0.421,0.421,0.421,0.421,0.421,0.421,0.421,0.421,0.421,0.421,0.421,0.421,0.421,0.421,0.421,0.421,0.421,0.421,0.421,0.421,0.421,0.421,0.421
RGI60-19.02356,0.949,0.949,0.949,0.949,0.949,0.949,0.949,0.949,0.949,0.949,0.949,0.949,0.949,0.949,0.949,0.949,0.949,0.949,0.949,0.949,0.949,0.949,0.949,0.949,0.322,0.322,0.421,0.421,0.421,0.421,0.421,0.421,0.421,0.421,0.421,0.421,0.421,0.421,0.421,0.421,0.421,0.421,0.421,0.421,0.421,0.421,0.421,0.421,0.421,0.421
RGI60-19.02357,0.949,0.949,0.949,0.949,0.949,0.949,0.949,0.949,0.949,0.949,0.949,0.949,0.949,0.949,0.949,0.949,0.949,0.949,0.949,0.949,0.949,0.949,0.949,0.949,0.322,0.322,0.421,0.421,0.421,0.421,0.421,0.421,0.421,0.421,0.421,0.421,0.421,0.421,0.421,0.421,0.421,0.421,0.421,0.421,0.421,0.421,0.421,0.421,0.421,0.421
RGI60-19.02358,0.949,0.949,0.949,0.949,0.949,0.949,0.949,0.949,0.949,0.949,0.949,0.949,0.949,0.949,0.949,0.949,0.949,0.949,0.949,0.949,0.949,0.949,0.949,0.949,0.322,0.322,0.421,0.421,0.421,0.421,0.421,0.421,0.421,0.421,0.421,0.421,0.421,0.421,0.421,0.421,0.421,0.421,0.421,0.421,0.421,0.421,0.421,0.421,0.421,0.421
RGI60-19.02359,0.949,0.949,0.949,0.949,0.949,0.949,0.949,0.949,0.949,0.949,0.949,0.949,0.949,0.949,0.949,0.949,0.949,0.949,0.949,0.949,0.949,0.949,0.949,0.949,0.322,0.322,0.421,0.421,0.421,0.421,0.421,0.421,0.421,0.421,0.421,0.421,0.421,0.421,0.421,0.421,0.421,0.421,0.421,0.421,0.421,0.421,0.421,0.421,0.421,0.421
RGI60-19.02360,0.949,0.949,0.949,0.949,0.949,0.949,0.949,0.949,0.949,0.949,0.949,0.949,0.949,0.949,0.949,0.949,0.949,0.949,0.949,0.949,0.949,0.949,0.949,0.949,0.322,0.322,0.421,0.421,0.421,0.421,0.421,0.421,0.421,0.421,0.421,0.421,0.421,0.421,0.421,0.421,0.421,0.421,0.421,0.421,0.421,0.421,0.421,0.421,0.421,0.421
RGI60-19.02361,0.949,0.949,0.949,0.949,0.949,0.949,0.949,0.949,0.949,0.949,0.949,0.949,0.949,0.949,0.949,0.949,0.949,0.949,0.949,0.949,0.949,0.949,0.949,0.949,0.322,0.322,0.421,0.421,0.421,0.421,0.421,0.421,0.421,0.421,0.421,0.421,0.421,0.421,0.421,0.421,0.421,0.421,0.421,0.421,0.421,0.421,0.421,0.421,0.421,0.421
RGI60-19.02362,0.949,0.949,0.949,0.949,0.949,0.949,0.949,0.949,0.949,0.949,0.949,0.949,0.949,0.949,0.949,0.949,0.949,0.949,0.949,0.949,0.949,0.949,0.949,0.949,0.323,0.323,0.422,0.422,0.422,0.422,0.422,0.422,0.422,0.422,0.422,0.422,0.422,0.422,0.422,0.422,0.422,0.422,0.422,0.422,0.422,0.422,0.422,0.422,0.422,0.422
RGI60-19.02363,0.949,0.949,0.949,0.949,0.949,0.949,0.949,0.949,0.949,0.949,0.949,0.949,0.949,0.949,0.949,0.949,0.949,0.949,0.949,0.949,0.949,0.949,0.949,0.949,0.323,0.323,0.422,0.422,0.422,0.422,0.422,0.422,0.422,0.422,0.422,0.422,0.422,0.422,0.422,0.422,0.422,0.422,0.422,0.422,0.422,0.422,0.422,0.422,0.422,0.422
RGI60-19.02364,0.949,0.949,0.949,0.949,0.949,0.949,0.949,0.949,0.949,0.949,0.949,0.949,0.949,0.949,0.949,0.949,0.949,0.949,0.949,0.949,0.949,0.949,0.949,0.949,0.323,0.323,0.422,0.422,0.422,0.422,0.422,0.422,0.422,0.422,0.422,0.422,0.422,0.422,0.422,0.422,0.422,0.422,0.422,0.422,0.422,0.422,0.422,0.422,0.422,0.422
RGI60-19.02365,0.949,0.949,0.949,0.949,0.949,0.949,0.949,0.949,0.949,0.949,0.949,0.949,0.949,0.949,0.949,0.949,0.949,0.949,0.949,0.949,0.949,0.949,0.949,0.949,0.322,0.322,0.421,0.421,0.421,0.421,0.421,0.421,0.421,0.421,0.421,0.421,0.421,0.421,0.421,0.421,0.421,0.421,0.421,0.421,0.421,0.421,0.421,0.421,0.421,0.421
RGI60-19.02366,0.949,0.949,0.949,0.949,0.949,0.949,0.949,0.949,0.949,0.949,0.949,0.949,0.949,0.949,0.949,0.949,0.949,0.949,0.949,0.949,0.949,0.949,0.949,0.949,0.322,0.322,0.421,0.421,0.421,0.421,0.421,0.421,0.421,0.421,0.421,0.421,0.421,0.421,0.421,0.421,0.421,0.421,0.421,0.421,0.421,0.421,0.421,0.421,0.421,0.421
RGI60-19.02367,0.949,0.949,0.949,0.949,0.949,0.949,0.949,0.949,0.949,0.949,0.949,0.949,0.949,0.949,0.949,0.949,0.949,0.949,0.949,0.949,0.949,0.949,0.949,0.949,0.322,0.322,0.421,0.421,0.421,0.421,0.421,0.421,0.421,0.421,0.421,0.421,0.421,0.421,0.421,0.421,0.421,0.421,0.421,0.421,0.421,0.421,0.421,0.421,0.421,0.421
RGI60-19.02368,0.949,0.949,0.949,0.949,0.949,0.949,0.949,0.949,0.949,0.949,0.949,0.949,0.949,0.949,0.949,0.949,0.949,0.949,0.949,0.949,0.949,0.949,0.949,0.949,0.323,0.323,0.422,0.422,0.422,0.422,0.422,0.422,0.422,0.422,0.422,0.422,0.422,0.422,0.422,0.422,0.422,0.422,0.422,0.422,0.422,0.422,0.422,0.422,0.422,0.422
RGI60-19.02369,0.949,0.949,0.949,0.949,0.949,0.949,0.949,0.949,0.949,0.949,0.949,0.949,0.949,0.949,0.949,0.949,0.949,0.949,0.949,0.949,0.949,0.949,0.949,0.949,0.323,0.323,0.422,0.422,0.422,0.422,0.422,0.422,0.422,0.422,0.422,0.422,0.422,0.422,0.422,0.422,0.422,0.422,0.422,0.422,0.422,0.422,0.422,0.422,0.422,0.422
RGI60-19.02370,0.945,0.945,0.945,0.945,0.945,0.945,0.945,0.945,0.945,0.945,0.945,0.945,0.945,0.945,0.945,0.945,0.945,0.945,0.945,0.945,0.945,0.945,0.945,0.945,0.315,0.315,0.409,0.409,0.409,0.409,0.409,0.409,0.409,0.409,0.409,0.409,0.409,0.409,0.409,0.409,0.409,0.409,0.409,0.409,0.409,0.409,0.409,0.409,0.409,0.409
RGI60-19.02371,0.949,0.949,0.949,0.949,0.949,0.949,0.949,0.949,0.949,0.949,0.949,0.949,0.949,0.949,0.949,0.949,0.949,0.949,0.949,0.949,0.949,0.949,0.949,0.949,0.322,0.322,0.421,0.421,0.421,0.421,0.421,0.421,0.421,0.421,0.421,0.421,0.421,0.421,0.421,0.421,0.421,0.421,0.421,0.421,0.421,0.421,0.421,0.421,0.421,0.421
RGI60-19.02372,0.945,0.945,0.945,0.945,0.945,0.945,0.945,0.945,0.945,0.945,0.945,0.945,0.945,0.945,0.945,0.945,0.945,0.945,0.945,0.945,0.945,0.945,0.945,0.945,0.315,0.315,0.409,0.409,0.409,0.409,0.409,0.409,0.409,0.409,0.409,0.409,0.409,0.409,0.409,0.409,0.409,0.409,0.409,0.409,0.409,0.409,0.409,0.409,0.409,0.409
RGI60-19.02373,0.949,0.949,0.949,0.949,0.949,0.949,0.949,0.949,0.949,0.949,0.949,0.949,0.949,0.949,0.949,0.949,0.949,0.949,0.949,0.949,0.949,0.949,0.949,0.949,0.322,0.322,0.421,0.421,0.421,0.421,0.421,0.421,0.421,0.421,0.421,0.421,0.421,0.421,0.421,0.421,0.421,0.421,0.421,0.421,0.421,0.421,0.421,0.421,0.421,0.421
RGI60-19.02374,0.949,0.949,0.949,0.949,0.949,0.949,0.949,0.949,0.949,0.949,0.949,0.949,0.949,0.949,0.949,0.949,0.949,0.949,0.949,0.949,0.949,0.949,0.949,0.949,0.322,0.322,0.421,0.421,0.421,0.421,0.421,0.421,0.421,0.421,0.421,0.421,0.421,0.421,0.421,0.421,0.421,0.421,0.421,0.421,0.421,0.421,0.421,0.421,0.421,0.421
RGI60-19.02375,0.949,0.949,0.949,0.949,0.949,0.949,0.949,0.949,0.949,0.949,0.949,0.949,0.949,0.949,0.949,0.949,0.949,0.949,0.949,0.949,0.949,0.949,0.949,0.949,0.322,0.322,0.421,0.421,0.421,0.421,0.421,0.421,0.421,0.421,0.421,0.421,0.421,0.421,0.421,0.421,0.421,0.421,0.421,0.421,0.421,0.421,0.421,0.421,0.421,0.421
RGI60-19.02376,0.949,0.949,0.949,0.949,0.949,0.949,0.949,0.949,0.949,0.949,0.949,0.949,0.949,0.949,0.949,0.949,0.949,0.949,0.949,0.949,0.949,0.949,0.949,0.949,0.322,0.322,0.421,0.421,0.421,0.421,0.421,0.421,0.421,0.421,0.421,0.421,0.421,0.421,0.421,0.421,0.421,0.421,0.421,0.421,0.421,0.421,0.421,0.421,0.421,0.421
RGI60-19.02377,0.949,0.949,0.949,0.949,0.949,0.949,0.949,0.949,0.949,0.949,0.949,0.949,0.949,0.949,0.949,0.949,0.949,0.949,0.949,0.949,0.949,0.949,0.949,0.949,0.322,0.322,0.421,0.421,0.421,0.421,0.421,0.421,0.421,0.421,0.421,0.421,0.421,0.421,0.421,0.421,0.421,0.421,0.421,0.421,0.421,0.421,0.421,0.421,0.421,0.421
RGI60-19.02378,0.949,0.949,0.949,0.949,0.949,0.949,0.949,0.949,0.949,0.949,0.949,0.949,0.949,0.949,0.949,0.949,0.949,0.949,0.949,0.949,0.949,0.949,0.949,0.949,0.323,0.323,0.422,0.422,0.422,0.422,0.422,0.422,0.422,0.422,0.422,0.422,0.422,0.422,0.422,0.422,0.422,0.422,0.422,0.422,0.422,0.422,0.422,0.422,0.422,0.422
RGI60-19.02379,0.949,0.949,0.949,0.949,0.949,0.949,0.949,0.949,0.949,0.949,0.949,0.949,0.949,0.949,0.949,0.949,0.949,0.949,0.949,0.949,0.949,0.949,0.949,0.949,0.323,0.323,0.422,0.422,0.422,0.422,0.422,0.422,0.422,0.422,0.422,0.422,0.422,0.422,0.422,0.422,0.422,0.422,0.422,0.422,0.422,0.422,0.422,0.422,0.422,0.422
RGI60-19.02380,0.949,0.949,0.949,0.949,0.949,0.949,0.949,0.949,0.949,0.949,0.949,0.949,0.949,0.949,0.949,0.949,0.949,0.949,0.949,0.949,0.949,0.949,0.949,0.949,0.323,0.323,0.422,0.422,0.422,0.422,0.422,0.422,0.422,0.422,0.422,0.422,0.422,0.422,0.422,0.422,0.422,0.422,0.422,0.422,0.422,0.422,0.422,0.422,0.422,0.422
RGI60-19.02381,0.949,0.949,0.949,0.949,0.949,0.949,0.949,0.949,0.949,0.949,0.949,0.949,0.949,0.949,0.949,0.949,0.949,0.949,0.949,0.949,0.949,0.949,0.949,0.949,0.323,0.323,0.422,0.422,0.422,0.422,0.422,0.422,0.422,0.422,0.422,0.422,0.422,0.422,0.422,0.422,0.422,0.422,0.422,0.422,0.422,0.422,0.422,0.422,0.422,0.422
RGI60-19.02382,0.949,0.949,0.949,0.949,0.949,0.949,0.949,0.949,0.949,0.949,0.949,0.949,0.949,0.949,0.949,0.949,0.949,0.949,0.949,0.949,0.949,0.949,0.949,0.949,0.322,0.322,0.421,0.421,0.421,0.421,0.421,0.421,0.421,0.421,0.421,0.421,0.421,0.421,0.421,0.421,0.421,0.421,0.421,0.421,0.421,0.421,0.421,0.421,0.421,0.421
RGI60-19.02383,0.949,0.949,0.949,0.949,0.949,0.949,0.949,0.949,0.949,0.949,0.949,0.949,0.949,0.949,0.949,0.949,0.949,0.949,0.949,0.949,0.949,0.949,0.949,0.949,0.322,0.322,0.421,0.421,0.421,0.421,0.421,0.421,0.421,0.421,0.421,0.421,0.421,0.421,0.421,0.421,0.421,0.421,0.421,0.421,0.421,0.421,0.421,0.421,0.421,0.421
RGI60-19.02384,0.949,0.949,0.949,0.949,0.949,0.949,0.949,0.949,0.949,0.949,0.949,0.949,0.949,0.949,0.949,0.949,0.949,0.949,0.949,0.949,0.949,0.949,0.949,0.949,0.322,0.322,0.421,0.421,0.421,0.421,0.421,0.421,0.421,0.421,0.421,0.421,0.421,0.421,0.421,0.421,0.421,0.421,0.421,0.421,0.421,0.421,0.421,0.421,0.421,0.421
RGI60-19.02385,0.949,0.949,0.949,0.949,0.949,0.949,0.949,0.949,0.949,0.949,0.949,0.949,0.949,0.949,0.949,0.949,0.949,0.949,0.949,0.949,0.949,0.949,0.949,0.949,0.322,0.322,0.421,0.421,0.421,0.421,0.421,0.421,0.421,0.421,0.421,0.421,0.421,0.421,0.421,0.421,0.421,0.421,0.421,0.421,0.421,0.421,0.421,0.421,0.421,0.421
RGI60-19.02386,0.949,0.949,0.949,0.949,0.949,0.949,0.949,0.949,0.949,0.949,0.949,0.949,0.949,0.949,0.949,0.949,0.949,0.949,0.949,0.949,0.949,0.949,0.949,0.949,0.322,0.322,0.421,0.421,0.421,0.421,0.421,0.421,0.421,0.421,0.421,0.421,0.421,0.421,0.421,0.421,0.421,0.421,0.421,0.421,0.421,0.421,0.421,0.421,0.421,0.421
RGI60-19.02387,0.949,0.949,0.949,0.949,0.949,0.949,0.949,0.949,0.949,0.949,0.949,0.949,0.949,0.949,0.949,0.949,0.949,0.949,0.949,0.949,0.949,0.949,0.949,0.949,0.322,0.322,0.421,0.421,0.421,0.421,0.421,0.421,0.421,0.421,0.421,0.421,0.421,0.421,0.421,0.421,0.421,0.421,0.421,0.421,0.421,0.421,0.421,0.421,0.421,0.421
RGI60-19.02388,0.949,0.949,0.949,0.949,0.949,0.949,0.949,0.949,0.949,0.949,0.949,0.949,0.949,0.949,0.949,0.949,0.949,0.949,0.949,0.949,0.949,0.949,0.949,0.949,0.322,0.322,0.421,0.421,0.421,0.421,0.421,0.421,0.421,0.421,0.421,0.421,0.421,0.421,0.421,0.421,0.421,0.421,0.421,0.421,0.421,0.421,0.421,0.421,0.421,0.421
RGI60-19.02389,0.949,0.949,0.949,0.949,0.949,0.949,0.949,0.949,0.949,0.949,0.949,0.949,0.949,0.949,0.949,0.949,0.949,0.949,0.949,0.949,0.949,0.949,0.949,0.949,0.322,0.322,0.421,0.421,0.421,0.421,0.421,0.421,0.421,0.421,0.421,0.421,0.421,0.421,0.421,0.421,0.421,0.421,0.421,0.421,0.421,0.421,0.421,0.421,0.421,0.421
RGI60-19.02390,0.949,0.949,0.949,0.949,0.949,0.949,0.949,0.949,0.949,0.949,0.949,0.949,0.949,0.949,0.949,0.949,0.949,0.949,0.949,0.949,0.949,0.949,0.949,0.949,0.322,0.322,0.421,0.421,0.421,0.421,0.421,0.421,0.421,0.421,0.421,0.421,0.421,0.421,0.421,0.421,0.421,0.421,0.421,0.421,0.421,0.421,0.421,0.421,0.421,0.421
RGI60-19.02391,0.949,0.949,0.949,0.949,0.949,0.949,0.949,0.949,0.949,0.949,0.949,0.949,0.949,0.949,0.949,0.949,0.949,0.949,0.949,0.949,0.949,0.949,0.949,0.949,0.322,0.322,0.422,0.422,0.422,0.422,0.422,0.422,0.422,0.422,0.422,0.422,0.422,0.422,0.422,0.422,0.422,0.422,0.422,0.422,0.422,0.422,0.422,0.422,0.422,0.422
RGI60-19.02392,0.949,0.949,0.949,0.949,0.949,0.949,0.949,0.949,0.949,0.949,0.949,0.949,0.949,0.949,0.949,0.949,0.949,0.949,0.949,0.949,0.949,0.949,0.949,0.949,0.322,0.322,0.422,0.422,0.422,0.422,0.422,0.422,0.422,0.422,0.422,0.422,0.422,0.422,0.422,0.422,0.422,0.422,0.422,0.422,0.422,0.422,0.422,0.422,0.422,0.422
RGI60-19.02393,0.949,0.949,0.949,0.949,0.949,0.949,0.949,0.949,0.949,0.949,0.949,0.949,0.949,0.949,0.949,0.949,0.949,0.949,0.949,0.949,0.949,0.949,0.949,0.949,0.323,0.323,0.422,0.422,0.422,0.422,0.422,0.422,0.422,0.422,0.422,0.422,0.422,0.422,0.422,0.422,0.422,0.422,0.422,0.422,0.422,0.422,0.422,0.422,0.422,0.422
RGI60-19.02394,0.949,0.949,0.949,0.949,0.949,0.949,0.949,0.949,0.949,0.949,0.949,0.949,0.949,0.949,0.949,0.949,0.949,0.949,0.949,0.949,0.949,0.949,0.949,0.949,0.323,0.323,0.422,0.422,0.422,0.422,0.422,0.422,0.422,0.422,0.422,0.422,0.422,0.422,0.422,0.422,0.422,0.422,0.422,0.422,0.422,0.422,0.422,0.422,0.422,0.422
RGI60-19.02395,0.949,0.949,0.949,0.949,0.949,0.949,0.949,0.949,0.949,0.949,0.949,0.949,0.949,0.949,0.949,0.949,0.949,0.949,0.949,0.949,0.949,0.949,0.949,0.949,0.322,0.322,0.422,0.422,0.422,0.422,0.422,0.422,0.422,0.422,0.422,0.422,0.422,0.422,0.422,0.422,0.422,0.422,0.422,0.422,0.422,0.422,0.422,0.422,0.422,0.422
RGI60-19.02396,0.949,0.949,0.949,0.949,0.949,0.949,0.949,0.949,0.949,0.949,0.949,0.949,0.949,0.949,0.949,0.949,0.949,0.949,0.949,0.949,0.949,0.949,0.949,0.949,0.323,0.323,0.422,0.422,0.422,0.422,0.422,0.422,0.422,0.422,0.422,0.422,0.422,0.422,0.422,0.422,0.422,0.422,0.422,0.422,0.422,0.422,0.422,0.422,0.422,0.422
RGI60-19.02397,0.949,0.949,0.949,0.949,0.949,0.949,0.949,0.949,0.949,0.949,0.949,0.949,0.949,0.949,0.949,0.949,0.949,0.949,0.949,0.949,0.949,0.949,0.949,0.949,0.322,0.322,0.422,0.422,0.422,0.422,0.422,0.422,0.422,0.422,0.422,0.422,0.422,0.422,0.422,0.422,0.422,0.422,0.422,0.422,0.422,0.422,0.422,0.422,0.422,0.422
RGI60-19.02398,0.949,0.949,0.949,0.949,0.949,0.949,0.949,0.949,0.949,0.949,0.949,0.949,0.949,0.949,0.949,0.949,0.949,0.949,0.949,0.949,0.949,0.949,0.949,0.949,0.323,0.323,0.422,0.422,0.422,0.422,0.422,0.422,0.422,0.422,0.422,0.422,0.422,0.422,0.422,0.422,0.422,0.422,0.422,0.422,0.422,0.422,0.422,0.422,0.422,0.422
RGI60-19.02399,0.949,0.949,0.949,0.949,0.949,0.949,0.949,0.949,0.949,0.949,0.949,0.949,0.949,0.949,0.949,0.949,0.949,0.949,0.949,0.949,0.949,0.949,0.949,0.949,0.323,0.323,0.422,0.422,0.422,0.422,0.422,0.422,0.422,0.422,0.422,0.422,0.422,0.422,0.422,0.422,0.422,0.422,0.422,0.422,0.422,0.422,0.422,0.422,0.422,0.422
RGI60-19.02400,0.949,0.949,0.949,0.949,0.949,0.949,0.949,0.949,0.949,0.949,0.949,0.949,0.949,0.949,0.949,0.949,0.949,0.949,0.949,0.949,0.949,0.949,0.949,0.949,0.323,0.323,0.422,0.422,0.422,0.422,0.422,0.422,0.422,0.422,0.422,0.422,0.422,0.422,0.422,0.422,0.422,0.422,0.422,0.422,0.422,0.422,0.422,0.422,0.422,0.422
RGI60-19.02401,0.949,0.949,0.949,0.949,0.949,0.949,0.949,0.949,0.949,0.949,0.949,0.949,0.949,0.949,0.949,0.949,0.949,0.949,0.949,0.949,0.949,0.949,0.949,0.949,0.323,0.323,0.422,0.422,0.422,0.422,0.422,0.422,0.422,0.422,0.422,0.422,0.422,0.422,0.422,0.422,0.422,0.422,0.422,0.422,0.422,0.422,0.422,0.422,0.422,0.422
RGI60-19.02402,0.949,0.949,0.949,0.949,0.949,0.949,0.949,0.949,0.949,0.949,0.949,0.949,0.949,0.949,0.949,0.949,0.949,0.949,0.949,0.949,0.949,0.949,0.949,0.949,0.323,0.323,0.422,0.422,0.422,0.422,0.422,0.422,0.422,0.422,0.422,0.422,0.422,0.422,0.422,0.422,0.422,0.422,0.422,0.422,0.422,0.422,0.422,0.422,0.422,0.422
RGI60-19.02403,0.949,0.949,0.949,0.949,0.949,0.949,0.949,0.949,0.949,0.949,0.949,0.949,0.949,0.949,0.949,0.949,0.949,0.949,0.949,0.949,0.949,0.949,0.949,0.949,0.322,0.322,0.421,0.421,0.421,0.421,0.421,0.421,0.421,0.421,0.421,0.421,0.421,0.421,0.421,0.421,0.421,0.421,0.421,0.421,0.421,0.421,0.421,0.421,0.421,0.421
RGI60-19.02404,0.949,0.949,0.949,0.949,0.949,0.949,0.949,0.949,0.949,0.949,0.949,0.949,0.949,0.949,0.949,0.949,0.949,0.949,0.949,0.949,0.949,0.949,0.949,0.949,0.322,0.322,0.421,0.421,0.421,0.421,0.421,0.421,0.421,0.421,0.421,0.421,0.421,0.421,0.421,0.421,0.421,0.421,0.421,0.421,0.421,0.421,0.421,0.421,0.421,0.421
RGI60-19.02405,0.949,0.949,0.949,0.949,0.949,0.949,0.949,0.949,0.949,0.949,0.949,0.949,0.949,0.949,0.949,0.949,0.949,0.949,0.949,0.949,0.949,0.949,0.949,0.949,0.322,0.322,0.421,0.421,0.421,0.421,0.421,0.421,0.421,0.421,0.421,0.421,0.421,0.421,0.421,0.421,0.421,0.421,0.421,0.421,0.421,0.421,0.421,0.421,0.421,0.421
RGI60-19.02406,0.949,0.949,0.949,0.949,0.949,0.949,0.949,0.949,0.949,0.949,0.949,0.949,0.949,0.949,0.949,0.949,0.949,0.949,0.949,0.949,0.949,0.949,0.949,0.949,0.322,0.322,0.421,0.421,0.421,0.421,0.421,0.421,0.421,0.421,0.421,0.421,0.421,0.421,0.421,0.421,0.421,0.421,0.421,0.421,0.421,0.421,0.421,0.421,0.421,0.421
RGI60-19.02407,0.949,0.949,0.949,0.949,0.949,0.949,0.949,0.949,0.949,0.949,0.949,0.949,0.949,0.949,0.949,0.949,0.949,0.949,0.949,0.949,0.949,0.949,0.949,0.949,0.322,0.322,0.421,0.421,0.421,0.421,0.421,0.421,0.421,0.421,0.421,0.421,0.421,0.421,0.421,0.421,0.421,0.421,0.421,0.421,0.421,0.421,0.421,0.421,0.421,0.421
RGI60-19.02408,0.949,0.949,0.949,0.949,0.949,0.949,0.949,0.949,0.949,0.949,0.949,0.949,0.949,0.949,0.949,0.949,0.949,0.949,0.949,0.949,0.949,0.949,0.949,0.949,0.322,0.322,0.421,0.421,0.421,0.421,0.421,0.421,0.421,0.421,0.421,0.421,0.421,0.421,0.421,0.421,0.421,0.421,0.421,0.421,0.421,0.421,0.421,0.421,0.421,0.421
RGI60-19.02409,0.945,0.945,0.945,0.945,0.945,0.945,0.945,0.945,0.945,0.945,0.945,0.945,0.945,0.945,0.945,0.945,0.945,0.945,0.945,0.945,0.945,0.945,0.945,0.945,0.315,0.315,0.409,0.409,0.409,0.409,0.409,0.409,0.409,0.409,0.409,0.409,0.409,0.409,0.409,0.409,0.409,0.409,0.409,0.409,0.409,0.409,0.409,0.409,0.409,0.409
RGI60-19.02410,0.949,0.949,0.949,0.949,0.949,0.949,0.949,0.949,0.949,0.949,0.949,0.949,0.949,0.949,0.949,0.949,0.949,0.949,0.949,0.949,0.949,0.949,0.949,0.949,0.322,0.322,0.421,0.421,0.421,0.421,0.421,0.421,0.421,0.421,0.421,0.421,0.421,0.421,0.421,0.421,0.421,0.421,0.421,0.421,0.421,0.421,0.421,0.421,0.421,0.421
RGI60-19.02411,0.949,0.949,0.949,0.949,0.949,0.949,0.949,0.949,0.949,0.949,0.949,0.949,0.949,0.949,0.949,0.949,0.949,0.949,0.949,0.949,0.949,0.949,0.949,0.949,0.322,0.322,0.421,0.421,0.421,0.421,0.421,0.421,0.421,0.421,0.421,0.421,0.421,0.421,0.421,0.421,0.421,0.421,0.421,0.421,0.421,0.421,0.421,0.421,0.421,0.421
RGI60-19.02412,0.949,0.949,0.949,0.949,0.949,0.949,0.949,0.949,0.949,0.949,0.949,0.949,0.949,0.949,0.949,0.949,0.949,0.949,0.949,0.949,0.949,0.949,0.949,0.949,0.322,0.322,0.421,0.421,0.421,0.421,0.421,0.421,0.421,0.421,0.421,0.421,0.421,0.421,0.421,0.421,0.421,0.421,0.421,0.421,0.421,0.421,0.421,0.421,0.421,0.421
RGI60-19.02413,0.949,0.949,0.949,0.949,0.949,0.949,0.949,0.949,0.949,0.949,0.949,0.949,0.949,0.949,0.949,0.949,0.949,0.949,0.949,0.949,0.949,0.949,0.949,0.949,0.322,0.322,0.421,0.421,0.421,0.421,0.421,0.421,0.421,0.421,0.421,0.421,0.421,0.421,0.421,0.421,0.421,0.421,0.421,0.421,0.421,0.421,0.421,0.421,0.421,0.421
RGI60-19.02414,0.949,0.949,0.949,0.949,0.949,0.949,0.949,0.949,0.949,0.949,0.949,0.949,0.949,0.949,0.949,0.949,0.949,0.949,0.949,0.949,0.949,0.949,0.949,0.949,0.322,0.322,0.421,0.421,0.421,0.421,0.421,0.421,0.421,0.421,0.421,0.421,0.421,0.421,0.421,0.421,0.421,0.421,0.421,0.421,0.421,0.421,0.421,0.421,0.421,0.421
RGI60-19.02415,0.949,0.949,0.949,0.949,0.949,0.949,0.949,0.949,0.949,0.949,0.949,0.949,0.949,0.949,0.949,0.949,0.949,0.949,0.949,0.949,0.949,0.949,0.949,0.949,0.322,0.322,0.421,0.421,0.421,0.421,0.421,0.421,0.421,0.421,0.421,0.421,0.421,0.421,0.421,0.421,0.421,0.421,0.421,0.421,0.421,0.421,0.421,0.421,0.421,0.421
RGI60-19.02416,0.945,0.945,0.945,0.945,0.945,0.945,0.945,0.945,0.945,0.945,0.945,0.945,0.945,0.945,0.945,0.945,0.945,0.945,0.945,0.945,0.945,0.945,0.945,0.945,0.315,0.315,0.409,0.409,0.409,0.409,0.409,0.409,0.409,0.409,0.409,0.409,0.409,0.409,0.409,0.409,0.409,0.409,0.409,0.409,0.409,0.409,0.409,0.409,0.409,0.409
RGI60-19.02417,0.945,0.945,0.945,0.945,0.945,0.945,0.945,0.945,0.945,0.945,0.945,0.945,0.945,0.945,0.945,0.945,0.945,0.945,0.945,0.945,0.945,0.945,0.945,0.945,0.315,0.315,0.409,0.409,0.409,0.409,0.409,0.409,0.409,0.409,0.409,0.409,0.409,0.409,0.409,0.409,0.409,0.409,0.409,0.409,0.409,0.409,0.409,0.409,0.409,0.409
RGI60-19.02418,0.945,0.945,0.945,0.945,0.945,0.945,0.945,0.945,0.945,0.945,0.945,0.945,0.945,0.945,0.945,0.945,0.945,0.945,0.945,0.945,0.945,0.945,0.945,0.945,0.315,0.315,0.409,0.409,0.409,0.409,0.409,0.409,0.409,0.409,0.409,0.409,0.409,0.409,0.409,0.409,0.409,0.409,0.409,0.409,0.409,0.409,0.409,0.409,0.409,0.409
RGI60-19.02419,0.945,0.945,0.945,0.945,0.945,0.945,0.945,0.945,0.945,0.945,0.945,0.945,0.945,0.945,0.945,0.945,0.945,0.945,0.945,0.945,0.945,0.945,0.945,0.945,0.315,0.315,0.409,0.409,0.409,0.409,0.409,0.409,0.409,0.409,0.409,0.409,0.409,0.409,0.409,0.409,0.409,0.409,0.409,0.409,0.409,0.409,0.409,0.409,0.409,0.409
RGI60-19.02420,0.945,0.945,0.945,0.945,0.945,0.945,0.945,0.945,0.945,0.945,0.945,0.945,0.945,0.945,0.945,0.945,0.945,0.945,0.945,0.945,0.945,0.945,0.945,0.945,0.315,0.315,0.409,0.409,0.409,0.409,0.409,0.409,0.409,0.409,0.409,0.409,0.409,0.409,0.409,0.409,0.409,0.409,0.409,0.409,0.409,0.409,0.409,0.409,0.409,0.409
RGI60-19.02421,0.949,0.949,0.949,0.949,0.949,0.949,0.949,0.949,0.949,0.949,0.949,0.949,0.949,0.949,0.949,0.949,0.949,0.949,0.949,0.949,0.949,0.949,0.949,0.949,0.322,0.322,0.421,0.421,0.421,0.421,0.421,0.421,0.421,0.421,0.421,0.421,0.421,0.421,0.421,0.421,0.421,0.421,0.421,0.421,0.421,0.421,0.421,0.421,0.421,0.421
RGI60-19.02422,0.949,0.949,0.949,0.949,0.949,0.949,0.949,0.949,0.949,0.949,0.949,0.949,0.949,0.949,0.949,0.949,0.949,0.949,0.949,0.949,0.949,0.949,0.949,0.949,0.322,0.322,0.421,0.421,0.421,0.421,0.421,0.421,0.421,0.421,0.421,0.421,0.421,0.421,0.421,0.421,0.421,0.421,0.421,0.421,0.421,0.421,0.421,0.421,0.421,0.421
RGI60-19.02423,0.949,0.949,0.949,0.949,0.949,0.949,0.949,0.949,0.949,0.949,0.949,0.949,0.949,0.949,0.949,0.949,0.949,0.949,0.949,0.949,0.949,0.949,0.949,0.949,0.322,0.322,0.421,0.421,0.421,0.421,0.421,0.421,0.421,0.421,0.421,0.421,0.421,0.421,0.421,0.421,0.421,0.421,0.421,0.421,0.421,0.421,0.421,0.421,0.421,0.421
RGI60-19.02424,0.949,0.949,0.949,0.949,0.949,0.949,0.949,0.949,0.949,0.949,0.949,0.949,0.949,0.949,0.949,0.949,0.949,0.949,0.949,0.949,0.949,0.949,0.949,0.949,0.322,0.322,0.421,0.421,0.421,0.421,0.421,0.421,0.421,0.421,0.421,0.421,0.421,0.421,0.421,0.421,0.421,0.421,0.421,0.421,0.421,0.421,0.421,0.421,0.421,0.421
RGI60-19.02425,0.949,0.949,0.949,0.949,0.949,0.949,0.949,0.949,0.949,0.949,0.949,0.949,0.949,0.949,0.949,0.949,0.949,0.949,0.949,0.949,0.949,0.949,0.949,0.949,0.322,0.322,0.421,0.421,0.421,0.421,0.421,0.421,0.421,0.421,0.421,0.421,0.421,0.421,0.421,0.421,0.421,0.421,0.421,0.421,0.421,0.421,0.421,0.421,0.421,0.421
RGI60-19.02426,0.949,0.949,0.949,0.949,0.949,0.949,0.949,0.949,0.949,0.949,0.949,0.949,0.949,0.949,0.949,0.949,0.949,0.949,0.949,0.949,0.949,0.949,0.949,0.949,0.322,0.322,0.421,0.421,0.421,0.421,0.421,0.421,0.421,0.421,0.421,0.421,0.421,0.421,0.421,0.421,0.421,0.421,0.421,0.421,0.421,0.421,0.421,0.421,0.421,0.421
RGI60-19.02427,0.949,0.949,0.949,0.949,0.949,0.949,0.949,0.949,0.949,0.949,0.949,0.949,0.949,0.949,0.949,0.949,0.949,0.949,0.949,0.949,0.949,0.949,0.949,0.949,0.322,0.322,0.421,0.421,0.421,0.421,0.421,0.421,0.421,0.421,0.421,0.421,0.421,0.421,0.421,0.421,0.421,0.421,0.421,0.421,0.421,0.421,0.421,0.421,0.421,0.421
RGI60-19.02428,0.949,0.949,0.949,0.949,0.949,0.949,0.949,0.949,0.949,0.949,0.949,0.949,0.949,0.949,0.949,0.949,0.949,0.949,0.949,0.949,0.949,0.949,0.949,0.949,0.322,0.322,0.421,0.421,0.421,0.421,0.421,0.421,0.421,0.421,0.421,0.421,0.421,0.421,0.421,0.421,0.421,0.421,0.421,0.421,0.421,0.421,0.421,0.421,0.421,0.421
RGI60-19.02429,0.945,0.945,0.945,0.945,0.945,0.945,0.945,0.945,0.945,0.945,0.945,0.945,0.945,0.945,0.945,0.945,0.945,0.945,0.945,0.945,0.945,0.945,0.945,0.945,0.315,0.315,0.409,0.409,0.409,0.409,0.409,0.409,0.409,0.409,0.409,0.409,0.409,0.409,0.409,0.409,0.409,0.409,0.409,0.409,0.409,0.409,0.409,0.409,0.409,0.409
RGI60-19.02430,0.949,0.949,0.949,0.949,0.949,0.949,0.949,0.949,0.949,0.949,0.949,0.949,0.949,0.949,0.949,0.949,0.949,0.949,0.949,0.949,0.949,0.949,0.949,0.949,0.322,0.322,0.421,0.421,0.421,0.421,0.421,0.421,0.421,0.421,0.421,0.421,0.421,0.421,0.421,0.421,0.421,0.421,0.421,0.421,0.421,0.421,0.421,0.421,0.421,0.421
RGI60-19.02431,0.949,0.949,0.949,0.949,0.949,0.949,0.949,0.949,0.949,0.949,0.949,0.949,0.949,0.949,0.949,0.949,0.949,0.949,0.949,0.949,0.949,0.949,0.949,0.949,0.322,0.322,0.421,0.421,0.421,0.421,0.421,0.421,0.421,0.421,0.421,0.421,0.421,0.421,0.421,0.421,0.421,0.421,0.421,0.421,0.421,0.421,0.421,0.421,0.421,0.421
RGI60-19.02432,0.949,0.949,0.949,0.949,0.949,0.949,0.949,0.949,0.949,0.949,0.949,0.949,0.949,0.949,0.949,0.949,0.949,0.949,0.949,0.949,0.949,0.949,0.949,0.949,0.322,0.322,0.421,0.421,0.421,0.421,0.421,0.421,0.421,0.421,0.421,0.421,0.421,0.421,0.421,0.421,0.421,0.421,0.421,0.421,0.421,0.421,0.421,0.421,0.421,0.421
RGI60-19.02433,0.949,0.949,0.949,0.949,0.949,0.949,0.949,0.949,0.949,0.949,0.949,0.949,0.949,0.949,0.949,0.949,0.949,0.949,0.949,0.949,0.949,0.949,0.949,0.949,0.322,0.322,0.421,0.421,0.421,0.421,0.421,0.421,0.421,0.421,0.421,0.421,0.421,0.421,0.421,0.421,0.421,0.421,0.421,0.421,0.421,0.421,0.421,0.421,0.421,0.421
RGI60-19.02434,0.945,0.945,0.945,0.945,0.945,0.945,0.945,0.945,0.945,0.945,0.945,0.945,0.945,0.945,0.945,0.945,0.945,0.945,0.945,0.945,0.945,0.945,0.945,0.945,0.315,0.315,0.409,0.409,0.409,0.409,0.409,0.409,0.409,0.409,0.409,0.409,0.409,0.409,0.409,0.409,0.409,0.409,0.409,0.409,0.409,0.409,0.409,0.409,0.409,0.409
RGI60-19.02435,0.949,0.949,0.949,0.949,0.949,0.949,0.949,0.949,0.949,0.949,0.949,0.949,0.949,0.949,0.949,0.949,0.949,0.949,0.949,0.949,0.949,0.949,0.949,0.949,0.322,0.322,0.421,0.421,0.421,0.421,0.421,0.421,0.421,0.421,0.421,0.421,0.421,0.421,0.421,0.421,0.421,0.421,0.421,0.421,0.421,0.421,0.421,0.421,0.421,0.421
RGI60-19.02436,0.949,0.949,0.949,0.949,0.949,0.949,0.949,0.949,0.949,0.949,0.949,0.949,0.949,0.949,0.949,0.949,0.949,0.949,0.949,0.949,0.949,0.949,0.949,0.949,0.322,0.322,0.421,0.421,0.421,0.421,0.421,0.421,0.421,0.421,0.421,0.421,0.421,0.421,0.421,0.421,0.421,0.421,0.421,0.421,0.421,0.421,0.421,0.421,0.421,0.421
RGI60-19.02437,0.949,0.949,0.949,0.949,0.949,0.949,0.949,0.949,0.949,0.949,0.949,0.949,0.949,0.949,0.949,0.949,0.949,0.949,0.949,0.949,0.949,0.949,0.949,0.949,0.322,0.322,0.421,0.421,0.421,0.421,0.421,0.421,0.421,0.421,0.421,0.421,0.421,0.421,0.421,0.421,0.421,0.421,0.421,0.421,0.421,0.421,0.421,0.421,0.421,0.421
RGI60-19.02438,0.949,0.949,0.949,0.949,0.949,0.949,0.949,0.949,0.949,0.949,0.949,0.949,0.949,0.949,0.949,0.949,0.949,0.949,0.949,0.949,0.949,0.949,0.949,0.949,0.323,0.323,0.422,0.422,0.422,0.422,0.422,0.422,0.422,0.422,0.422,0.422,0.422,0.422,0.422,0.422,0.422,0.422,0.422,0.422,0.422,0.422,0.422,0.422,0.422,0.422
RGI60-19.02439,0.945,0.945,0.945,0.945,0.945,0.945,0.945,0.945,0.945,0.945,0.945,0.945,0.945,0.945,0.945,0.945,0.945,0.945,0.945,0.945,0.945,0.945,0.945,0.945,0.315,0.315,0.409,0.409,0.409,0.409,0.409,0.409,0.409,0.409,0.409,0.409,0.409,0.409,0.409,0.409,0.409,0.409,0.409,0.409,0.409,0.409,0.409,0.409,0.409,0.409
RGI60-19.02440,0.949,0.949,0.949,0.949,0.949,0.949,0.949,0.949,0.949,0.949,0.949,0.949,0.949,0.949,0.949,0.949,0.949,0.949,0.949,0.949,0.949,0.949,0.949,0.949,0.322,0.322,0.421,0.421,0.421,0.421,0.421,0.421,0.421,0.421,0.421,0.421,0.421,0.421,0.421,0.421,0.421,0.421,0.421,0.421,0.421,0.421,0.421,0.421,0.421,0.421
RGI60-19.02441,0.949,0.949,0.949,0.949,0.949,0.949,0.949,0.949,0.949,0.949,0.949,0.949,0.949,0.949,0.949,0.949,0.949,0.949,0.949,0.949,0.949,0.949,0.949,0.949,0.322,0.322,0.421,0.421,0.421,0.421,0.421,0.421,0.421,0.421,0.421,0.421,0.421,0.421,0.421,0.421,0.421,0.421,0.421,0.421,0.421,0.421,0.421,0.421,0.421,0.421
RGI60-19.02442,0.949,0.949,0.949,0.949,0.949,0.949,0.949,0.949,0.949,0.949,0.949,0.949,0.949,0.949,0.949,0.949,0.949,0.949,0.949,0.949,0.949,0.949,0.949,0.949,0.322,0.322,0.421,0.421,0.421,0.421,0.421,0.421,0.421,0.421,0.421,0.421,0.421,0.421,0.421,0.421,0.421,0.421,0.421,0.421,0.421,0.421,0.421,0.421,0.421,0.421
RGI60-19.02443,0.945,0.945,0.945,0.945,0.945,0.945,0.945,0.945,0.945,0.945,0.945,0.945,0.945,0.945,0.945,0.945,0.945,0.945,0.945,0.945,0.945,0.945,0.945,0.945,0.315,0.315,0.409,0.409,0.409,0.409,0.409,0.409,0.409,0.409,0.409,0.409,0.409,0.409,0.409,0.409,0.409,0.409,0.409,0.409,0.409,0.409,0.409,0.409,0.409,0.409
RGI60-19.02444,0.949,0.949,0.949,0.949,0.949,0.949,0.949,0.949,0.949,0.949,0.949,0.949,0.949,0.949,0.949,0.949,0.949,0.949,0.949,0.949,0.949,0.949,0.949,0.949,0.322,0.322,0.421,0.421,0.421,0.421,0.421,0.421,0.421,0.421,0.421,0.421,0.421,0.421,0.421,0.421,0.421,0.421,0.421,0.421,0.421,0.421,0.421,0.421,0.421,0.421
RGI60-19.02445,0.949,0.949,0.949,0.949,0.949,0.949,0.949,0.949,0.949,0.949,0.949,0.949,0.949,0.949,0.949,0.949,0.949,0.949,0.949,0.949,0.949,0.949,0.949,0.949,0.322,0.322,0.421,0.421,0.421,0.421,0.421,0.421,0.421,0.421,0.421,0.421,0.421,0.421,0.421,0.421,0.421,0.421,0.421,0.421,0.421,0.421,0.421,0.421,0.421,0.421
RGI60-19.02446,0.949,0.949,0.949,0.949,0.949,0.949,0.949,0.949,0.949,0.949,0.949,0.949,0.949,0.949,0.949,0.949,0.949,0.949,0.949,0.949,0.949,0.949,0.949,0.949,0.322,0.322,0.421,0.421,0.421,0.421,0.421,0.421,0.421,0.421,0.421,0.421,0.421,0.421,0.421,0.421,0.421,0.421,0.421,0.421,0.421,0.421,0.421,0.421,0.421,0.421
RGI60-19.02447,0.949,0.949,0.949,0.949,0.949,0.949,0.949,0.949,0.949,0.949,0.949,0.949,0.949,0.949,0.949,0.949,0.949,0.949,0.949,0.949,0.949,0.949,0.949,0.949,0.322,0.322,0.421,0.421,0.421,0.421,0.421,0.421,0.421,0.421,0.421,0.421,0.421,0.421,0.421,0.421,0.421,0.421,0.421,0.421,0.421,0.421,0.421,0.421,0.421,0.421
RGI60-19.02448,0.949,0.949,0.949,0.949,0.949,0.949,0.949,0.949,0.949,0.949,0.949,0.949,0.949,0.949,0.949,0.949,0.949,0.949,0.949,0.949,0.949,0.949,0.949,0.949,0.322,0.322,0.421,0.421,0.421,0.421,0.421,0.421,0.421,0.421,0.421,0.421,0.421,0.421,0.421,0.421,0.421,0.421,0.421,0.421,0.421,0.421,0.421,0.421,0.421,0.421
RGI60-19.02449,0.949,0.949,0.949,0.949,0.949,0.949,0.949,0.949,0.949,0.949,0.949,0.949,0.949,0.949,0.949,0.949,0.949,0.949,0.949,0.949,0.949,0.949,0.949,0.949,0.322,0.322,0.421,0.421,0.421,0.421,0.421,0.421,0.421,0.421,0.421,0.421,0.421,0.421,0.421,0.421,0.421,0.421,0.421,0.421,0.421,0.421,0.421,0.421,0.421,0.421
RGI60-19.02450,0.945,0.945,0.945,0.945,0.945,0.945,0.945,0.945,0.945,0.945,0.945,0.945,0.945,0.945,0.945,0.945,0.945,0.945,0.945,0.945,0.945,0.945,0.945,0.945,0.315,0.315,0.409,0.409,0.409,0.409,0.409,0.409,0.409,0.409,0.409,0.409,0.409,0.409,0.409,0.409,0.409,0.409,0.409,0.409,0.409,0.409,0.409,0.409,0.409,0.409
RGI60-19.02451,0.945,0.945,0.945,0.945,0.945,0.945,0.945,0.945,0.945,0.945,0.945,0.945,0.945,0.945,0.945,0.945,0.945,0.945,0.945,0.945,0.945,0.945,0.945,0.945,0.315,0.315,0.409,0.409,0.409,0.409,0.409,0.409,0.409,0.409,0.409,0.409,0.409,0.409,0.409,0.409,0.409,0.409,0.409,0.409,0.409,0.409,0.409,0.409,0.409,0.409
RGI60-19.02452,0.945,0.945,0.945,0.945,0.945,0.945,0.945,0.945,0.945,0.945,0.945,0.945,0.945,0.945,0.945,0.945,0.945,0.945,0.945,0.945,0.945,0.945,0.945,0.945,0.315,0.315,0.409,0.409,0.409,0.409,0.409,0.409,0.409,0.409,0.409,0.409,0.409,0.409,0.409,0.409,0.409,0.409,0.409,0.409,0.409,0.409,0.409,0.409,0.409,0.409
RGI60-19.02453,0.949,0.949,0.949,0.949,0.949,0.949,0.949,0.949,0.949,0.949,0.949,0.949,0.949,0.949,0.949,0.949,0.949,0.949,0.949,0.949,0.949,0.949,0.949,0.949,0.323,0.323,0.422,0.422,0.422,0.422,0.422,0.422,0.422,0.422,0.422,0.422,0.422,0.422,0.422,0.422,0.422,0.422,0.422,0.422,0.422,0.422,0.422,0.422,0.422,0.422
RGI60-19.02454,0.949,0.949,0.949,0.949,0.949,0.949,0.949,0.949,0.949,0.949,0.949,0.949,0.949,0.949,0.949,0.949,0.949,0.949,0.949,0.949,0.949,0.949,0.949,0.949,0.322,0.322,0.421,0.421,0.421,0.421,0.421,0.421,0.421,0.421,0.421,0.421,0.421,0.421,0.421,0.421,0.421,0.421,0.421,0.421,0.421,0.421,0.421,0.421,0.421,0.421
RGI60-19.02455,0.949,0.949,0.949,0.949,0.949,0.949,0.949,0.949,0.949,0.949,0.949,0.949,0.949,0.949,0.949,0.949,0.949,0.949,0.949,0.949,0.949,0.949,0.949,0.949,0.323,0.323,0.422,0.422,0.422,0.422,0.422,0.422,0.422,0.422,0.422,0.422,0.422,0.422,0.422,0.422,0.422,0.422,0.422,0.422,0.422,0.422,0.422,0.422,0.422,0.422
RGI60-19.02456,0.949,0.949,0.949,0.949,0.949,0.949,0.949,0.949,0.949,0.949,0.949,0.949,0.949,0.949,0.949,0.949,0.949,0.949,0.949,0.949,0.949,0.949,0.949,0.949,0.323,0.323,0.422,0.422,0.422,0.422,0.422,0.422,0.422,0.422,0.422,0.422,0.422,0.422,0.422,0.422,0.422,0.422,0.422,0.422,0.422,0.422,0.422,0.422,0.422,0.422
RGI60-19.02457,0.949,0.949,0.949,0.949,0.949,0.949,0.949,0.949,0.949,0.949,0.949,0.949,0.949,0.949,0.949,0.949,0.949,0.949,0.949,0.949,0.949,0.949,0.949,0.949,0.323,0.323,0.422,0.422,0.422,0.422,0.422,0.422,0.422,0.422,0.422,0.422,0.422,0.422,0.422,0.422,0.422,0.422,0.422,0.422,0.422,0.422,0.422,0.422,0.422,0.422
RGI60-19.02458,0.949,0.949,0.949,0.949,0.949,0.949,0.949,0.949,0.949,0.949,0.949,0.949,0.949,0.949,0.949,0.949,0.949,0.949,0.949,0.949,0.949,0.949,0.949,0.949,0.323,0.323,0.422,0.422,0.422,0.422,0.422,0.422,0.422,0.422,0.422,0.422,0.422,0.422,0.422,0.422,0.422,0.422,0.422,0.422,0.422,0.422,0.422,0.422,0.422,0.422
RGI60-19.02459,0.949,0.949,0.949,0.949,0.949,0.949,0.949,0.949,0.949,0.949,0.949,0.949,0.949,0.949,0.949,0.949,0.949,0.949,0.949,0.949,0.949,0.949,0.949,0.949,0.323,0.323,0.422,0.422,0.422,0.422,0.422,0.422,0.422,0.422,0.422,0.422,0.422,0.422,0.422,0.422,0.422,0.422,0.422,0.422,0.422,0.422,0.422,0.422,0.422,0.422
RGI60-19.02460,0.949,0.949,0.949,0.949,0.949,0.949,0.949,0.949,0.949,0.949,0.949,0.949,0.949,0.949,0.949,0.949,0.949,0.949,0.949,0.949,0.949,0.949,0.949,0.949,0.323,0.323,0.422,0.422,0.422,0.422,0.422,0.422,0.422,0.422,0.422,0.422,0.422,0.422,0.422,0.422,0.422,0.422,0.422,0.422,0.422,0.422,0.422,0.422,0.422,0.422
RGI60-19.02461,0.949,0.949,0.949,0.949,0.949,0.949,0.949,0.949,0.949,0.949,0.949,0.949,0.949,0.949,0.949,0.949,0.949,0.949,0.949,0.949,0.949,0.949,0.949,0.949,0.323,0.323,0.422,0.422,0.422,0.422,0.422,0.422,0.422,0.422,0.422,0.422,0.422,0.422,0.422,0.422,0.422,0.422,0.422,0.422,0.422,0.422,0.422,0.422,0.422,0.422
RGI60-19.02462,0.949,0.949,0.949,0.949,0.949,0.949,0.949,0.949,0.949,0.949,0.949,0.949,0.949,0.949,0.949,0.949,0.949,0.949,0.949,0.949,0.949,0.949,0.949,0.949,0.323,0.323,0.422,0.422,0.422,0.422,0.422,0.422,0.422,0.422,0.422,0.422,0.422,0.422,0.422,0.422,0.422,0.422,0.422,0.422,0.422,0.422,0.422,0.422,0.422,0.422
RGI60-19.02463,0.945,0.945,0.945,0.945,0.945,0.945,0.945,0.945,0.945,0.945,0.945,0.945,0.945,0.945,0.945,0.945,0.945,0.945,0.945,0.945,0.945,0.945,0.945,0.945,0.315,0.315,0.409,0.409,0.409,0.409,0.409,0.409,0.409,0.409,0.409,0.409,0.409,0.409,0.409,0.409,0.409,0.409,0.409,0.409,0.409,0.409,0.409,0.409,0.409,0.409
RGI60-19.02464,0.949,0.949,0.949,0.949,0.949,0.949,0.949,0.949,0.949,0.949,0.949,0.949,0.949,0.949,0.949,0.949,0.949,0.949,0.949,0.949,0.949,0.949,0.949,0.949,0.322,0.322,0.421,0.421,0.421,0.421,0.421,0.421,0.421,0.421,0.421,0.421,0.421,0.421,0.421,0.421,0.421,0.421,0.421,0.421,0.421,0.421,0.421,0.421,0.421,0.421
RGI60-19.02465,0.949,0.949,0.949,0.949,0.949,0.949,0.949,0.949,0.949,0.949,0.949,0.949,0.949,0.949,0.949,0.949,0.949,0.949,0.949,0.949,0.949,0.949,0.949,0.949,0.322,0.322,0.421,0.421,0.421,0.421,0.421,0.421,0.421,0.421,0.421,0.421,0.421,0.421,0.421,0.421,0.421,0.421,0.421,0.421,0.421,0.421,0.421,0.421,0.421,0.421
RGI60-19.02466,0.945,0.945,0.945,0.945,0.945,0.945,0.945,0.945,0.945,0.945,0.945,0.945,0.945,0.945,0.945,0.945,0.945,0.945,0.945,0.945,0.945,0.945,0.945,0.945,0.315,0.315,0.409,0.409,0.409,0.409,0.409,0.409,0.409,0.409,0.409,0.409,0.409,0.409,0.409,0.409,0.409,0.409,0.409,0.409,0.409,0.409,0.409,0.409,0.409,0.409
RGI60-19.02467,0.95,0.95,0.95,0.95,0.95,0.95,0.95,0.95,0.95,0.95,0.95,0.95,0.95,0.95,0.95,0.95,0.95,0.95,0.95,0.95,0.95,0.95,0.95,0.95,0.323,0.323,0.422,0.422,0.422,0.422,0.422,0.422,0.422,0.422,0.422,0.422,0.422,0.422,0.422,0.422,0.422,0.422,0.422,0.422,0.422,0.422,0.422,0.422,0.422,0.422
RGI60-19.02468,0.95,0.95,0.95,0.95,0.95,0.95,0.95,0.95,0.95,0.95,0.95,0.95,0.95,0.95,0.95,0.95,0.95,0.95,0.95,0.95,0.95,0.95,0.95,0.95,0.323,0.323,0.422,0.422,0.422,0.422,0.422,0.422,0.422,0.422,0.422,0.422,0.422,0.422,0.422,0.422,0.422,0.422,0.422,0.422,0.422,0.422,0.422,0.422,0.422,0.422
RGI60-19.02469,0.95,0.95,0.95,0.95,0.95,0.95,0.95,0.95,0.95,0.95,0.95,0.95,0.95,0.95,0.95,0.95,0.95,0.95,0.95,0.95,0.95,0.95,0.95,0.95,0.323,0.323,0.422,0.422,0.422,0.422,0.422,0.422,0.422,0.422,0.422,0.422,0.422,0.422,0.422,0.422,0.422,0.422,0.422,0.422,0.422,0.422,0.422,0.422,0.422,0.422
RGI60-19.02470,0.95,0.95,0.95,0.95,0.95,0.95,0.95,0.95,0.95,0.95,0.95,0.95,0.95,0.95,0.95,0.95,0.95,0.95,0.95,0.95,0.95,0.95,0.95,0.95,0.323,0.323,0.423,0.423,0.423,0.423,0.423,0.423,0.423,0.423,0.423,0.423,0.423,0.423,0.423,0.423,0.423,0.423,0.423,0.423,0.423,0.423,0.423,0.423,0.423,0.423
RGI60-19.02471,0.95,0.95,0.95,0.95,0.95,0.95,0.95,0.95,0.95,0.95,0.95,0.95,0.95,0.95,0.95,0.95,0.95,0.95,0.95,0.95,0.95,0.95,0.95,0.95,0.323,0.323,0.422,0.422,0.422,0.422,0.422,0.422,0.422,0.422,0.422,0.422,0.422,0.422,0.422,0.422,0.422,0.422,0.422,0.422,0.422,0.422,0.422,0.422,0.422,0.422
RGI60-19.02472,0.95,0.95,0.95,0.95,0.95,0.95,0.95,0.95,0.95,0.95,0.95,0.95,0.95,0.95,0.95,0.95,0.95,0.95,0.95,0.95,0.95,0.95,0.95,0.95,0.323,0.323,0.423,0.423,0.423,0.423,0.423,0.423,0.423,0.423,0.423,0.423,0.423,0.423,0.423,0.423,0.423,0.423,0.423,0.423,0.423,0.423,0.423,0.423,0.423,0.423
RGI60-19.02473,0.95,0.95,0.95,0.95,0.95,0.95,0.95,0.95,0.95,0.95,0.95,0.95,0.95,0.95,0.95,0.95,0.95,0.95,0.95,0.95,0.95,0.95,0.95,0.95,0.323,0.323,0.423,0.423,0.423,0.423,0.423,0.423,0.423,0.423,0.423,0.423,0.423,0.423,0.423,0.423,0.423,0.423,0.423,0.423,0.423,0.423,0.423,0.423,0.423,0.423
RGI60-19.02474,0.95,0.95,0.95,0.95,0.95,0.95,0.95,0.95,0.95,0.95,0.95,0.95,0.95,0.95,0.95,0.95,0.95,0.95,0.95,0.95,0.95,0.95,0.95,0.95,0.323,0.323,0.423,0.423,0.423,0.423,0.423,0.423,0.423,0.423,0.423,0.423,0.423,0.423,0.423,0.423,0.423,0.423,0.423,0.423,0.423,0.423,0.423,0.423,0.423,0.423
RGI60-19.02475,0.949,0.949,0.949,0.949,0.949,0.949,0.949,0.949,0.949,0.949,0.949,0.949,0.949,0.949,0.949,0.949,0.949,0.949,0.949,0.949,0.949,0.949,0.949,0.949,0.323,0.323,0.422,0.422,0.422,0.422,0.422,0.422,0.422,0.422,0.422,0.422,0.422,0.422,0.422,0.422,0.422,0.422,0.422,0.422,0.422,0.422,0.422,0.422,0.422,0.422
RGI60-19.02476,0.95,0.95,0.95,0.95,0.95,0.95,0.95,0.95,0.95,0.95,0.95,0.95,0.95,0.95,0.95,0.95,0.95,0.95,0.95,0.95,0.95,0.95,0.95,0.95,0.323,0.323,0.422,0.422,0.422,0.422,0.422,0.422,0.422,0.422,0.422,0.422,0.422,0.422,0.422,0.422,0.422,0.422,0.422,0.422,0.422,0.422,0.422,0.422,0.422,0.422
RGI60-19.02477,0.949,0.949,0.949,0.949,0.949,0.949,0.949,0.949,0.949,0.949,0.949,0.949,0.949,0.949,0.949,0.949,0.949,0.949,0.949,0.949,0.949,0.949,0.949,0.949,0.322,0.322,0.421,0.421,0.421,0.421,0.421,0.421,0.421,0.421,0.421,0.421,0.421,0.421,0.421,0.421,0.421,0.421,0.421,0.421,0.421,0.421,0.421,0.421,0.421,0.421
RGI60-19.02478,0.949,0.949,0.949,0.949,0.949,0.949,0.949,0.949,0.949,0.949,0.949,0.949,0.949,0.949,0.949,0.949,0.949,0.949,0.949,0.949,0.949,0.949,0.949,0.949,0.322,0.322,0.421,0.421,0.421,0.421,0.421,0.421,0.421,0.421,0.421,0.421,0.421,0.421,0.421,0.421,0.421,0.421,0.421,0.421,0.421,0.421,0.421,0.421,0.421,0.421
RGI60-19.02479,0.949,0.949,0.949,0.949,0.949,0.949,0.949,0.949,0.949,0.949,0.949,0.949,0.949,0.949,0.949,0.949,0.949,0.949,0.949,0.949,0.949,0.949,0.949,0.949,0.323,0.323,0.422,0.422,0.422,0.422,0.422,0.422,0.422,0.422,0.422,0.422,0.422,0.422,0.422,0.422,0.422,0.422,0.422,0.422,0.422,0.422,0.422,0.422,0.422,0.422
RGI60-19.02480,0.949,0.949,0.949,0.949,0.949,0.949,0.949,0.949,0.949,0.949,0.949,0.949,0.949,0.949,0.949,0.949,0.949,0.949,0.949,0.949,0.949,0.949,0.949,0.949,0.322,0.322,0.421,0.421,0.421,0.421,0.421,0.421,0.421,0.421,0.421,0.421,0.421,0.421,0.421,0.421,0.421,0.421,0.421,0.421,0.421,0.421,0.421,0.421,0.421,0.421
RGI60-19.02481,0.949,0.949,0.949,0.949,0.949,0.949,0.949,0.949,0.949,0.949,0.949,0.949,0.949,0.949,0.949,0.949,0.949,0.949,0.949,0.949,0.949,0.949,0.949,0.949,0.323,0.323,0.422,0.422,0.422,0.422,0.422,0.422,0.422,0.422,0.422,0.422,0.422,0.422,0.422,0.422,0.422,0.422,0.422,0.422,0.422,0.422,0.422,0.422,0.422,0.422
RGI60-19.02482,0.949,0.949,0.949,0.949,0.949,0.949,0.949,0.949,0.949,0.949,0.949,0.949,0.949,0.949,0.949,0.949,0.949,0.949,0.949,0.949,0.949,0.949,0.949,0.949,0.323,0.323,0.422,0.422,0.422,0.422,0.422,0.422,0.422,0.422,0.422,0.422,0.422,0.422,0.422,0.422,0.422,0.422,0.422,0.422,0.422,0.422,0.422,0.422,0.422,0.422
RGI60-19.02483,0.949,0.949,0.949,0.949,0.949,0.949,0.949,0.949,0.949,0.949,0.949,0.949,0.949,0.949,0.949,0.949,0.949,0.949,0.949,0.949,0.949,0.949,0.949,0.949,0.323,0.323,0.422,0.422,0.422,0.422,0.422,0.422,0.422,0.422,0.422,0.422,0.422,0.422,0.422,0.422,0.422,0.422,0.422,0.422,0.422,0.422,0.422,0.422,0.422,0.422
RGI60-19.02484,0.95,0.95,0.95,0.95,0.95,0.95,0.95,0.95,0.95,0.95,0.95,0.95,0.95,0.95,0.95,0.95,0.95,0.95,0.95,0.95,0.95,0.95,0.95,0.95,0.323,0.323,0.422,0.422,0.422,0.422,0.422,0.422,0.422,0.422,0.422,0.422,0.422,0.422,0.422,0.422,0.422,0.422,0.422,0.422,0.422,0.422,0.422,0.422,0.422,0.422
RGI60-19.02485,0.949,0.949,0.949,0.949,0.949,0.949,0.949,0.949,0.949,0.949,0.949,0.949,0.949,0.949,0.949,0.949,0.949,0.949,0.949,0.949,0.949,0.949,0.949,0.949,0.322,0.322,0.421,0.421,0.421,0.421,0.421,0.421,0.421,0.421,0.421,0.421,0.421,0.421,0.421,0.421,0.421,0.421,0.421,0.421,0.421,0.421,0.421,0.421,0.421,0.421
RGI60-19.02486,0.945,0.945,0.945,0.945,0.945,0.945,0.945,0.945,0.945,0.945,0.945,0.945,0.945,0.945,0.945,0.945,0.945,0.945,0.945,0.945,0.945,0.945,0.945,0.945,0.315,0.315,0.409,0.409,0.409,0.409,0.409,0.409,0.409,0.409,0.409,0.409,0.409,0.409,0.409,0.409,0.409,0.409,0.409,0.409,0.409,0.409,0.409,0.409,0.409,0.409
RGI60-19.02487,0.949,0.949,0.949,0.949,0.949,0.949,0.949,0.949,0.949,0.949,0.949,0.949,0.949,0.949,0.949,0.949,0.949,0.949,0.949,0.949,0.949,0.949,0.949,0.949,0.322,0.322,0.422,0.422,0.422,0.422,0.422,0.422,0.422,0.422,0.422,0.422,0.422,0.422,0.422,0.422,0.422,0.422,0.422,0.422,0.422,0.422,0.422,0.422,0.422,0.422
RGI60-19.02488,0.949,0.949,0.949,0.949,0.949,0.949,0.949,0.949,0.949,0.949,0.949,0.949,0.949,0.949,0.949,0.949,0.949,0.949,0.949,0.949,0.949,0.949,0.949,0.949,0.322,0.322,0.421,0.421,0.421,0.421,0.421,0.421,0.421,0.421,0.421,0.421,0.421,0.421,0.421,0.421,0.421,0.421,0.421,0.421,0.421,0.421,0.421,0.421,0.421,0.421
RGI60-19.02489,0.95,0.95,0.95,0.95,0.95,0.95,0.95,0.95,0.95,0.95,0.95,0.95,0.95,0.95,0.95,0.95,0.95,0.95,0.95,0.95,0.95,0.95,0.95,0.95,0.323,0.323,0.422,0.422,0.422,0.422,0.422,0.422,0.422,0.422,0.422,0.422,0.422,0.422,0.422,0.422,0.422,0.422,0.422,0.422,0.422,0.422,0.422,0.422,0.422,0.422
RGI60-19.02490,0.95,0.95,0.95,0.95,0.95,0.95,0.95,0.95,0.95,0.95,0.95,0.95,0.95,0.95,0.95,0.95,0.95,0.95,0.95,0.95,0.95,0.95,0.95,0.95,0.323,0.323,0.422,0.422,0.422,0.422,0.422,0.422,0.422,0.422,0.422,0.422,0.422,0.422,0.422,0.422,0.422,0.422,0.422,0.422,0.422,0.422,0.422,0.422,0.422,0.422
RGI60-19.02491,0.949,0.949,0.949,0.949,0.949,0.949,0.949,0.949,0.949,0.949,0.949,0.949,0.949,0.949,0.949,0.949,0.949,0.949,0.949,0.949,0.949,0.949,0.949,0.949,0.322,0.322,0.421,0.421,0.421,0.421,0.421,0.421,0.421,0.421,0.421,0.421,0.421,0.421,0.421,0.421,0.421,0.421,0.421,0.421,0.421,0.421,0.421,0.421,0.421,0.421
RGI60-19.02492,0.945,0.945,0.945,0.945,0.945,0.945,0.945,0.945,0.945,0.945,0.945,0.945,0.945,0.945,0.945,0.945,0.945,0.945,0.945,0.945,0.945,0.945,0.945,0.945,0.315,0.315,0.409,0.409,0.409,0.409,0.409,0.409,0.409,0.409,0.409,0.409,0.409,0.409,0.409,0.409,0.409,0.409,0.409,0.409,0.409,0.409,0.409,0.409,0.409,0.409
RGI60-19.02493,0.949,0.949,0.949,0.949,0.949,0.949,0.949,0.949,0.949,0.949,0.949,0.949,0.949,0.949,0.949,0.949,0.949,0.949,0.949,0.949,0.949,0.949,0.949,0.949,0.322,0.322,0.421,0.421,0.421,0.421,0.421,0.421,0.421,0.421,0.421,0.421,0.421,0.421,0.421,0.421,0.421,0.421,0.421,0.421,0.421,0.421,0.421,0.421,0.421,0.421
RGI60-19.02494,0.949,0.949,0.949,0.949,0.949,0.949,0.949,0.949,0.949,0.949,0.949,0.949,0.949,0.949,0.949,0.949,0.949,0.949,0.949,0.949,0.949,0.949,0.949,0.949,0.322,0.322,0.421,0.421,0.421,0.421,0.421,0.421,0.421,0.421,0.421,0.421,0.421,0.421,0.421,0.421,0.421,0.421,0.421,0.421,0.421,0.421,0.421,0.421,0.421,0.421
RGI60-19.02495,0.949,0.949,0.949,0.949,0.949,0.949,0.949,0.949,0.949,0.949,0.949,0.949,0.949,0.949,0.949,0.949,0.949,0.949,0.949,0.949,0.949,0.949,0.949,0.949,0.322,0.322,0.421,0.421,0.421,0.421,0.421,0.421,0.421,0.421,0.421,0.421,0.421,0.421,0.421,0.421,0.421,0.421,0.421,0.421,0.421,0.421,0.421,0.421,0.421,0.421
RGI60-19.02496,0.949,0.949,0.949,0.949,0.949,0.949,0.949,0.949,0.949,0.949,0.949,0.949,0.949,0.949,0.949,0.949,0.949,0.949,0.949,0.949,0.949,0.949,0.949,0.949,0.322,0.322,0.421,0.421,0.421,0.421,0.421,0.421,0.421,0.421,0.421,0.421,0.421,0.421,0.421,0.421,0.421,0.421,0.421,0.421,0.421,0.421,0.421,0.421,0.421,0.421
RGI60-19.02497,0.95,0.95,0.95,0.95,0.95,0.95,0.95,0.95,0.95,0.95,0.95,0.95,0.95,0.95,0.95,0.95,0.95,0.95,0.95,0.95,0.95,0.95,0.95,0.95,0.323,0.323,0.422,0.422,0.422,0.422,0.422,0.422,0.422,0.422,0.422,0.422,0.422,0.422,0.422,0.422,0.422,0.422,0.422,0.422,0.422,0.422,0.422,0.422,0.422,0.422
RGI60-19.02498,0.95,0.95,0.95,0.95,0.95,0.95,0.95,0.95,0.95,0.95,0.95,0.95,0.95,0.95,0.95,0.95,0.95,0.95,0.95,0.95,0.95,0.95,0.95,0.95,0.323,0.323,0.422,0.422,0.422,0.422,0.422,0.422,0.422,0.422,0.422,0.422,0.422,0.422,0.422,0.422,0.422,0.422,0.422,0.422,0.422,0.422,0.422,0.422,0.422,0.422
RGI60-19.02499,0.949,0.949,0.949,0.949,0.949,0.949,0.949,0.949,0.949,0.949,0.949,0.949,0.949,0.949,0.949,0.949,0.949,0.949,0.949,0.949,0.949,0.949,0.949,0.949,0.322,0.322,0.421,0.421,0.421,0.421,0.421,0.421,0.421,0.421,0.421,0.421,0.421,0.421,0.421,0.421,0.421,0.421,0.421,0.421,0.421,0.421,0.421,0.421,0.421,0.421
RGI60-19.02500,0.949,0.949,0.949,0.949,0.949,0.949,0.949,0.949,0.949,0.949,0.949,0.949,0.949,0.949,0.949,0.949,0.949,0.949,0.949,0.949,0.949,0.949,0.949,0.949,0.323,0.323,0.422,0.422,0.422,0.422,0.422,0.422,0.422,0.422,0.422,0.422,0.422,0.422,0.422,0.422,0.422,0.422,0.422,0.422,0.422,0.422,0.422,0.422,0.422,0.422
RGI60-19.02501,0.949,0.949,0.949,0.949,0.949,0.949,0.949,0.949,0.949,0.949,0.949,0.949,0.949,0.949,0.949,0.949,0.949,0.949,0.949,0.949,0.949,0.949,0.949,0.949,0.322,0.322,0.421,0.421,0.421,0.421,0.421,0.421,0.421,0.421,0.421,0.421,0.421,0.421,0.421,0.421,0.421,0.421,0.421,0.421,0.421,0.421,0.421,0.421,0.421,0.421
RGI60-19.02502,0.95,0.95,0.95,0.95,0.95,0.95,0.95,0.95,0.95,0.95,0.95,0.95,0.95,0.95,0.95,0.95,0.95,0.95,0.95,0.95,0.95,0.95,0.95,0.95,0.323,0.323,0.422,0.422,0.422,0.422,0.422,0.422,0.422,0.422,0.422,0.422,0.422,0.422,0.422,0.422,0.422,0.422,0.422,0.422,0.422,0.422,0.422,0.422,0.422,0.422
RGI60-19.02503,0.95,0.95,0.95,0.95,0.95,0.95,0.95,0.95,0.95,0.95,0.95,0.95,0.95,0.95,0.95,0.95,0.95,0.95,0.95,0.95,0.95,0.95,0.95,0.95,0.323,0.323,0.422,0.422,0.422,0.422,0.422,0.422,0.422,0.422,0.422,0.422,0.422,0.422,0.422,0.422,0.422,0.422,0.422,0.422,0.422,0.422,0.422,0.422,0.422,0.422
RGI60-19.02504,0.949,0.949,0.949,0.949,0.949,0.949,0.949,0.949,0.949,0.949,0.949,0.949,0.949,0.949,0.949,0.949,0.949,0.949,0.949,0.949,0.949,0.949,0.949,0.949,0.323,0.323,0.422,0.422,0.422,0.422,0.422,0.422,0.422,0.422,0.422,0.422,0.422,0.422,0.422,0.422,0.422,0.422,0.422,0.422,0.422,0.422,0.422,0.422,0.422,0.422
RGI60-19.02505,0.945,0.945,0.945,0.945,0.945,0.945,0.945,0.945,0.945,0.945,0.945,0.945,0.945,0.945,0.945,0.945,0.945,0.945,0.945,0.945,0.945,0.945,0.945,0.945,0.315,0.315,0.409,0.409,0.409,0.409,0.409,0.409,0.409,0.409,0.409,0.409,0.409,0.409,0.409,0.409,0.409,0.409,0.409,0.409,0.409,0.409,0.409,0.409,0.409,0.409
RGI60-19.02506,0.95,0.95,0.95,0.95,0.95,0.95,0.95,0.95,0.95,0.95,0.95,0.95,0.95,0.95,0.95,0.95,0.95,0.95,0.95,0.95,0.95,0.95,0.95,0.95,0.323,0.323,0.422,0.422,0.422,0.422,0.422,0.422,0.422,0.422,0.422,0.422,0.422,0.422,0.422,0.422,0.422,0.422,0.422,0.422,0.422,0.422,0.422,0.422,0.422,0.422
RGI60-19.02507,0.95,0.95,0.95,0.95,0.95,0.95,0.95,0.95,0.95,0.95,0.95,0.95,0.95,0.95,0.95,0.95,0.95,0.95,0.95,0.95,0.95,0.95,0.95,0.95,0.323,0.323,0.422,0.422,0.422,0.422,0.422,0.422,0.422,0.422,0.422,0.422,0.422,0.422,0.422,0.422,0.422,0.422,0.422,0.422,0.422,0.422,0.422,0.422,0.422,0.422
RGI60-19.02508,0.95,0.95,0.95,0.95,0.95,0.95,0.95,0.95,0.95,0.95,0.95,0.95,0.95,0.95,0.95,0.95,0.95,0.95,0.95,0.95,0.95,0.95,0.95,0.95,0.323,0.323,0.422,0.422,0.422,0.422,0.422,0.422,0.422,0.422,0.422,0.422,0.422,0.422,0.422,0.422,0.422,0.422,0.422,0.422,0.422,0.422,0.422,0.422,0.422,0.422
RGI60-19.02509,0.95,0.95,0.95,0.95,0.95,0.95,0.95,0.95,0.95,0.95,0.95,0.95,0.95,0.95,0.95,0.95,0.95,0.95,0.95,0.95,0.95,0.95,0.95,0.95,0.323,0.323,0.422,0.422,0.422,0.422,0.422,0.422,0.422,0.422,0.422,0.422,0.422,0.422,0.422,0.422,0.422,0.422,0.422,0.422,0.422,0.422,0.422,0.422,0.422,0.422
RGI60-19.02510,0.95,0.95,0.95,0.95,0.95,0.95,0.95,0.95,0.95,0.95,0.95,0.95,0.95,0.95,0.95,0.95,0.95,0.95,0.95,0.95,0.95,0.95,0.95,0.95,0.323,0.323,0.422,0.422,0.422,0.422,0.422,0.422,0.422,0.422,0.422,0.422,0.422,0.422,0.422,0.422,0.422,0.422,0.422,0.422,0.422,0.422,0.422,0.422,0.422,0.422
RGI60-19.02511,0.95,0.95,0.95,0.95,0.95,0.95,0.95,0.95,0.95,0.95,0.95,0.95,0.95,0.95,0.95,0.95,0.95,0.95,0.95,0.95,0.95,0.95,0.95,0.95,0.323,0.323,0.422,0.422,0.422,0.422,0.422,0.422,0.422,0.422,0.422,0.422,0.422,0.422,0.422,0.422,0.422,0.422,0.422,0.422,0.422,0.422,0.422,0.422,0.422,0.422
RGI60-19.02512,0.949,0.949,0.949,0.949,0.949,0.949,0.949,0.949,0.949,0.949,0.949,0.949,0.949,0.949,0.949,0.949,0.949,0.949,0.949,0.949,0.949,0.949,0.949,0.949,0.323,0.323,0.422,0.422,0.422,0.422,0.422,0.422,0.422,0.422,0.422,0.422,0.422,0.422,0.422,0.422,0.422,0.422,0.422,0.422,0.422,0.422,0.422,0.422,0.422,0.422
RGI60-19.02513,0.949,0.949,0.949,0.949,0.949,0.949,0.949,0.949,0.949,0.949,0.949,0.949,0.949,0.949,0.949,0.949,0.949,0.949,0.949,0.949,0.949,0.949,0.949,0.949,0.323,0.323,0.422,0.422,0.422,0.422,0.422,0.422,0.422,0.422,0.422,0.422,0.422,0.422,0.422,0.422,0.422,0.422,0.422,0.422,0.422,0.422,0.422,0.422,0.422,0.422
RGI60-19.02514,0.949,0.949,0.949,0.949,0.949,0.949,0.949,0.949,0.949,0.949,0.949,0.949,0.949,0.949,0.949,0.949,0.949,0.949,0.949,0.949,0.949,0.949,0.949,0.949,0.323,0.323,0.422,0.422,0.422,0.422,0.422,0.422,0.422,0.422,0.422,0.422,0.422,0.422,0.422,0.422,0.422,0.422,0.422,0.422,0.422,0.422,0.422,0.422,0.422,0.422
RGI60-19.02515,0.95,0.95,0.95,0.95,0.95,0.95,0.95,0.95,0.95,0.95,0.95,0.95,0.95,0.95,0.95,0.95,0.95,0.95,0.95,0.95,0.95,0.95,0.95,0.95,0.323,0.323,0.422,0.422,0.422,0.422,0.422,0.422,0.422,0.422,0.422,0.422,0.422,0.422,0.422,0.422,0.422,0.422,0.422,0.422,0.422,0.422,0.422,0.422,0.422,0.422
RGI60-19.02516,0.95,0.95,0.95,0.95,0.95,0.95,0.95,0.95,0.95,0.95,0.95,0.95,0.95,0.95,0.95,0.95,0.95,0.95,0.95,0.95,0.95,0.95,0.95,0.95,0.323,0.323,0.422,0.422,0.422,0.422,0.422,0.422,0.422,0.422,0.422,0.422,0.422,0.422,0.422,0.422,0.422,0.422,0.422,0.422,0.422,0.422,0.422,0.422,0.422,0.422
RGI60-19.02517,0.95,0.95,0.95,0.95,0.95,0.95,0.95,0.95,0.95,0.95,0.95,0.95,0.95,0.95,0.95,0.95,0.95,0.95,0.95,0.95,0.95,0.95,0.95,0.95,0.323,0.323,0.422,0.422,0.422,0.422,0.422,0.422,0.422,0.422,0.422,0.422,0.422,0.422,0.422,0.422,0.422,0.422,0.422,0.422,0.422,0.422,0.422,0.422,0.422,0.422
RGI60-19.02518,0.95,0.95,0.95,0.95,0.95,0.95,0.95,0.95,0.95,0.95,0.95,0.95,0.95,0.95,0.95,0.95,0.95,0.95,0.95,0.95,0.95,0.95,0.95,0.95,0.323,0.323,0.422,0.422,0.422,0.422,0.422,0.422,0.422,0.422,0.422,0.422,0.422,0.422,0.422,0.422,0.422,0.422,0.422,0.422,0.422,0.422,0.422,0.422,0.422,0.422
RGI60-19.02519,0.949,0.949,0.949,0.949,0.949,0.949,0.949,0.949,0.949,0.949,0.949,0.949,0.949,0.949,0.949,0.949,0.949,0.949,0.949,0.949,0.949,0.949,0.949,0.949,0.322,0.322,0.421,0.421,0.421,0.421,0.421,0.421,0.421,0.421,0.421,0.421,0.421,0.421,0.421,0.421,0.421,0.421,0.421,0.421,0.421,0.421,0.421,0.421,0.421,0.421
RGI60-19.02520,0.945,0.945,0.945,0.945,0.945,0.945,0.945,0.945,0.945,0.945,0.945,0.945,0.945,0.945,0.945,0.945,0.945,0.945,0.945,0.945,0.945,0.945,0.945,0.945,0.315,0.315,0.409,0.409,0.409,0.409,0.409,0.409,0.409,0.409,0.409,0.409,0.409,0.409,0.409,0.409,0.409,0.409,0.409,0.409,0.409,0.409,0.409,0.409,0.409,0.409
RGI60-19.02521,0.945,0.945,0.945,0.945,0.945,0.945,0.945,0.945,0.945,0.945,0.945,0.945,0.945,0.945,0.945,0.945,0.945,0.945,0.945,0.945,0.945,0.945,0.945,0.945,0.315,0.315,0.409,0.409,0.409,0.409,0.409,0.409,0.409,0.409,0.409,0.409,0.409,0.409,0.409,0.409,0.409,0.409,0.409,0.409,0.409,0.409,0.409,0.409,0.409,0.409
RGI60-19.02522,0.945,0.945,0.945,0.945,0.945,0.945,0.945,0.945,0.945,0.945,0.945,0.945,0.945,0.945,0.945,0.945,0.945,0.945,0.945,0.945,0.945,0.945,0.945,0.945,0.315,0.315,0.409,0.409,0.409,0.409,0.409,0.409,0.409,0.409,0.409,0.409,0.409,0.409,0.409,0.409,0.409,0.409,0.409,0.409,0.409,0.409,0.409,0.409,0.409,0.409
RGI60-19.02523,0.949,0.949,0.949,0.949,0.949,0.949,0.949,0.949,0.949,0.949,0.949,0.949,0.949,0.949,0.949,0.949,0.949,0.949,0.949,0.949,0.949,0.949,0.949,0.949,0.322,0.322,0.421,0.421,0.421,0.421,0.421,0.421,0.421,0.421,0.421,0.421,0.421,0.421,0.421,0.421,0.421,0.421,0.421,0.421,0.421,0.421,0.421,0.421,0.421,0.421
RGI60-19.02524,0.949,0.949,0.949,0.949,0.949,0.949,0.949,0.949,0.949,0.949,0.949,0.949,0.949,0.949,0.949,0.949,0.949,0.949,0.949,0.949,0.949,0.949,0.949,0.949,0.322,0.322,0.421,0.421,0.421,0.421,0.421,0.421,0.421,0.421,0.421,0.421,0.421,0.421,0.421,0.421,0.421,0.421,0.421,0.421,0.421,0.421,0.421,0.421,0.421,0.421
RGI60-19.02525,0.945,0.945,0.945,0.945,0.945,0.945,0.945,0.945,0.945,0.945,0.945,0.945,0.945,0.945,0.945,0.945,0.945,0.945,0.945,0.945,0.945,0.945,0.945,0.945,0.315,0.315,0.409,0.409,0.409,0.409,0.409,0.409,0.409,0.409,0.409,0.409,0.409,0.409,0.409,0.409,0.409,0.409,0.409,0.409,0.409,0.409,0.409,0.409,0.409,0.409
RGI60-19.02526,0.945,0.945,0.945,0.945,0.945,0.945,0.945,0.945,0.945,0.945,0.945,0.945,0.945,0.945,0.945,0.945,0.945,0.945,0.945,0.945,0.945,0.945,0.945,0.945,0.315,0.315,0.409,0.409,0.409,0.409,0.409,0.409,0.409,0.409,0.409,0.409,0.409,0.409,0.409,0.409,0.409,0.409,0.409,0.409,0.409,0.409,0.409,0.409,0.409,0.409
RGI60-19.02527,0.945,0.945,0.945,0.945,0.945,0.945,0.945,0.945,0.945,0.945,0.945,0.945,0.945,0.945,0.945,0.945,0.945,0.945,0.945,0.945,0.945,0.945,0.945,0.945,0.315,0.315,0.409,0.409,0.409,0.409,0.409,0.409,0.409,0.409,0.409,0.409,0.409,0.409,0.409,0.409,0.409,0.409,0.409,0.409,0.409,0.409,0.409,0.409,0.409,0.409
RGI60-19.02528,0.949,0.949,0.949,0.949,0.949,0.949,0.949,0.949,0.949,0.949,0.949,0.949,0.949,0.949,0.949,0.949,0.949,0.949,0.949,0.949,0.949,0.949,0.949,0.949,0.322,0.322,0.422,0.422,0.422,0.422,0.422,0.422,0.422,0.422,0.422,0.422,0.422,0.422,0.422,0.422,0.422,0.422,0.422,0.422,0.422,0.422,0.422,0.422,0.422,0.422
RGI60-19.02529,0.949,0.949,0.949,0.949,0.949,0.949,0.949,0.949,0.949,0.949,0.949,0.949,0.949,0.949,0.949,0.949,0.949,0.949,0.949,0.949,0.949,0.949,0.949,0.949,0.323,0.323,0.422,0.422,0.422,0.422,0.422,0.422,0.422,0.422,0.422,0.422,0.422,0.422,0.422,0.422,0.422,0.422,0.422,0.422,0.422,0.422,0.422,0.422,0.422,0.422
RGI60-19.02530,0.945,0.945,0.945,0.945,0.945,0.945,0.945,0.945,0.945,0.945,0.945,0.945,0.945,0.945,0.945,0.945,0.945,0.945,0.945,0.945,0.945,0.945,0.945,0.945,0.315,0.315,0.409,0.409,0.409,0.409,0.409,0.409,0.409,0.409,0.409,0.409,0.409,0.409,0.409,0.409,0.409,0.409,0.409,0.409,0.409,0.409,0.409,0.409,0.409,0.409
RGI60-19.02531,0.949,0.949,0.949,0.949,0.949,0.949,0.949,0.949,0.949,0.949,0.949,0.949,0.949,0.949,0.949,0.949,0.949,0.949,0.949,0.949,0.949,0.949,0.949,0.949,0.323,0.323,0.422,0.422,0.422,0.422,0.422,0.422,0.422,0.422,0.422,0.422,0.422,0.422,0.422,0.422,0.422,0.422,0.422,0.422,0.422,0.422,0.422,0.422,0.422,0.422
RGI60-19.02532,0.949,0.949,0.949,0.949,0.949,0.949,0.949,0.949,0.949,0.949,0.949,0.949,0.949,0.949,0.949,0.949,0.949,0.949,0.949,0.949,0.949,0.949,0.949,0.949,0.322,0.322,0.421,0.421,0.421,0.421,0.421,0.421,0.421,0.421,0.421,0.421,0.421,0.421,0.421,0.421,0.421,0.421,0.421,0.421,0.421,0.421,0.421,0.421,0.421,0.421
RGI60-19.02533,0.949,0.949,0.949,0.949,0.949,0.949,0.949,0.949,0.949,0.949,0.949,0.949,0.949,0.949,0.949,0.949,0.949,0.949,0.949,0.949,0.949,0.949,0.949,0.949,0.322,0.322,0.421,0.421,0.421,0.421,0.421,0.421,0.421,0.421,0.421,0.421,0.421,0.421,0.421,0.421,0.421,0.421,0.421,0.421,0.421,0.421,0.421,0.421,0.421,0.421
RGI60-19.02534,0.949,0.949,0.949,0.949,0.949,0.949,0.949,0.949,0.949,0.949,0.949,0.949,0.949,0.949,0.949,0.949,0.949,0.949,0.949,0.949,0.949,0.949,0.949,0.949,0.322,0.322,0.421,0.421,0.421,0.421,0.421,0.421,0.421,0.421,0.421,0.421,0.421,0.421,0.421,0.421,0.421,0.421,0.421,0.421,0.421,0.421,0.421,0.421,0.421,0.421
RGI60-19.02535,0.945,0.945,0.945,0.945,0.945,0.945,0.945,0.945,0.945,0.945,0.945,0.945,0.945,0.945,0.945,0.945,0.945,0.945,0.945,0.945,0.945,0.945,0.945,0.945,0.315,0.315,0.409,0.409,0.409,0.409,0.409,0.409,0.409,0.409,0.409,0.409,0.409,0.409,0.409,0.409,0.409,0.409,0.409,0.409,0.409,0.409,0.409,0.409,0.409,0.409
RGI60-19.02536,0.945,0.945,0.945,0.945,0.945,0.945,0.945,0.945,0.945,0.945,0.945,0.945,0.945,0.945,0.945,0.945,0.945,0.945,0.945,0.945,0.945,0.945,0.945,0.945,0.315,0.315,0.409,0.409,0.409,0.409,0.409,0.409,0.409,0.409,0.409,0.409,0.409,0.409,0.409,0.409,0.409,0.409,0.409,0.409,0.409,0.409,0.409,0.409,0.409,0.409
RGI60-19.02537,0.949,0.949,0.949,0.949,0.949,0.949,0.949,0.949,0.949,0.949,0.949,0.949,0.949,0.949,0.949,0.949,0.949,0.949,0.949,0.949,0.949,0.949,0.949,0.949,0.322,0.322,0.422,0.422,0.422,0.422,0.422,0.422,0.422,0.422,0.422,0.422,0.422,0.422,0.422,0.422,0.422,0.422,0.422,0.422,0.422,0.422,0.422,0.422,0.422,0.422
RGI60-19.02538,0.949,0.949,0.949,0.949,0.949,0.949,0.949,0.949,0.949,0.949,0.949,0.949,0.949,0.949,0.949,0.949,0.949,0.949,0.949,0.949,0.949,0.949,0.949,0.949,0.322,0.322,0.422,0.422,0.422,0.422,0.422,0.422,0.422,0.422,0.422,0.422,0.422,0.422,0.422,0.422,0.422,0.422,0.422,0.422,0.422,0.422,0.422,0.422,0.422,0.422
RGI60-19.02539,0.949,0.949,0.949,0.949,0.949,0.949,0.949,0.949,0.949,0.949,0.949,0.949,0.949,0.949,0.949,0.949,0.949,0.949,0.949,0.949,0.949,0.949,0.949,0.949,0.323,0.323,0.422,0.422,0.422,0.422,0.422,0.422,0.422,0.422,0.422,0.422,0.422,0.422,0.422,0.422,0.422,0.422,0.422,0.422,0.422,0.422,0.422,0.422,0.422,0.422
RGI60-19.02540,0.949,0.949,0.949,0.949,0.949,0.949,0.949,0.949,0.949,0.949,0.949,0.949,0.949,0.949,0.949,0.949,0.949,0.949,0.949,0.949,0.949,0.949,0.949,0.949,0.322,0.322,0.421,0.421,0.421,0.421,0.421,0.421,0.421,0.421,0.421,0.421,0.421,0.421,0.421,0.421,0.421,0.421,0.421,0.421,0.421,0.421,0.421,0.421,0.421,0.421
RGI60-19.02541,0.949,0.949,0.949,0.949,0.949,0.949,0.949,0.949,0.949,0.949,0.949,0.949,0.949,0.949,0.949,0.949,0.949,0.949,0.949,0.949,0.949,0.949,0.949,0.949,0.323,0.323,0.422,0.422,0.422,0.422,0.422,0.422,0.422,0.422,0.422,0.422,0.422,0.422,0.422,0.422,0.422,0.422,0.422,0.422,0.422,0.422,0.422,0.422,0.422,0.422
RGI60-19.02542,0.945,0.945,0.945,0.945,0.945,0.945,0.945,0.945,0.945,0.945,0.945,0.945,0.945,0.945,0.945,0.945,0.945,0.945,0.945,0.945,0.945,0.945,0.945,0.945,0.315,0.315,0.409,0.409,0.409,0.409,0.409,0.409,0.409,0.409,0.409,0.409,0.409,0.409,0.409,0.409,0.409,0.409,0.409,0.409,0.409,0.409,0.409,0.409,0.409,0.409
RGI60-19.02543,0.945,0.945,0.945,0.945,0.945,0.945,0.945,0.945,0.945,0.945,0.945,0.945,0.945,0.945,0.945,0.945,0.945,0.945,0.945,0.945,0.945,0.945,0.945,0.945,0.315,0.315,0.409,0.409,0.409,0.409,0.409,0.409,0.409,0.409,0.409,0.409,0.409,0.409,0.409,0.409,0.409,0.409,0.409,0.409,0.409,0.409,0.409,0.409,0.409,0.409
RGI60-19.02544,0.949,0.949,0.949,0.949,0.949,0.949,0.949,0.949,0.949,0.949,0.949,0.949,0.949,0.949,0.949,0.949,0.949,0.949,0.949,0.949,0.949,0.949,0.949,0.949,0.322,0.322,0.422,0.422,0.422,0.422,0.422,0.422,0.422,0.422,0.422,0.422,0.422,0.422,0.422,0.422,0.422,0.422,0.422,0.422,0.422,0.422,0.422,0.422,0.422,0.422
RGI60-19.02545,0.949,0.949,0.949,0.949,0.949,0.949,0.949,0.949,0.949,0.949,0.949,0.949,0.949,0.949,0.949,0.949,0.949,0.949,0.949,0.949,0.949,0.949,0.949,0.949,0.322,0.322,0.421,0.421,0.421,0.421,0.421,0.421,0.421,0.421,0.421,0.421,0.421,0.421,0.421,0.421,0.421,0.421,0.421,0.421,0.421,0.421,0.421,0.421,0.421,0.421
RGI60-19.02546,0.949,0.949,0.949,0.949,0.949,0.949,0.949,0.949,0.949,0.949,0.949,0.949,0.949,0.949,0.949,0.949,0.949,0.949,0.949,0.949,0.949,0.949,0.949,0.949,0.322,0.322,0.422,0.422,0.422,0.422,0.422,0.422,0.422,0.422,0.422,0.422,0.422,0.422,0.422,0.422,0.422,0.422,0.422,0.422,0.422,0.422,0.422,0.422,0.422,0.422
RGI60-19.02547,0.949,0.949,0.949,0.949,0.949,0.949,0.949,0.949,0.949,0.949,0.949,0.949,0.949,0.949,0.949,0.949,0.949,0.949,0.949,0.949,0.949,0.949,0.949,0.949,0.322,0.322,0.422,0.422,0.422,0.422,0.422,0.422,0.422,0.422,0.422,0.422,0.422,0.422,0.422,0.422,0.422,0.422,0.422,0.422,0.422,0.422,0.422,0.422,0.422,0.422
RGI60-19.02548,0.949,0.949,0.949,0.949,0.949,0.949,0.949,0.949,0.949,0.949,0.949,0.949,0.949,0.949,0.949,0.949,0.949,0.949,0.949,0.949,0.949,0.949,0.949,0.949,0.322,0.322,0.422,0.422,0.422,0.422,0.422,0.422,0.422,0.422,0.422,0.422,0.422,0.422,0.422,0.422,0.422,0.422,0.422,0.422,0.422,0.422,0.422,0.422,0.422,0.422
RGI60-19.02549,0.949,0.949,0.949,0.949,0.949,0.949,0.949,0.949,0.949,0.949,0.949,0.949,0.949,0.949,0.949,0.949,0.949,0.949,0.949,0.949,0.949,0.949,0.949,0.949,0.322,0.322,0.422,0.422,0.422,0.422,0.422,0.422,0.422,0.422,0.422,0.422,0.422,0.422,0.422,0.422,0.422,0.422,0.422,0.422,0.422,0.422,0.422,0.422,0.422,0.422
RGI60-19.02550,0.945,0.945,0.945,0.945,0.945,0.945,0.945,0.945,0.945,0.945,0.945,0.945,0.945,0.945,0.945,0.945,0.945,0.945,0.945,0.945,0.945,0.945,0.945,0.945,0.315,0.315,0.409,0.409,0.409,0.409,0.409,0.409,0.409,0.409,0.409,0.409,0.409,0.409,0.409,0.409,0.409,0.409,0.409,0.409,0.409,0.409,0.409,0.409,0.409,0.409
RGI60-19.02551,0.945,0.945,0.945,0.945,0.945,0.945,0.945,0.945,0.945,0.945,0.945,0.945,0.945,0.945,0.945,0.945,0.945,0.945,0.945,0.945,0.945,0.945,0.945,0.945,0.315,0.315,0.409,0.409,0.409,0.409,0.409,0.409,0.409,0.409,0.409,0.409,0.409,0.409,0.409,0.409,0.409,0.409,0.409,0.409,0.409,0.409,0.409,0.409,0.409,0.409
RGI60-19.02552,0.945,0.945,0.945,0.945,0.945,0.945,0.945,0.945,0.945,0.945,0.945,0.945,0.945,0.945,0.945,0.945,0.945,0.945,0.945,0.945,0.945,0.945,0.945,0.945,0.315,0.315,0.409,0.409,0.409,0.409,0.409,0.409,0.409,0.409,0.409,0.409,0.409,0.409,0.409,0.409,0.409,0.409,0.409,0.409,0.409,0.409,0.409,0.409,0.409,0.409
RGI60-19.02553,0.945,0.945,0.945,0.945,0.945,0.945,0.945,0.945,0.945,0.945,0.945,0.945,0.945,0.945,0.945,0.945,0.945,0.945,0.945,0.945,0.945,0.945,0.945,0.945,0.315,0.315,0.409,0.409,0.409,0.409,0.409,0.409,0.409,0.409,0.409,0.409,0.409,0.409,0.409,0.409,0.409,0.409,0.409,0.409,0.409,0.409,0.409,0.409,0.409,0.409
RGI60-19.02554,0.945,0.945,0.945,0.945,0.945,0.945,0.945,0.945,0.945,0.945,0.945,0.945,0.945,0.945,0.945,0.945,0.945,0.945,0.945,0.945,0.945,0.945,0.945,0.945,0.315,0.315,0.409,0.409,0.409,0.409,0.409,0.409,0.409,0.409,0.409,0.409,0.409,0.409,0.409,0.409,0.409,0.409,0.409,0.409,0.409,0.409,0.409,0.409,0.409,0.409
RGI60-19.02555,0.949,0.949,0.949,0.949,0.949,0.949,0.949,0.949,0.949,0.949,0.949,0.949,0.949,0.949,0.949,0.949,0.949,0.949,0.949,0.949,0.949,0.949,0.949,0.949,0.322,0.322,0.422,0.422,0.422,0.422,0.422,0.422,0.422,0.422,0.422,0.422,0.422,0.422,0.422,0.422,0.422,0.422,0.422,0.422,0.422,0.422,0.422,0.422,0.422,0.422
RGI60-19.02556,0.949,0.949,0.949,0.949,0.949,0.949,0.949,0.949,0.949,0.949,0.949,0.949,0.949,0.949,0.949,0.949,0.949,0.949,0.949,0.949,0.949,0.949,0.949,0.949,0.322,0.322,0.421,0.421,0.421,0.421,0.421,0.421,0.421,0.421,0.421,0.421,0.421,0.421,0.421,0.421,0.421,0.421,0.421,0.421,0.421,0.421,0.421,0.421,0.421,0.421
RGI60-19.02557,0.945,0.945,0.945,0.945,0.945,0.945,0.945,0.945,0.945,0.945,0.945,0.945,0.945,0.945,0.945,0.945,0.945,0.945,0.945,0.945,0.945,0.945,0.945,0.945,0.315,0.315,0.409,0.409,0.409,0.409,0.409,0.409,0.409,0.409,0.409,0.409,0.409,0.409,0.409,0.409,0.409,0.409,0.409,0.409,0.409,0.409,0.409,0.409,0.409,0.409
RGI60-19.02558,0.949,0.949,0.949,0.949,0.949,0.949,0.949,0.949,0.949,0.949,0.949,0.949,0.949,0.949,0.949,0.949,0.949,0.949,0.949,0.949,0.949,0.949,0.949,0.949,0.322,0.322,0.421,0.421,0.421,0.421,0.421,0.421,0.421,0.421,0.421,0.421,0.421,0.421,0.421,0.421,0.421,0.421,0.421,0.421,0.421,0.421,0.421,0.421,0.421,0.421
RGI60-19.02559,0.949,0.949,0.949,0.949,0.949,0.949,0.949,0.949,0.949,0.949,0.949,0.949,0.949,0.949,0.949,0.949,0.949,0.949,0.949,0.949,0.949,0.949,0.949,0.949,0.323,0.323,0.422,0.422,0.422,0.422,0.422,0.422,0.422,0.422,0.422,0.422,0.422,0.422,0.422,0.422,0.422,0.422,0.422,0.422,0.422,0.422,0.422,0.422,0.422,0.422
RGI60-19.02560,0.949,0.949,0.949,0.949,0.949,0.949,0.949,0.949,0.949,0.949,0.949,0.949,0.949,0.949,0.949,0.949,0.949,0.949,0.949,0.949,0.949,0.949,0.949,0.949,0.323,0.323,0.422,0.422,0.422,0.422,0.422,0.422,0.422,0.422,0.422,0.422,0.422,0.422,0.422,0.422,0.422,0.422,0.422,0.422,0.422,0.422,0.422,0.422,0.422,0.422
RGI60-19.02561,0.949,0.949,0.949,0.949,0.949,0.949,0.949,0.949,0.949,0.949,0.949,0.949,0.949,0.949,0.949,0.949,0.949,0.949,0.949,0.949,0.949,0.949,0.949,0.949,0.322,0.322,0.421,0.421,0.421,0.421,0.421,0.421,0.421,0.421,0.421,0.421,0.421,0.421,0.421,0.421,0.421,0.421,0.421,0.421,0.421,0.421,0.421,0.421,0.421,0.421
RGI60-19.02562,0.949,0.949,0.949,0.949,0.949,0.949,0.949,0.949,0.949,0.949,0.949,0.949,0.949,0.949,0.949,0.949,0.949,0.949,0.949,0.949,0.949,0.949,0.949,0.949,0.323,0.323,0.422,0.422,0.422,0.422,0.422,0.422,0.422,0.422,0.422,0.422,0.422,0.422,0.422,0.422,0.422,0.422,0.422,0.422,0.422,0.422,0.422,0.422,0.422,0.422
RGI60-19.02563,0.945,0.945,0.945,0.945,0.945,0.945,0.945,0.945,0.945,0.945,0.945,0.945,0.945,0.945,0.945,0.945,0.945,0.945,0.945,0.945,0.945,0.945,0.945,0.945,0.315,0.315,0.409,0.409,0.409,0.409,0.409,0.409,0.409,0.409,0.409,0.409,0.409,0.409,0.409,0.409,0.409,0.409,0.409,0.409,0.409,0.409,0.409,0.409,0.409,0.409
RGI60-19.02564,0.945,0.945,0.945,0.945,0.945,0.945,0.945,0.945,0.945,0.945,0.945,0.945,0.945,0.945,0.945,0.945,0.945,0.945,0.945,0.945,0.945,0.945,0.945,0.945,0.315,0.315,0.409,0.409,0.409,0.409,0.409,0.409,0.409,0.409,0.409,0.409,0.409,0.409,0.409,0.409,0.409,0.409,0.409,0.409,0.409,0.409,0.409,0.409,0.409,0.409
RGI60-19.02565,0.949,0.949,0.949,0.949,0.949,0.949,0.949,0.949,0.949,0.949,0.949,0.949,0.949,0.949,0.949,0.949,0.949,0.949,0.949,0.949,0.949,0.949,0.949,0.949,0.322,0.322,0.422,0.422,0.422,0.422,0.422,0.422,0.422,0.422,0.422,0.422,0.422,0.422,0.422,0.422,0.422,0.422,0.422,0.422,0.422,0.422,0.422,0.422,0.422,0.422
RGI60-19.02566,0.949,0.949,0.949,0.949,0.949,0.949,0.949,0.949,0.949,0.949,0.949,0.949,0.949,0.949,0.949,0.949,0.949,0.949,0.949,0.949,0.949,0.949,0.949,0.949,0.322,0.322,0.422,0.422,0.422,0.422,0.422,0.422,0.422,0.422,0.422,0.422,0.422,0.422,0.422,0.422,0.422,0.422,0.422,0.422,0.422,0.422,0.422,0.422,0.422,0.422
RGI60-19.02567,0.949,0.949,0.949,0.949,0.949,0.949,0.949,0.949,0.949,0.949,0.949,0.949,0.949,0.949,0.949,0.949,0.949,0.949,0.949,0.949,0.949,0.949,0.949,0.949,0.323,0.323,0.422,0.422,0.422,0.422,0.422,0.422,0.422,0.422,0.422,0.422,0.422,0.422,0.422,0.422,0.422,0.422,0.422,0.422,0.422,0.422,0.422,0.422,0.422,0.422
RGI60-19.02568,0.949,0.949,0.949,0.949,0.949,0.949,0.949,0.949,0.949,0.949,0.949,0.949,0.949,0.949,0.949,0.949,0.949,0.949,0.949,0.949,0.949,0.949,0.949,0.949,0.323,0.323,0.422,0.422,0.422,0.422,0.422,0.422,0.422,0.422,0.422,0.422,0.422,0.422,0.422,0.422,0.422,0.422,0.422,0.422,0.422,0.422,0.422,0.422,0.422,0.422
RGI60-19.02569,0.949,0.949,0.949,0.949,0.949,0.949,0.949,0.949,0.949,0.949,0.949,0.949,0.949,0.949,0.949,0.949,0.949,0.949,0.949,0.949,0.949,0.949,0.949,0.949,0.323,0.323,0.422,0.422,0.422,0.422,0.422,0.422,0.422,0.422,0.422,0.422,0.422,0.422,0.422,0.422,0.422,0.422,0.422,0.422,0.422,0.422,0.422,0.422,0.422,0.422
RGI60-19.02570,0.949,0.949,0.949,0.949,0.949,0.949,0.949,0.949,0.949,0.949,0.949,0.949,0.949,0.949,0.949,0.949,0.949,0.949,0.949,0.949,0.949,0.949,0.949,0.949,0.323,0.323,0.422,0.422,0.422,0.422,0.422,0.422,0.422,0.422,0.422,0.422,0.422,0.422,0.422,0.422,0.422,0.422,0.422,0.422,0.422,0.422,0.422,0.422,0.422,0.422
RGI60-19.02571,0.949,0.949,0.949,0.949,0.949,0.949,0.949,0.949,0.949,0.949,0.949,0.949,0.949,0.949,0.949,0.949,0.949,0.949,0.949,0.949,0.949,0.949,0.949,0.949,0.323,0.323,0.422,0.422,0.422,0.422,0.422,0.422,0.422,0.422,0.422,0.422,0.422,0.422,0.422,0.422,0.422,0.422,0.422,0.422,0.422,0.422,0.422,0.422,0.422,0.422
RGI60-19.02572,0.949,0.949,0.949,0.949,0.949,0.949,0.949,0.949,0.949,0.949,0.949,0.949,0.949,0.949,0.949,0.949,0.949,0.949,0.949,0.949,0.949,0.949,0.949,0.949,0.323,0.323,0.422,0.422,0.422,0.422,0.422,0.422,0.422,0.422,0.422,0.422,0.422,0.422,0.422,0.422,0.422,0.422,0.422,0.422,0.422,0.422,0.422,0.422,0.422,0.422
RGI60-19.02573,0.949,0.949,0.949,0.949,0.949,0.949,0.949,0.949,0.949,0.949,0.949,0.949,0.949,0.949,0.949,0.949,0.949,0.949,0.949,0.949,0.949,0.949,0.949,0.949,0.323,0.323,0.422,0.422,0.422,0.422,0.422,0.422,0.422,0.422,0.422,0.422,0.422,0.422,0.422,0.422,0.422,0.422,0.422,0.422,0.422,0.422,0.422,0.422,0.422,0.422
RGI60-19.02574,0.949,0.949,0.949,0.949,0.949,0.949,0.949,0.949,0.949,0.949,0.949,0.949,0.949,0.949,0.949,0.949,0.949,0.949,0.949,0.949,0.949,0.949,0.949,0.949,0.322,0.322,0.422,0.422,0.422,0.422,0.422,0.422,0.422,0.422,0.422,0.422,0.422,0.422,0.422,0.422,0.422,0.422,0.422,0.422,0.422,0.422,0.422,0.422,0.422,0.422
RGI60-19.02575,0.949,0.949,0.949,0.949,0.949,0.949,0.949,0.949,0.949,0.949,0.949,0.949,0.949,0.949,0.949,0.949,0.949,0.949,0.949,0.949,0.949,0.949,0.949,0.949,0.322,0.322,0.422,0.422,0.422,0.422,0.422,0.422,0.422,0.422,0.422,0.422,0.422,0.422,0.422,0.422,0.422,0.422,0.422,0.422,0.422,0.422,0.422,0.422,0.422,0.422
RGI60-19.02576,0.949,0.949,0.949,0.949,0.949,0.949,0.949,0.949,0.949,0.949,0.949,0.949,0.949,0.949,0.949,0.949,0.949,0.949,0.949,0.949,0.949,0.949,0.949,0.949,0.322,0.322,0.422,0.422,0.422,0.422,0.422,0.422,0.422,0.422,0.422,0.422,0.422,0.422,0.422,0.422,0.422,0.422,0.422,0.422,0.422,0.422,0.422,0.422,0.422,0.422
RGI60-19.02577,0.949,0.949,0.949,0.949,0.949,0.949,0.949,0.949,0.949,0.949,0.949,0.949,0.949,0.949,0.949,0.949,0.949,0.949,0.949,0.949,0.949,0.949,0.949,0.949,0.322,0.322,0.421,0.421,0.421,0.421,0.421,0.421,0.421,0.421,0.421,0.421,0.421,0.421,0.421,0.421,0.421,0.421,0.421,0.421,0.421,0.421,0.421,0.421,0.421,0.421
RGI60-19.02578,0.949,0.949,0.949,0.949,0.949,0.949,0.949,0.949,0.949,0.949,0.949,0.949,0.949,0.949,0.949,0.949,0.949,0.949,0.949,0.949,0.949,0.949,0.949,0.949,0.322,0.322,0.422,0.422,0.422,0.422,0.422,0.422,0.422,0.422,0.422,0.422,0.422,0.422,0.422,0.422,0.422,0.422,0.422,0.422,0.422,0.422,0.422,0.422,0.422,0.422
RGI60-19.02579,0.949,0.949,0.949,0.949,0.949,0.949,0.949,0.949,0.949,0.949,0.949,0.949,0.949,0.949,0.949,0.949,0.949,0.949,0.949,0.949,0.949,0.949,0.949,0.949,0.322,0.322,0.421,0.421,0.421,0.421,0.421,0.421,0.421,0.421,0.421,0.421,0.421,0.421,0.421,0.421,0.421,0.421,0.421,0.421,0.421,0.421,0.421,0.421,0.421,0.421
RGI60-19.02580,0.949,0.949,0.949,0.949,0.949,0.949,0.949,0.949,0.949,0.949,0.949,0.949,0.949,0.949,0.949,0.949,0.949,0.949,0.949,0.949,0.949,0.949,0.949,0.949,0.322,0.322,0.421,0.421,0.421,0.421,0.421,0.421,0.421,0.421,0.421,0.421,0.421,0.421,0.421,0.421,0.421,0.421,0.421,0.421,0.421,0.421,0.421,0.421,0.421,0.421
RGI60-19.02581,0.949,0.949,0.949,0.949,0.949,0.949,0.949,0.949,0.949,0.949,0.949,0.949,0.949,0.949,0.949,0.949,0.949,0.949,0.949,0.949,0.949,0.949,0.949,0.949,0.322,0.322,0.422,0.422,0.422,0.422,0.422,0.422,0.422,0.422,0.422,0.422,0.422,0.422,0.422,0.422,0.422,0.422,0.422,0.422,0.422,0.422,0.422,0.422,0.422,0.422
RGI60-19.02582,0.949,0.949,0.949,0.949,0.949,0.949,0.949,0.949,0.949,0.949,0.949,0.949,0.949,0.949,0.949,0.949,0.949,0.949,0.949,0.949,0.949,0.949,0.949,0.949,0.322,0.322,0.421,0.421,0.421,0.421,0.421,0.421,0.421,0.421,0.421,0.421,0.421,0.421,0.421,0.421,0.421,0.421,0.421,0.421,0.421,0.421,0.421,0.421,0.421,0.421
RGI60-19.02583,0.945,0.945,0.945,0.945,0.945,0.945,0.945,0.945,0.945,0.945,0.945,0.945,0.945,0.945,0.945,0.945,0.945,0.945,0.945,0.945,0.945,0.945,0.945,0.945,0.315,0.315,0.409,0.409,0.409,0.409,0.409,0.409,0.409,0.409,0.409,0.409,0.409,0.409,0.409,0.409,0.409,0.409,0.409,0.409,0.409,0.409,0.409,0.409,0.409,0.409
RGI60-19.02584,0.949,0.949,0.949,0.949,0.949,0.949,0.949,0.949,0.949,0.949,0.949,0.949,0.949,0.949,0.949,0.949,0.949,0.949,0.949,0.949,0.949,0.949,0.949,0.949,0.323,0.323,0.422,0.422,0.422,0.422,0.422,0.422,0.422,0.422,0.422,0.422,0.422,0.422,0.422,0.422,0.422,0.422,0.422,0.422,0.422,0.422,0.422,0.422,0.422,0.422
RGI60-19.02585,0.949,0.949,0.949,0.949,0.949,0.949,0.949,0.949,0.949,0.949,0.949,0.949,0.949,0.949,0.949,0.949,0.949,0.949,0.949,0.949,0.949,0.949,0.949,0.949,0.322,0.322,0.421,0.421,0.421,0.421,0.421,0.421,0.421,0.421,0.421,0.421,0.421,0.421,0.421,0.421,0.421,0.421,0.421,0.421,0.421,0.421,0.421,0.421,0.421,0.421
RGI60-19.02586,0.949,0.949,0.949,0.949,0.949,0.949,0.949,0.949,0.949,0.949,0.949,0.949,0.949,0.949,0.949,0.949,0.949,0.949,0.949,0.949,0.949,0.949,0.949,0.949,0.322,0.322,0.421,0.421,0.421,0.421,0.421,0.421,0.421,0.421,0.421,0.421,0.421,0.421,0.421,0.421,0.421,0.421,0.421,0.421,0.421,0.421,0.421,0.421,0.421,0.421
RGI60-19.02587,0.949,0.949,0.949,0.949,0.949,0.949,0.949,0.949,0.949,0.949,0.949,0.949,0.949,0.949,0.949,0.949,0.949,0.949,0.949,0.949,0.949,0.949,0.949,0.949,0.322,0.322,0.421,0.421,0.421,0.421,0.421,0.421,0.421,0.421,0.421,0.421,0.421,0.421,0.421,0.421,0.421,0.421,0.421,0.421,0.421,0.421,0.421,0.421,0.421,0.421
RGI60-19.02588,0.945,0.945,0.945,0.945,0.945,0.945,0.945,0.945,0.945,0.945,0.945,0.945,0.945,0.945,0.945,0.945,0.945,0.945,0.945,0.945,0.945,0.945,0.945,0.945,0.315,0.315,0.409,0.409,0.409,0.409,0.409,0.409,0.409,0.409,0.409,0.409,0.409,0.409,0.409,0.409,0.409,0.409,0.409,0.409,0.409,0.409,0.409,0.409,0.409,0.409
RGI60-19.02589,0.949,0.949,0.949,0.949,0.949,0.949,0.949,0.949,0.949,0.949,0.949,0.949,0.949,0.949,0.949,0.949,0.949,0.949,0.949,0.949,0.949,0.949,0.949,0.949,0.322,0.322,0.422,0.422,0.422,0.422,0.422,0.422,0.422,0.422,0.422,0.422,0.422,0.422,0.422,0.422,0.422,0.422,0.422,0.422,0.422,0.422,0.422,0.422,0.422,0.422
RGI60-19.02590,0.949,0.949,0.949,0.949,0.949,0.949,0.949,0.949,0.949,0.949,0.949,0.949,0.949,0.949,0.949,0.949,0.949,0.949,0.949,0.949,0.949,0.949,0.949,0.949,0.323,0.323,0.422,0.422,0.422,0.422,0.422,0.422,0.422,0.422,0.422,0.422,0.422,0.422,0.422,0.422,0.422,0.422,0.422,0.422,0.422,0.422,0.422,0.422,0.422,0.422
RGI60-19.02591,0.949,0.949,0.949,0.949,0.949,0.949,0.949,0.949,0.949,0.949,0.949,0.949,0.949,0.949,0.949,0.949,0.949,0.949,0.949,0.949,0.949,0.949,0.949,0.949,0.323,0.323,0.422,0.422,0.422,0.422,0.422,0.422,0.422,0.422,0.422,0.422,0.422,0.422,0.422,0.422,0.422,0.422,0.422,0.422,0.422,0.422,0.422,0.422,0.422,0.422
RGI60-19.02592,0.949,0.949,0.949,0.949,0.949,0.949,0.949,0.949,0.949,0.949,0.949,0.949,0.949,0.949,0.949,0.949,0.949,0.949,0.949,0.949,0.949,0.949,0.949,0.949,0.322,0.322,0.422,0.422,0.422,0.422,0.422,0.422,0.422,0.422,0.422,0.422,0.422,0.422,0.422,0.422,0.422,0.422,0.422,0.422,0.422,0.422,0.422,0.422,0.422,0.422
RGI60-19.02593,0.949,0.949,0.949,0.949,0.949,0.949,0.949,0.949,0.949,0.949,0.949,0.949,0.949,0.949,0.949,0.949,0.949,0.949,0.949,0.949,0.949,0.949,0.949,0.949,0.322,0.322,0.421,0.421,0.421,0.421,0.421,0.421,0.421,0.421,0.421,0.421,0.421,0.421,0.421,0.421,0.421,0.421,0.421,0.421,0.421,0.421,0.421,0.421,0.421,0.421
RGI60-19.02594,0.945,0.945,0.945,0.945,0.945,0.945,0.945,0.945,0.945,0.945,0.945,0.945,0.945,0.945,0.945,0.945,0.945,0.945,0.945,0.945,0.945,0.945,0.945,0.945,0.315,0.315,0.409,0.409,0.409,0.409,0.409,0.409,0.409,0.409,0.409,0.409,0.409,0.409,0.409,0.409,0.409,0.409,0.409,0.409,0.409,0.409,0.409,0.409,0.409,0.409
RGI60-19.02595,0.945,0.945,0.945,0.945,0.945,0.945,0.945,0.945,0.945,0.945,0.945,0.945,0.945,0.945,0.945,0.945,0.945,0.945,0.945,0.945,0.945,0.945,0.945,0.945,0.315,0.315,0.409,0.409,0.409,0.409,0.409,0.409,0.409,0.409,0.409,0.409,0.409,0.409,0.409,0.409,0.409,0.409,0.409,0.409,0.409,0.409,0.409,0.409,0.409,0.409
RGI60-19.02596,0.949,0.949,0.949,0.949,0.949,0.949,0.949,0.949,0.949,0.949,0.949,0.949,0.949,0.949,0.949,0.949,0.949,0.949,0.949,0.949,0.949,0.949,0.949,0.949,0.323,0.323,0.422,0.422,0.422,0.422,0.422,0.422,0.422,0.422,0.422,0.422,0.422,0.422,0.422,0.422,0.422,0.422,0.422,0.422,0.422,0.422,0.422,0.422,0.422,0.422
RGI60-19.02597,0.949,0.949,0.949,0.949,0.949,0.949,0.949,0.949,0.949,0.949,0.949,0.949,0.949,0.949,0.949,0.949,0.949,0.949,0.949,0.949,0.949,0.949,0.949,0.949,0.323,0.323,0.422,0.422,0.422,0.422,0.422,0.422,0.422,0.422,0.422,0.422,0.422,0.422,0.422,0.422,0.422,0.422,0.422,0.422,0.422,0.422,0.422,0.422,0.422,0.422
RGI60-19.02598,0.949,0.949,0.949,0.949,0.949,0.949,0.949,0.949,0.949,0.949,0.949,0.949,0.949,0.949,0.949,0.949,0.949,0.949,0.949,0.949,0.949,0.949,0.949,0.949,0.323,0.323,0.422,0.422,0.422,0.422,0.422,0.422,0.422,0.422,0.422,0.422,0.422,0.422,0.422,0.422,0.422,0.422,0.422,0.422,0.422,0.422,0.422,0.422,0.422,0.422
RGI60-19.02599,0.949,0.949,0.949,0.949,0.949,0.949,0.949,0.949,0.949,0.949,0.949,0.949,0.949,0.949,0.949,0.949,0.949,0.949,0.949,0.949,0.949,0.949,0.949,0.949,0.323,0.323,0.422,0.422,0.422,0.422,0.422,0.422,0.422,0.422,0.422,0.422,0.422,0.422,0.422,0.422,0.422,0.422,0.422,0.422,0.422,0.422,0.422,0.422,0.422,0.422
RGI60-19.02600,0.949,0.949,0.949,0.949,0.949,0.949,0.949,0.949,0.949,0.949,0.949,0.949,0.949,0.949,0.949,0.949,0.949,0.949,0.949,0.949,0.949,0.949,0.949,0.949,0.322,0.322,0.422,0.422,0.422,0.422,0.422,0.422,0.422,0.422,0.422,0.422,0.422,0.422,0.422,0.422,0.422,0.422,0.422,0.422,0.422,0.422,0.422,0.422,0.422,0.422
RGI60-19.02601,0.949,0.949,0.949,0.949,0.949,0.949,0.949,0.949,0.949,0.949,0.949,0.949,0.949,0.949,0.949,0.949,0.949,0.949,0.949,0.949,0.949,0.949,0.949,0.949,0.322,0.322,0.422,0.422,0.422,0.422,0.422,0.422,0.422,0.422,0.422,0.422,0.422,0.422,0.422,0.422,0.422,0.422,0.422,0.422,0.422,0.422,0.422,0.422,0.422,0.422
RGI60-19.02602,0.949,0.949,0.949,0.949,0.949,0.949,0.949,0.949,0.949,0.949,0.949,0.949,0.949,0.949,0.949,0.949,0.949,0.949,0.949,0.949,0.949,0.949,0.949,0.949,0.322,0.322,0.422,0.422,0.422,0.422,0.422,0.422,0.422,0.422,0.422,0.422,0.422,0.422,0.422,0.422,0.422,0.422,0.422,0.422,0.422,0.422,0.422,0.422,0.422,0.422
RGI60-19.02603,0.949,0.949,0.949,0.949,0.949,0.949,0.949,0.949,0.949,0.949,0.949,0.949,0.949,0.949,0.949,0.949,0.949,0.949,0.949,0.949,0.949,0.949,0.949,0.949,0.322,0.322,0.422,0.422,0.422,0.422,0.422,0.422,0.422,0.422,0.422,0.422,0.422,0.422,0.422,0.422,0.422,0.422,0.422,0.422,0.422,0.422,0.422,0.422,0.422,0.422
RGI60-19.02604,0.949,0.949,0.949,0.949,0.949,0.949,0.949,0.949,0.949,0.949,0.949,0.949,0.949,0.949,0.949,0.949,0.949,0.949,0.949,0.949,0.949,0.949,0.949,0.949,0.322,0.322,0.422,0.422,0.422,0.422,0.422,0.422,0.422,0.422,0.422,0.422,0.422,0.422,0.422,0.422,0.422,0.422,0.422,0.422,0.422,0.422,0.422,0.422,0.422,0.422
RGI60-19.02605,0.949,0.949,0.949,0.949,0.949,0.949,0.949,0.949,0.949,0.949,0.949,0.949,0.949,0.949,0.949,0.949,0.949,0.949,0.949,0.949,0.949,0.949,0.949,0.949,0.322,0.322,0.422,0.422,0.422,0.422,0.422,0.422,0.422,0.422,0.422,0.422,0.422,0.422,0.422,0.422,0.422,0.422,0.422,0.422,0.422,0.422,0.422,0.422,0.422,0.422
RGI60-19.02606,0.949,0.949,0.949,0.949,0.949,0.949,0.949,0.949,0.949,0.949,0.949,0.949,0.949,0.949,0.949,0.949,0.949,0.949,0.949,0.949,0.949,0.949,0.949,0.949,0.322,0.322,0.422,0.422,0.422,0.422,0.422,0.422,0.422,0.422,0.422,0.422,0.422,0.422,0.422,0.422,0.422,0.422,0.422,0.422,0.422,0.422,0.422,0.422,0.422,0.422
RGI60-19.02607,0.945,0.945,0.945,0.945,0.945,0.945,0.945,0.945,0.945,0.945,0.945,0.945,0.945,0.945,0.945,0.945,0.945,0.945,0.945,0.945,0.945,0.945,0.945,0.945,0.315,0.315,0.409,0.409,0.409,0.409,0.409,0.409,0.409,0.409,0.409,0.409,0.409,0.409,0.409,0.409,0.409,0.409,0.409,0.409,0.409,0.409,0.409,0.409,0.409,0.409
RGI60-19.02608,0.945,0.945,0.945,0.945,0.945,0.945,0.945,0.945,0.945,0.945,0.945,0.945,0.945,0.945,0.945,0.945,0.945,0.945,0.945,0.945,0.945,0.945,0.945,0.945,0.315,0.315,0.409,0.409,0.409,0.409,0.409,0.409,0.409,0.409,0.409,0.409,0.409,0.409,0.409,0.409,0.409,0.409,0.409,0.409,0.409,0.409,0.409,0.409,0.409,0.409
RGI60-19.02609,0.945,0.945,0.945,0.945,0.945,0.945,0.945,0.945,0.945,0.945,0.945,0.945,0.945,0.945,0.945,0.945,0.945,0.945,0.945,0.945,0.945,0.945,0.945,0.945,0.315,0.315,0.409,0.409,0.409,0.409,0.409,0.409,0.409,0.409,0.409,0.409,0.409,0.409,0.409,0.409,0.409,0.409,0.409,0.409,0.409,0.409,0.409,0.409,0.409,0.409
RGI60-19.02610,0.949,0.949,0.949,0.949,0.949,0.949,0.949,0.949,0.949,0.949,0.949,0.949,0.949,0.949,0.949,0.949,0.949,0.949,0.949,0.949,0.949,0.949,0.949,0.949,0.322,0.322,0.422,0.422,0.422,0.422,0.422,0.422,0.422,0.422,0.422,0.422,0.422,0.422,0.422,0.422,0.422,0.422,0.422,0.422,0.422,0.422,0.422,0.422,0.422,0.422
RGI60-19.02611,0.949,0.949,0.949,0.949,0.949,0.949,0.949,0.949,0.949,0.949,0.949,0.949,0.949,0.949,0.949,0.949,0.949,0.949,0.949,0.949,0.949,0.949,0.949,0.949,0.322,0.322,0.421,0.421,0.421,0.421,0.421,0.421,0.421,0.421,0.421,0.421,0.421,0.421,0.421,0.421,0.421,0.421,0.421,0.421,0.421,0.421,0.421,0.421,0.421,0.421
RGI60-19.02612,0.949,0.949,0.949,0.949,0.949,0.949,0.949,0.949,0.949,0.949,0.949,0.949,0.949,0.949,0.949,0.949,0.949,0.949,0.949,0.949,0.949,0.949,0.949,0.949,0.322,0.322,0.421,0.421,0.421,0.421,0.421,0.421,0.421,0.421,0.421,0.421,0.421,0.421,0.421,0.421,0.421,0.421,0.421,0.421,0.421,0.421,0.421,0.421,0.421,0.421
RGI60-19.02613,0.945,0.945,0.945,0.945,0.945,0.945,0.945,0.945,0.945,0.945,0.945,0.945,0.945,0.945,0.945,0.945,0.945,0.945,0.945,0.945,0.945,0.945,0.945,0.945,0.315,0.315,0.409,0.409,0.409,0.409,0.409,0.409,0.409,0.409,0.409,0.409,0.409,0.409,0.409,0.409,0.409,0.409,0.409,0.409,0.409,0.409,0.409,0.409,0.409,0.409
RGI60-19.02614,0.949,0.949,0.949,0.949,0.949,0.949,0.949,0.949,0.949,0.949,0.949,0.949,0.949,0.949,0.949,0.949,0.949,0.949,0.949,0.949,0.949,0.949,0.949,0.949,0.322,0.322,0.421,0.421,0.421,0.421,0.421,0.421,0.421,0.421,0.421,0.421,0.421,0.421,0.421,0.421,0.421,0.421,0.421,0.421,0.421,0.421,0.421,0.421,0.421,0.421
RGI60-19.02615,0.949,0.949,0.949,0.949,0.949,0.949,0.949,0.949,0.949,0.949,0.949,0.949,0.949,0.949,0.949,0.949,0.949,0.949,0.949,0.949,0.949,0.949,0.949,0.949,0.322,0.322,0.421,0.421,0.421,0.421,0.421,0.421,0.421,0.421,0.421,0.421,0.421,0.421,0.421,0.421,0.421,0.421,0.421,0.421,0.421,0.421,0.421,0.421,0.421,0.421
RGI60-19.02616,0.949,0.949,0.949,0.949,0.949,0.949,0.949,0.949,0.949,0.949,0.949,0.949,0.949,0.949,0.949,0.949,0.949,0.949,0.949,0.949,0.949,0.949,0.949,0.949,0.322,0.322,0.421,0.421,0.421,0.421,0.421,0.421,0.421,0.421,0.421,0.421,0.421,0.421,0.421,0.421,0.421,0.421,0.421,0.421,0.421,0.421,0.421,0.421,0.421,0.421
RGI60-19.02617,0.949,0.949,0.949,0.949,0.949,0.949,0.949,0.949,0.949,0.949,0.949,0.949,0.949,0.949,0.949,0.949,0.949,0.949,0.949,0.949,0.949,0.949,0.949,0.949,0.322,0.322,0.421,0.421,0.421,0.421,0.421,0.421,0.421,0.421,0.421,0.421,0.421,0.421,0.421,0.421,0.421,0.421,0.421,0.421,0.421,0.421,0.421,0.421,0.421,0.421
RGI60-19.02618,0.949,0.949,0.949,0.949,0.949,0.949,0.949,0.949,0.949,0.949,0.949,0.949,0.949,0.949,0.949,0.949,0.949,0.949,0.949,0.949,0.949,0.949,0.949,0.949,0.322,0.322,0.421,0.421,0.421,0.421,0.421,0.421,0.421,0.421,0.421,0.421,0.421,0.421,0.421,0.421,0.421,0.421,0.421,0.421,0.421,0.421,0.421,0.421,0.421,0.421
RGI60-19.02619,0.949,0.949,0.949,0.949,0.949,0.949,0.949,0.949,0.949,0.949,0.949,0.949,0.949,0.949,0.949,0.949,0.949,0.949,0.949,0.949,0.949,0.949,0.949,0.949,0.322,0.322,0.421,0.421,0.421,0.421,0.421,0.421,0.421,0.421,0.421,0.421,0.421,0.421,0.421,0.421,0.421,0.421,0.421,0.421,0.421,0.421,0.421,0.421,0.421,0.421
RGI60-19.02620,0.949,0.949,0.949,0.949,0.949,0.949,0.949,0.949,0.949,0.949,0.949,0.949,0.949,0.949,0.949,0.949,0.949,0.949,0.949,0.949,0.949,0.949,0.949,0.949,0.322,0.322,0.421,0.421,0.421,0.421,0.421,0.421,0.421,0.421,0.421,0.421,0.421,0.421,0.421,0.421,0.421,0.421,0.421,0.421,0.421,0.421,0.421,0.421,0.421,0.421
RGI60-19.02621,0.945,0.945,0.945,0.945,0.945,0.945,0.945,0.945,0.945,0.945,0.945,0.945,0.945,0.945,0.945,0.945,0.945,0.945,0.945,0.945,0.945,0.945,0.945,0.945,0.315,0.315,0.409,0.409,0.409,0.409,0.409,0.409,0.409,0.409,0.409,0.409,0.409,0.409,0.409,0.409,0.409,0.409,0.409,0.409,0.409,0.409,0.409,0.409,0.409,0.409
RGI60-19.02622,0.949,0.949,0.949,0.949,0.949,0.949,0.949,0.949,0.949,0.949,0.949,0.949,0.949,0.949,0.949,0.949,0.949,0.949,0.949,0.949,0.949,0.949,0.949,0.949,0.322,0.322,0.421,0.421,0.421,0.421,0.421,0.421,0.421,0.421,0.421,0.421,0.421,0.421,0.421,0.421,0.421,0.421,0.421,0.421,0.421,0.421,0.421,0.421,0.421,0.421
RGI60-19.02623,0.949,0.949,0.949,0.949,0.949,0.949,0.949,0.949,0.949,0.949,0.949,0.949,0.949,0.949,0.949,0.949,0.949,0.949,0.949,0.949,0.949,0.949,0.949,0.949,0.322,0.322,0.421,0.421,0.421,0.421,0.421,0.421,0.421,0.421,0.421,0.421,0.421,0.421,0.421,0.421,0.421,0.421,0.421,0.421,0.421,0.421,0.421,0.421,0.421,0.421
RGI60-19.02624,0.949,0.949,0.949,0.949,0.949,0.949,0.949,0.949,0.949,0.949,0.949,0.949,0.949,0.949,0.949,0.949,0.949,0.949,0.949,0.949,0.949,0.949,0.949,0.949,0.322,0.322,0.421,0.421,0.421,0.421,0.421,0.421,0.421,0.421,0.421,0.421,0.421,0.421,0.421,0.421,0.421,0.421,0.421,0.421,0.421,0.421,0.421,0.421,0.421,0.421
RGI60-19.02625,0.949,0.949,0.949,0.949,0.949,0.949,0.949,0.949,0.949,0.949,0.949,0.949,0.949,0.949,0.949,0.949,0.949,0.949,0.949,0.949,0.949,0.949,0.949,0.949,0.322,0.322,0.422,0.422,0.422,0.422,0.422,0.422,0.422,0.422,0.422,0.422,0.422,0.422,0.422,0.422,0.422,0.422,0.422,0.422,0.422,0.422,0.422,0.422,0.422,0.422
RGI60-19.02626,0.945,0.945,0.945,0.945,0.945,0.945,0.945,0.945,0.945,0.945,0.945,0.945,0.945,0.945,0.945,0.945,0.945,0.945,0.945,0.945,0.945,0.945,0.945,0.945,0.315,0.315,0.409,0.409,0.409,0.409,0.409,0.409,0.409,0.409,0.409,0.409,0.409,0.409,0.409,0.409,0.409,0.409,0.409,0.409,0.409,0.409,0.409,0.409,0.409,0.409
RGI60-19.02627,0.949,0.949,0.949,0.949,0.949,0.949,0.949,0.949,0.949,0.949,0.949,0.949,0.949,0.949,0.949,0.949,0.949,0.949,0.949,0.949,0.949,0.949,0.949,0.949,0.322,0.322,0.421,0.421,0.421,0.421,0.421,0.421,0.421,0.421,0.421,0.421,0.421,0.421,0.421,0.421,0.421,0.421,0.421,0.421,0.421,0.421,0.421,0.421,0.421,0.421
RGI60-19.02628,0.949,0.949,0.949,0.949,0.949,0.949,0.949,0.949,0.949,0.949,0.949,0.949,0.949,0.949,0.949,0.949,0.949,0.949,0.949,0.949,0.949,0.949,0.949,0.949,0.322,0.322,0.422,0.422,0.422,0.422,0.422,0.422,0.422,0.422,0.422,0.422,0.422,0.422,0.422,0.422,0.422,0.422,0.422,0.422,0.422,0.422,0.422,0.422,0.422,0.422
RGI60-19.02629,0.949,0.949,0.949,0.949,0.949,0.949,0.949,0.949,0.949,0.949,0.949,0.949,0.949,0.949,0.949,0.949,0.949,0.949,0.949,0.949,0.949,0.949,0.949,0.949,0.322,0.322,0.422,0.422,0.422,0.422,0.422,0.422,0.422,0.422,0.422,0.422,0.422,0.422,0.422,0.422,0.422,0.422,0.422,0.422,0.422,0.422,0.422,0.422,0.422,0.422
RGI60-19.02630,0.949,0.949,0.949,0.949,0.949,0.949,0.949,0.949,0.949,0.949,0.949,0.949,0.949,0.949,0.949,0.949,0.949,0.949,0.949,0.949,0.949,0.949,0.949,0.949,0.322,0.322,0.421,0.421,0.421,0.421,0.421,0.421,0.421,0.421,0.421,0.421,0.421,0.421,0.421,0.421,0.421,0.421,0.421,0.421,0.421,0.421,0.421,0.421,0.421,0.421
RGI60-19.02631,0.949,0.949,0.949,0.949,0.949,0.949,0.949,0.949,0.949,0.949,0.949,0.949,0.949,0.949,0.949,0.949,0.949,0.949,0.949,0.949,0.949,0.949,0.949,0.949,0.322,0.322,0.422,0.422,0.422,0.422,0.422,0.422,0.422,0.422,0.422,0.422,0.422,0.422,0.422,0.422,0.422,0.422,0.422,0.422,0.422,0.422,0.422,0.422,0.422,0.422
RGI60-19.02632,0.949,0.949,0.949,0.949,0.949,0.949,0.949,0.949,0.949,0.949,0.949,0.949,0.949,0.949,0.949,0.949,0.949,0.949,0.949,0.949,0.949,0.949,0.949,0.949,0.322,0.322,0.422,0.422,0.422,0.422,0.422,0.422,0.422,0.422,0.422,0.422,0.422,0.422,0.422,0.422,0.422,0.422,0.422,0.422,0.422,0.422,0.422,0.422,0.422,0.422
RGI60-19.02633,0.949,0.949,0.949,0.949,0.949,0.949,0.949,0.949,0.949,0.949,0.949,0.949,0.949,0.949,0.949,0.949,0.949,0.949,0.949,0.949,0.949,0.949,0.949,0.949,0.322,0.322,0.421,0.421,0.421,0.421,0.421,0.421,0.421,0.421,0.421,0.421,0.421,0.421,0.421,0.421,0.421,0.421,0.421,0.421,0.421,0.421,0.421,0.421,0.421,0.421
RGI60-19.02634,0.949,0.949,0.949,0.949,0.949,0.949,0.949,0.949,0.949,0.949,0.949,0.949,0.949,0.949,0.949,0.949,0.949,0.949,0.949,0.949,0.949,0.949,0.949,0.949,0.322,0.322,0.422,0.422,0.422,0.422,0.422,0.422,0.422,0.422,0.422,0.422,0.422,0.422,0.422,0.422,0.422,0.422,0.422,0.422,0.422,0.422,0.422,0.422,0.422,0.422
RGI60-19.02635,0.949,0.949,0.949,0.949,0.949,0.949,0.949,0.949,0.949,0.949,0.949,0.949,0.949,0.949,0.949,0.949,0.949,0.949,0.949,0.949,0.949,0.949,0.949,0.949,0.322,0.322,0.421,0.421,0.421,0.421,0.421,0.421,0.421,0.421,0.421,0.421,0.421,0.421,0.421,0.421,0.421,0.421,0.421,0.421,0.421,0.421,0.421,0.421,0.421,0.421
RGI60-19.02636,0.949,0.949,0.949,0.949,0.949,0.949,0.949,0.949,0.949,0.949,0.949,0.949,0.949,0.949,0.949,0.949,0.949,0.949,0.949,0.949,0.949,0.949,0.949,0.949,0.322,0.322,0.422,0.422,0.422,0.422,0.422,0.422,0.422,0.422,0.422,0.422,0.422,0.422,0.422,0.422,0.422,0.422,0.422,0.422,0.422,0.422,0.422,0.422,0.422,0.422
RGI60-19.02637,0.945,0.945,0.945,0.945,0.945,0.945,0.945,0.945,0.945,0.945,0.945,0.945,0.945,0.945,0.945,0.945,0.945,0.945,0.945,0.945,0.945,0.945,0.945,0.945,0.315,0.315,0.409,0.409,0.409,0.409,0.409,0.409,0.409,0.409,0.409,0.409,0.409,0.409,0.409,0.409,0.409,0.409,0.409,0.409,0.409,0.409,0.409,0.409,0.409,0.409
RGI60-19.02638,0.945,0.945,0.945,0.945,0.945,0.945,0.945,0.945,0.945,0.945,0.945,0.945,0.945,0.945,0.945,0.945,0.945,0.945,0.945,0.945,0.945,0.945,0.945,0.945,0.315,0.315,0.409,0.409,0.409,0.409,0.409,0.409,0.409,0.409,0.409,0.409,0.409,0.409,0.409,0.409,0.409,0.409,0.409,0.409,0.409,0.409,0.409,0.409,0.409,0.409
RGI60-19.02639,0.949,0.949,0.949,0.949,0.949,0.949,0.949,0.949,0.949,0.949,0.949,0.949,0.949,0.949,0.949,0.949,0.949,0.949,0.949,0.949,0.949,0.949,0.949,0.949,0.322,0.322,0.421,0.421,0.421,0.421,0.421,0.421,0.421,0.421,0.421,0.421,0.421,0.421,0.421,0.421,0.421,0.421,0.421,0.421,0.421,0.421,0.421,0.421,0.421,0.421
RGI60-19.02640,0.949,0.949,0.949,0.949,0.949,0.949,0.949,0.949,0.949,0.949,0.949,0.949,0.949,0.949,0.949,0.949,0.949,0.949,0.949,0.949,0.949,0.949,0.949,0.949,0.322,0.322,0.421,0.421,0.421,0.421,0.421,0.421,0.421,0.421,0.421,0.421,0.421,0.421,0.421,0.421,0.421,0.421,0.421,0.421,0.421,0.421,0.421,0.421,0.421,0.421
RGI60-19.02641,0.949,0.949,0.949,0.949,0.949,0.949,0.949,0.949,0.949,0.949,0.949,0.949,0.949,0.949,0.949,0.949,0.949,0.949,0.949,0.949,0.949,0.949,0.949,0.949,0.322,0.322,0.421,0.421,0.421,0.421,0.421,0.421,0.421,0.421,0.421,0.421,0.421,0.421,0.421,0.421,0.421,0.421,0.421,0.421,0.421,0.421,0.421,0.421,0.421,0.421
RGI60-19.02642,0.95,0.95,0.95,0.95,0.95,0.95,0.95,0.95,0.95,0.95,0.95,0.95,0.95,0.95,0.95,0.95,0.95,0.95,0.95,0.95,0.95,0.95,0.95,0.95,0.323,0.323,0.422,0.422,0.422,0.422,0.422,0.422,0.422,0.422,0.422,0.422,0.422,0.422,0.422,0.422,0.422,0.422,0.422,0.422,0.422,0.422,0.422,0.422,0.422,0.422
RGI60-19.02643,0.95,0.95,0.95,0.95,0.95,0.95,0.95,0.95,0.95,0.95,0.95,0.95,0.95,0.95,0.95,0.95,0.95,0.95,0.95,0.95,0.95,0.95,0.95,0.95,0.323,0.323,0.422,0.422,0.422,0.422,0.422,0.422,0.422,0.422,0.422,0.422,0.422,0.422,0.422,0.422,0.422,0.422,0.422,0.422,0.422,0.422,0.422,0.422,0.422,0.422
RGI60-19.02644,0.95,0.95,0.95,0.95,0.95,0.95,0.95,0.95,0.95,0.95,0.95,0.95,0.95,0.95,0.95,0.95,0.95,0.95,0.95,0.95,0.95,0.95,0.95,0.95,0.323,0.323,0.422,0.422,0.422,0.422,0.422,0.422,0.422,0.422,0.422,0.422,0.422,0.422,0.422,0.422,0.422,0.422,0.422,0.422,0.422,0.422,0.422,0.422,0.422,0.422
RGI60-19.02645,0.95,0.95,0.95,0.95,0.95,0.95,0.95,0.95,0.95,0.95,0.95,0.95,0.95,0.95,0.95,0.95,0.95,0.95,0.95,0.95,0.95,0.95,0.95,0.95,0.323,0.323,0.422,0.422,0.422,0.422,0.422,0.422,0.422,0.422,0.422,0.422,0.422,0.422,0.422,0.422,0.422,0.422,0.422,0.422,0.422,0.422,0.422,0.422,0.422,0.422
RGI60-19.02646,0.95,0.95,0.95,0.95,0.95,0.95,0.95,0.95,0.95,0.95,0.95,0.95,0.95,0.95,0.95,0.95,0.95,0.95,0.95,0.95,0.95,0.95,0.95,0.95,0.323,0.323,0.422,0.422,0.422,0.422,0.422,0.422,0.422,0.422,0.422,0.422,0.422,0.422,0.422,0.422,0.422,0.422,0.422,0.422,0.422,0.422,0.422,0.422,0.422,0.422
RGI60-19.02647,0.95,0.95,0.95,0.95,0.95,0.95,0.95,0.95,0.95,0.95,0.95,0.95,0.95,0.95,0.95,0.95,0.95,0.95,0.95,0.95,0.95,0.95,0.95,0.95,0.323,0.323,0.422,0.422,0.422,0.422,0.422,0.422,0.422,0.422,0.422,0.422,0.422,0.422,0.422,0.422,0.422,0.422,0.422,0.422,0.422,0.422,0.422,0.422,0.422,0.422
RGI60-19.02648,0.945,0.945,0.945,0.945,0.945,0.945,0.945,0.945,0.945,0.945,0.945,0.945,0.945,0.945,0.945,0.945,0.945,0.945,0.945,0.945,0.945,0.945,0.945,0.945,0.315,0.315,0.409,0.409,0.409,0.409,0.409,0.409,0.409,0.409,0.409,0.409,0.409,0.409,0.409,0.409,0.409,0.409,0.409,0.409,0.409,0.409,0.409,0.409,0.409,0.409
RGI60-19.02649,0.95,0.95,0.95,0.95,0.95,0.95,0.95,0.95,0.95,0.95,0.95,0.95,0.95,0.95,0.95,0.95,0.95,0.95,0.95,0.95,0.95,0.95,0.95,0.95,0.323,0.323,0.422,0.422,0.422,0.422,0.422,0.422,0.422,0.422,0.422,0.422,0.422,0.422,0.422,0.422,0.422,0.422,0.422,0.422,0.422,0.422,0.422,0.422,0.422,0.422
RGI60-19.02650,0.95,0.95,0.95,0.95,0.95,0.95,0.95,0.95,0.95,0.95,0.95,0.95,0.95,0.95,0.95,0.95,0.95,0.95,0.95,0.95,0.95,0.95,0.95,0.95,0.323,0.323,0.422,0.422,0.422,0.422,0.422,0.422,0.422,0.422,0.422,0.422,0.422,0.422,0.422,0.422,0.422,0.422,0.422,0.422,0.422,0.422,0.422,0.422,0.422,0.422
RGI60-19.02651,0.95,0.95,0.95,0.95,0.95,0.95,0.95,0.95,0.95,0.95,0.95,0.95,0.95,0.95,0.95,0.95,0.95,0.95,0.95,0.95,0.95,0.95,0.95,0.95,0.323,0.323,0.422,0.422,0.422,0.422,0.422,0.422,0.422,0.422,0.422,0.422,0.422,0.422,0.422,0.422,0.422,0.422,0.422,0.422,0.422,0.422,0.422,0.422,0.422,0.422
RGI60-19.02652,0.95,0.95,0.95,0.95,0.95,0.95,0.95,0.95,0.95,0.95,0.95,0.95,0.95,0.95,0.95,0.95,0.95,0.95,0.95,0.95,0.95,0.95,0.95,0.95,0.323,0.323,0.422,0.422,0.422,0.422,0.422,0.422,0.422,0.422,0.422,0.422,0.422,0.422,0.422,0.422,0.422,0.422,0.422,0.422,0.422,0.422,0.422,0.422,0.422,0.422
RGI60-19.02653,0.95,0.95,0.95,0.95,0.95,0.95,0.95,0.95,0.95,0.95,0.95,0.95,0.95,0.95,0.95,0.95,0.95,0.95,0.95,0.95,0.95,0.95,0.95,0.95,0.323,0.323,0.422,0.422,0.422,0.422,0.422,0.422,0.422,0.422,0.422,0.422,0.422,0.422,0.422,0.422,0.422,0.422,0.422,0.422,0.422,0.422,0.422,0.422,0.422,0.422
RGI60-19.02654,0.95,0.95,0.95,0.95,0.95,0.95,0.95,0.95,0.95,0.95,0.95,0.95,0.95,0.95,0.95,0.95,0.95,0.95,0.95,0.95,0.95,0.95,0.95,0.95,0.323,0.323,0.422,0.422,0.422,0.422,0.422,0.422,0.422,0.422,0.422,0.422,0.422,0.422,0.422,0.422,0.422,0.422,0.422,0.422,0.422,0.422,0.422,0.422,0.422,0.422
RGI60-19.02655,0.95,0.95,0.95,0.95,0.95,0.95,0.95,0.95,0.95,0.95,0.95,0.95,0.95,0.95,0.95,0.95,0.95,0.95,0.95,0.95,0.95,0.95,0.95,0.95,0.323,0.323,0.422,0.422,0.422,0.422,0.422,0.422,0.422,0.422,0.422,0.422,0.422,0.422,0.422,0.422,0.422,0.422,0.422,0.422,0.422,0.422,0.422,0.422,0.422,0.422
RGI60-19.02656,0.945,0.945,0.945,0.945,0.945,0.945,0.945,0.945,0.945,0.945,0.945,0.945,0.945,0.945,0.945,0.945,0.945,0.945,0.945,0.945,0.945,0.945,0.945,0.945,0.315,0.315,0.409,0.409,0.409,0.409,0.409,0.409,0.409,0.409,0.409,0.409,0.409,0.409,0.409,0.409,0.409,0.409,0.409,0.409,0.409,0.409,0.409,0.409,0.409,0.409
RGI60-19.02657,0.949,0.949,0.949,0.949,0.949,0.949,0.949,0.949,0.949,0.949,0.949,0.949,0.949,0.949,0.949,0.949,0.949,0.949,0.949,0.949,0.949,0.949,0.949,0.949,0.323,0.323,0.422,0.422,0.422,0.422,0.422,0.422,0.422,0.422,0.422,0.422,0.422,0.422,0.422,0.422,0.422,0.422,0.422,0.422,0.422,0.422,0.422,0.422,0.422,0.422
RGI60-19.02658,0.95,0.95,0.95,0.95,0.95,0.95,0.95,0.95,0.95,0.95,0.95,0.95,0.95,0.95,0.95,0.95,0.95,0.95,0.95,0.95,0.95,0.95,0.95,0.95,0.323,0.323,0.422,0.422,0.422,0.422,0.422,0.422,0.422,0.422,0.422,0.422,0.422,0.422,0.422,0.422,0.422,0.422,0.422,0.422,0.422,0.422,0.422,0.422,0.422,0.422
RGI60-19.02659,0.95,0.95,0.95,0.95,0.95,0.95,0.95,0.95,0.95,0.95,0.95,0.95,0.95,0.95,0.95,0.95,0.95,0.95,0.95,0.95,0.95,0.95,0.95,0.95,0.323,0.323,0.422,0.422,0.422,0.422,0.422,0.422,0.422,0.422,0.422,0.422,0.422,0.422,0.422,0.422,0.422,0.422,0.422,0.422,0.422,0.422,0.422,0.422,0.422,0.422
RGI60-19.02660,0.949,0.949,0.949,0.949,0.949,0.949,0.949,0.949,0.949,0.949,0.949,0.949,0.949,0.949,0.949,0.949,0.949,0.949,0.949,0.949,0.949,0.949,0.949,0.949,0.322,0.322,0.421,0.421,0.421,0.421,0.421,0.421,0.421,0.421,0.421,0.421,0.421,0.421,0.421,0.421,0.421,0.421,0.421,0.421,0.421,0.421,0.421,0.421,0.421,0.421
RGI60-19.02661,0.95,0.95,0.95,0.95,0.95,0.95,0.95,0.95,0.95,0.95,0.95,0.95,0.95,0.95,0.95,0.95,0.95,0.95,0.95,0.95,0.95,0.95,0.95,0.95,0.323,0.323,0.422,0.422,0.422,0.422,0.422,0.422,0.422,0.422,0.422,0.422,0.422,0.422,0.422,0.422,0.422,0.422,0.422,0.422,0.422,0.422,0.422,0.422,0.422,0.422
RGI60-19.02662,0.949,0.949,0.949,0.949,0.949,0.949,0.949,0.949,0.949,0.949,0.949,0.949,0.949,0.949,0.949,0.949,0.949,0.949,0.949,0.949,0.949,0.949,0.949,0.949,0.322,0.322,0.422,0.422,0.422,0.422,0.422,0.422,0.422,0.422,0.422,0.422,0.422,0.422,0.422,0.422,0.422,0.422,0.422,0.422,0.422,0.422,0.422,0.422,0.422,0.422
RGI60-19.02663,0.95,0.95,0.95,0.95,0.95,0.95,0.95,0.95,0.95,0.95,0.95,0.95,0.95,0.95,0.95,0.95,0.95,0.95,0.95,0.95,0.95,0.95,0.95,0.95,0.323,0.323,0.422,0.422,0.422,0.422,0.422,0.422,0.422,0.422,0.422,0.422,0.422,0.422,0.422,0.422,0.422,0.422,0.422,0.422,0.422,0.422,0.422,0.422,0.422,0.422
RGI60-19.02664,0.949,0.949,0.949,0.949,0.949,0.949,0.949,0.949,0.949,0.949,0.949,0.949,0.949,0.949,0.949,0.949,0.949,0.949,0.949,0.949,0.949,0.949,0.949,0.949,0.322,0.322,0.422,0.422,0.422,0.422,0.422,0.422,0.422,0.422,0.422,0.422,0.422,0.422,0.422,0.422,0.422,0.422,0.422,0.422,0.422,0.422,0.422,0.422,0.422,0.422
RGI60-19.02665,0.949,0.949,0.949,0.949,0.949,0.949,0.949,0.949,0.949,0.949,0.949,0.949,0.949,0.949,0.949,0.949,0.949,0.949,0.949,0.949,0.949,0.949,0.949,0.949,0.322,0.322,0.421,0.421,0.421,0.421,0.421,0.421,0.421,0.421,0.421,0.421,0.421,0.421,0.421,0.421,0.421,0.421,0.421,0.421,0.421,0.421,0.421,0.421,0.421,0.421
RGI60-19.02666,0.949,0.949,0.949,0.949,0.949,0.949,0.949,0.949,0.949,0.949,0.949,0.949,0.949,0.949,0.949,0.949,0.949,0.949,0.949,0.949,0.949,0.949,0.949,0.949,0.322,0.322,0.422,0.422,0.422,0.422,0.422,0.422,0.422,0.422,0.422,0.422,0.422,0.422,0.422,0.422,0.422,0.422,0.422,0.422,0.422,0.422,0.422,0.422,0.422,0.422
RGI60-19.02667,0.95,0.95,0.95,0.95,0.95,0.95,0.95,0.95,0.95,0.95,0.95,0.95,0.95,0.95,0.95,0.95,0.95,0.95,0.95,0.95,0.95,0.95,0.95,0.95,0.323,0.323,0.422,0.422,0.422,0.422,0.422,0.422,0.422,0.422,0.422,0.422,0.422,0.422,0.422,0.422,0.422,0.422,0.422,0.422,0.422,0.422,0.422,0.422,0.422,0.422
RGI60-19.02668,0.949,0.949,0.949,0.949,0.949,0.949,0.949,0.949,0.949,0.949,0.949,0.949,0.949,0.949,0.949,0.949,0.949,0.949,0.949,0.949,0.949,0.949,0.949,0.949,0.323,0.323,0.422,0.422,0.422,0.422,0.422,0.422,0.422,0.422,0.422,0.422,0.422,0.422,0.422,0.422,0.422,0.422,0.422,0.422,0.422,0.422,0.422,0.422,0.422,0.422
RGI60-19.02669,0.949,0.949,0.949,0.949,0.949,0.949,0.949,0.949,0.949,0.949,0.949,0.949,0.949,0.949,0.949,0.949,0.949,0.949,0.949,0.949,0.949,0.949,0.949,0.949,0.323,0.323,0.422,0.422,0.422,0.422,0.422,0.422,0.422,0.422,0.422,0.422,0.422,0.422,0.422,0.422,0.422,0.422,0.422,0.422,0.422,0.422,0.422,0.422,0.422,0.422
RGI60-19.02670,0.95,0.95,0.95,0.95,0.95,0.95,0.95,0.95,0.95,0.95,0.95,0.95,0.95,0.95,0.95,0.95,0.95,0.95,0.95,0.95,0.95,0.95,0.95,0.95,0.323,0.323,0.422,0.422,0.422,0.422,0.422,0.422,0.422,0.422,0.422,0.422,0.422,0.422,0.422,0.422,0.422,0.422,0.422,0.422,0.422,0.422,0.422,0.422,0.422,0.422
RGI60-19.02671,0.95,0.95,0.95,0.95,0.95,0.95,0.95,0.95,0.95,0.95,0.95,0.95,0.95,0.95,0.95,0.95,0.95,0.95,0.95,0.95,0.95,0.95,0.95,0.95,0.323,0.323,0.422,0.422,0.422,0.422,0.422,0.422,0.422,0.422,0.422,0.422,0.422,0.422,0.422,0.422,0.422,0.422,0.422,0.422,0.422,0.422,0.422,0.422,0.422,0.422
RGI60-19.02672,0.95,0.95,0.95,0.95,0.95,0.95,0.95,0.95,0.95,0.95,0.95,0.95,0.95,0.95,0.95,0.95,0.95,0.95,0.95,0.95,0.95,0.95,0.95,0.95,0.323,0.323,0.422,0.422,0.422,0.422,0.422,0.422,0.422,0.422,0.422,0.422,0.422,0.422,0.422,0.422,0.422,0.422,0.422,0.422,0.422,0.422,0.422,0.422,0.422,0.422
RGI60-19.02673,0.95,0.95,0.95,0.95,0.95,0.95,0.95,0.95,0.95,0.95,0.95,0.95,0.95,0.95,0.95,0.95,0.95,0.95,0.95,0.95,0.95,0.95,0.95,0.95,0.323,0.323,0.422,0.422,0.422,0.422,0.422,0.422,0.422,0.422,0.422,0.422,0.422,0.422,0.422,0.422,0.422,0.422,0.422,0.422,0.422,0.422,0.422,0.422,0.422,0.422
RGI60-19.02674,0.95,0.95,0.95,0.95,0.95,0.95,0.95,0.95,0.95,0.95,0.95,0.95,0.95,0.95,0.95,0.95,0.95,0.95,0.95,0.95,0.95,0.95,0.95,0.95,0.323,0.323,0.422,0.422,0.422,0.422,0.422,0.422,0.422,0.422,0.422,0.422,0.422,0.422,0.422,0.422,0.422,0.422,0.422,0.422,0.422,0.422,0.422,0.422,0.422,0.422
RGI60-19.02675,0.949,0.949,0.949,0.949,0.949,0.949,0.949,0.949,0.949,0.949,0.949,0.949,0.949,0.949,0.949,0.949,0.949,0.949,0.949,0.949,0.949,0.949,0.949,0.949,0.323,0.323,0.422,0.422,0.422,0.422,0.422,0.422,0.422,0.422,0.422,0.422,0.422,0.422,0.422,0.422,0.422,0.422,0.422,0.422,0.422,0.422,0.422,0.422,0.422,0.422
RGI60-19.02676,0.949,0.949,0.949,0.949,0.949,0.949,0.949,0.949,0.949,0.949,0.949,0.949,0.949,0.949,0.949,0.949,0.949,0.949,0.949,0.949,0.949,0.949,0.949,0.949,0.322,0.322,0.422,0.422,0.422,0.422,0.422,0.422,0.422,0.422,0.422,0.422,0.422,0.422,0.422,0.422,0.422,0.422,0.422,0.422,0.422,0.422,0.422,0.422,0.422,0.422
RGI60-19.02677,0.949,0.949,0.949,0.949,0.949,0.949,0.949,0.949,0.949,0.949,0.949,0.949,0.949,0.949,0.949,0.949,0.949,0.949,0.949,0.949,0.949,0.949,0.949,0.949,0.322,0.322,0.421,0.421,0.421,0.421,0.421,0.421,0.421,0.421,0.421,0.421,0.421,0.421,0.421,0.421,0.421,0.421,0.421,0.421,0.421,0.421,0.421,0.421,0.421,0.421
RGI60-19.02678,0.949,0.949,0.949,0.949,0.949,0.949,0.949,0.949,0.949,0.949,0.949,0.949,0.949,0.949,0.949,0.949,0.949,0.949,0.949,0.949,0.949,0.949,0.949,0.949,0.322,0.322,0.422,0.422,0.422,0.422,0.422,0.422,0.422,0.422,0.422,0.422,0.422,0.422,0.422,0.422,0.422,0.422,0.422,0.422,0.422,0.422,0.422,0.422,0.422,0.422
RGI60-19.02679,0.949,0.949,0.949,0.949,0.949,0.949,0.949,0.949,0.949,0.949,0.949,0.949,0.949,0.949,0.949,0.949,0.949,0.949,0.949,0.949,0.949,0.949,0.949,0.949,0.322,0.322,0.422,0.422,0.422,0.422,0.422,0.422,0.422,0.422,0.422,0.422,0.422,0.422,0.422,0.422,0.422,0.422,0.422,0.422,0.422,0.422,0.422,0.422,0.422,0.422
RGI60-19.02680,0.949,0.949,0.949,0.949,0.949,0.949,0.949,0.949,0.949,0.949,0.949,0.949,0.949,0.949,0.949,0.949,0.949,0.949,0.949,0.949,0.949,0.949,0.949,0.949,0.322,0.322,0.422,0.422,0.422,0.422,0.422,0.422,0.422,0.422,0.422,0.422,0.422,0.422,0.422,0.422,0.422,0.422,0.422,0.422,0.422,0.422,0.422,0.422,0.422,0.422
RGI60-19.02681,0.949,0.949,0.949,0.949,0.949,0.949,0.949,0.949,0.949,0.949,0.949,0.949,0.949,0.949,0.949,0.949,0.949,0.949,0.949,0.949,0.949,0.949,0.949,0.949,0.322,0.322,0.422,0.422,0.422,0.422,0.422,0.422,0.422,0.422,0.422,0.422,0.422,0.422,0.422,0.422,0.422,0.422,0.422,0.422,0.422,0.422,0.422,0.422,0.422,0.422
RGI60-19.02682,0.949,0.949,0.949,0.949,0.949,0.949,0.949,0.949,0.949,0.949,0.949,0.949,0.949,0.949,0.949,0.949,0.949,0.949,0.949,0.949,0.949,0.949,0.949,0.949,0.322,0.322,0.422,0.422,0.422,0.422,0.422,0.422,0.422,0.422,0.422,0.422,0.422,0.422,0.422,0.422,0.422,0.422,0.422,0.422,0.422,0.422,0.422,0.422,0.422,0.422
RGI60-19.02683,0.949,0.949,0.949,0.949,0.949,0.949,0.949,0.949,0.949,0.949,0.949,0.949,0.949,0.949,0.949,0.949,0.949,0.949,0.949,0.949,0.949,0.949,0.949,0.949,0.323,0.323,0.422,0.422,0.422,0.422,0.422,0.422,0.422,0.422,0.422,0.422,0.422,0.422,0.422,0.422,0.422,0.422,0.422,0.422,0.422,0.422,0.422,0.422,0.422,0.422
RGI60-19.02684,0.949,0.949,0.949,0.949,0.949,0.949,0.949,0.949,0.949,0.949,0.949,0.949,0.949,0.949,0.949,0.949,0.949,0.949,0.949,0.949,0.949,0.949,0.949,0.949,0.322,0.322,0.421,0.421,0.421,0.421,0.421,0.421,0.421,0.421,0.421,0.421,0.421,0.421,0.421,0.421,0.421,0.421,0.421,0.421,0.421,0.421,0.421,0.421,0.421,0.421
RGI60-19.02685,0.95,0.95,0.95,0.95,0.95,0.95,0.95,0.95,0.95,0.95,0.95,0.95,0.95,0.95,0.95,0.95,0.95,0.95,0.95,0.95,0.95,0.95,0.95,0.95,0.323,0.323,0.422,0.422,0.422,0.422,0.422,0.422,0.422,0.422,0.422,0.422,0.422,0.422,0.422,0.422,0.422,0.422,0.422,0.422,0.422,0.422,0.422,0.422,0.422,0.422
RGI60-19.02686,0.95,0.95,0.95,0.95,0.95,0.95,0.95,0.95,0.95,0.95,0.95,0.95,0.95,0.95,0.95,0.95,0.95,0.95,0.95,0.95,0.95,0.95,0.95,0.95,0.323,0.323,0.422,0.422,0.422,0.422,0.422,0.422,0.422,0.422,0.422,0.422,0.422,0.422,0.422,0.422,0.422,0.422,0.422,0.422,0.422,0.422,0.422,0.422,0.422,0.422
RGI60-19.02687,0.95,0.95,0.95,0.95,0.95,0.95,0.95,0.95,0.95,0.95,0.95,0.95,0.95,0.95,0.95,0.95,0.95,0.95,0.95,0.95,0.95,0.95,0.95,0.95,0.323,0.323,0.422,0.422,0.422,0.422,0.422,0.422,0.422,0.422,0.422,0.422,0.422,0.422,0.422,0.422,0.422,0.422,0.422,0.422,0.422,0.422,0.422,0.422,0.422,0.422
RGI60-19.02688,0.95,0.95,0.95,0.95,0.95,0.95,0.95,0.95,0.95,0.95,0.95,0.95,0.95,0.95,0.95,0.95,0.95,0.95,0.95,0.95,0.95,0.95,0.95,0.95,0.323,0.323,0.422,0.422,0.422,0.422,0.422,0.422,0.422,0.422,0.422,0.422,0.422,0.422,0.422,0.422,0.422,0.422,0.422,0.422,0.422,0.422,0.422,0.422,0.422,0.422
RGI60-19.02689,0.949,0.949,0.949,0.949,0.949,0.949,0.949,0.949,0.949,0.949,0.949,0.949,0.949,0.949,0.949,0.949,0.949,0.949,0.949,0.949,0.949,0.949,0.949,0.949,0.322,0.322,0.421,0.421,0.421,0.421,0.421,0.421,0.421,0.421,0.421,0.421,0.421,0.421,0.421,0.421,0.421,0.421,0.421,0.421,0.421,0.421,0.421,0.421,0.421,0.421
RGI60-19.02690,0.949,0.949,0.949,0.949,0.949,0.949,0.949,0.949,0.949,0.949,0.949,0.949,0.949,0.949,0.949,0.949,0.949,0.949,0.949,0.949,0.949,0.949,0.949,0.949,0.322,0.322,0.421,0.421,0.421,0.421,0.421,0.421,0.421,0.421,0.421,0.421,0.421,0.421,0.421,0.421,0.421,0.421,0.421,0.421,0.421,0.421,0.421,0.421,0.421,0.421
RGI60-19.02691,0.949,0.949,0.949,0.949,0.949,0.949,0.949,0.949,0.949,0.949,0.949,0.949,0.949,0.949,0.949,0.949,0.949,0.949,0.949,0.949,0.949,0.949,0.949,0.949,0.323,0.323,0.422,0.422,0.422,0.422,0.422,0.422,0.422,0.422,0.422,0.422,0.422,0.422,0.422,0.422,0.422,0.422,0.422,0.422,0.422,0.422,0.422,0.422,0.422,0.422
RGI60-19.02692,0.949,0.949,0.949,0.949,0.949,0.949,0.949,0.949,0.949,0.949,0.949,0.949,0.949,0.949,0.949,0.949,0.949,0.949,0.949,0.949,0.949,0.949,0.949,0.949,0.322,0.322,0.421,0.421,0.421,0.421,0.421,0.421,0.421,0.421,0.421,0.421,0.421,0.421,0.421,0.421,0.421,0.421,0.421,0.421,0.421,0.421,0.421,0.421,0.421,0.421
RGI60-19.02693,0.949,0.949,0.949,0.949,0.949,0.949,0.949,0.949,0.949,0.949,0.949,0.949,0.949,0.949,0.949,0.949,0.949,0.949,0.949,0.949,0.949,0.949,0.949,0.949,0.322,0.322,0.421,0.421,0.421,0.421,0.421,0.421,0.421,0.421,0.421,0.421,0.421,0.421,0.421,0.421,0.421,0.421,0.421,0.421,0.421,0.421,0.421,0.421,0.421,0.421
RGI60-19.02694,0.949,0.949,0.949,0.949,0.949,0.949,0.949,0.949,0.949,0.949,0.949,0.949,0.949,0.949,0.949,0.949,0.949,0.949,0.949,0.949,0.949,0.949,0.949,0.949,0.323,0.323,0.422,0.422,0.422,0.422,0.422,0.422,0.422,0.422,0.422,0.422,0.422,0.422,0.422,0.422,0.422,0.422,0.422,0.422,0.422,0.422,0.422,0.422,0.422,0.422
RGI60-19.02695,0.949,0.949,0.949,0.949,0.949,0.949,0.949,0.949,0.949,0.949,0.949,0.949,0.949,0.949,0.949,0.949,0.949,0.949,0.949,0.949,0.949,0.949,0.949,0.949,0.322,0.322,0.421,0.421,0.421,0.421,0.421,0.421,0.421,0.421,0.421,0.421,0.421,0.421,0.421,0.421,0.421,0.421,0.421,0.421,0.421,0.421,0.421,0.421,0.421,0.421
RGI60-19.02696,0.949,0.949,0.949,0.949,0.949,0.949,0.949,0.949,0.949,0.949,0.949,0.949,0.949,0.949,0.949,0.949,0.949,0.949,0.949,0.949,0.949,0.949,0.949,0.949,0.322,0.322,0.421,0.421,0.421,0.421,0.421,0.421,0.421,0.421,0.421,0.421,0.421,0.421,0.421,0.421,0.421,0.421,0.421,0.421,0.421,0.421,0.421,0.421,0.421,0.421
RGI60-19.02697,0.949,0.949,0.949,0.949,0.949,0.949,0.949,0.949,0.949,0.949,0.949,0.949,0.949,0.949,0.949,0.949,0.949,0.949,0.949,0.949,0.949,0.949,0.949,0.949,0.322,0.322,0.421,0.421,0.421,0.421,0.421,0.421,0.421,0.421,0.421,0.421,0.421,0.421,0.421,0.421,0.421,0.421,0.421,0.421,0.421,0.421,0.421,0.421,0.421,0.421
RGI60-19.02698,0.949,0.949,0.949,0.949,0.949,0.949,0.949,0.949,0.949,0.949,0.949,0.949,0.949,0.949,0.949,0.949,0.949,0.949,0.949,0.949,0.949,0.949,0.949,0.949,0.322,0.322,0.421,0.421,0.421,0.421,0.421,0.421,0.421,0.421,0.421,0.421,0.421,0.421,0.421,0.421,0.421,0.421,0.421,0.421,0.421,0.421,0.421,0.421,0.421,0.421
RGI60-19.02699,0.949,0.949,0.949,0.949,0.949,0.949,0.949,0.949,0.949,0.949,0.949,0.949,0.949,0.949,0.949,0.949,0.949,0.949,0.949,0.949,0.949,0.949,0.949,0.949,0.323,0.323,0.422,0.422,0.422,0.422,0.422,0.422,0.422,0.422,0.422,0.422,0.422,0.422,0.422,0.422,0.422,0.422,0.422,0.422,0.422,0.422,0.422,0.422,0.422,0.422
RGI60-19.02700,0.949,0.949,0.949,0.949,0.949,0.949,0.949,0.949,0.949,0.949,0.949,0.949,0.949,0.949,0.949,0.949,0.949,0.949,0.949,0.949,0.949,0.949,0.949,0.949,0.323,0.323,0.422,0.422,0.422,0.422,0.422,0.422,0.422,0.422,0.422,0.422,0.422,0.422,0.422,0.422,0.422,0.422,0.422,0.422,0.422,0.422,0.422,0.422,0.422,0.422
RGI60-19.02701,0.949,0.949,0.949,0.949,0.949,0.949,0.949,0.949,0.949,0.949,0.949,0.949,0.949,0.949,0.949,0.949,0.949,0.949,0.949,0.949,0.949,0.949,0.949,0.949,0.322,0.322,0.421,0.421,0.421,0.421,0.421,0.421,0.421,0.421,0.421,0.421,0.421,0.421,0.421,0.421,0.421,0.421,0.421,0.421,0.421,0.421,0.421,0.421,0.421,0.421
RGI60-19.02702,0.949,0.949,0.949,0.949,0.949,0.949,0.949,0.949,0.949,0.949,0.949,0.949,0.949,0.949,0.949,0.949,0.949,0.949,0.949,0.949,0.949,0.949,0.949,0.949,0.322,0.322,0.421,0.421,0.421,0.421,0.421,0.421,0.421,0.421,0.421,0.421,0.421,0.421,0.421,0.421,0.421,0.421,0.421,0.421,0.421,0.421,0.421,0.421,0.421,0.421
RGI60-19.02703,0.949,0.949,0.949,0.949,0.949,0.949,0.949,0.949,0.949,0.949,0.949,0.949,0.949,0.949,0.949,0.949,0.949,0.949,0.949,0.949,0.949,0.949,0.949,0.949,0.322,0.322,0.421,0.421,0.421,0.421,0.421,0.421,0.421,0.421,0.421,0.421,0.421,0.421,0.421,0.421,0.421,0.421,0.421,0.421,0.421,0.421,0.421,0.421,0.421,0.421
RGI60-19.02704,0.949,0.949,0.949,0.949,0.949,0.949,0.949,0.949,0.949,0.949,0.949,0.949,0.949,0.949,0.949,0.949,0.949,0.949,0.949,0.949,0.949,0.949,0.949,0.949,0.322,0.322,0.421,0.421,0.421,0.421,0.421,0.421,0.421,0.421,0.421,0.421,0.421,0.421,0.421,0.421,0.421,0.421,0.421,0.421,0.421,0.421,0.421,0.421,0.421,0.421
RGI60-19.02705,0.949,0.949,0.949,0.949,0.949,0.949,0.949,0.949,0.949,0.949,0.949,0.949,0.949,0.949,0.949,0.949,0.949,0.949,0.949,0.949,0.949,0.949,0.949,0.949,0.322,0.322,0.421,0.421,0.421,0.421,0.421,0.421,0.421,0.421,0.421,0.421,0.421,0.421,0.421,0.421,0.421,0.421,0.421,0.421,0.421,0.421,0.421,0.421,0.421,0.421
RGI60-19.02706,0.949,0.949,0.949,0.949,0.949,0.949,0.949,0.949,0.949,0.949,0.949,0.949,0.949,0.949,0.949,0.949,0.949,0.949,0.949,0.949,0.949,0.949,0.949,0.949,0.323,0.323,0.422,0.422,0.422,0.422,0.422,0.422,0.422,0.422,0.422,0.422,0.422,0.422,0.422,0.422,0.422,0.422,0.422,0.422,0.422,0.422,0.422,0.422,0.422,0.422
RGI60-19.02707,0.945,0.945,0.945,0.945,0.945,0.945,0.945,0.945,0.945,0.945,0.945,0.945,0.945,0.945,0.945,0.945,0.945,0.945,0.945,0.945,0.945,0.945,0.945,0.945,0.315,0.315,0.409,0.409,0.409,0.409,0.409,0.409,0.409,0.409,0.409,0.409,0.409,0.409,0.409,0.409,0.409,0.409,0.409,0.409,0.409,0.409,0.409,0.409,0.409,0.409
RGI60-19.02708,0.945,0.945,0.945,0.945,0.945,0.945,0.945,0.945,0.945,0.945,0.945,0.945,0.945,0.945,0.945,0.945,0.945,0.945,0.945,0.945,0.945,0.945,0.945,0.945,0.315,0.315,0.409,0.409,0.409,0.409,0.409,0.409,0.409,0.409,0.409,0.409,0.409,0.409,0.409,0.409,0.409,0.409,0.409,0.409,0.409,0.409,0.409,0.409,0.409,0.409
RGI60-19.02709,0.945,0.945,0.945,0.945,0.945,0.945,0.945,0.945,0.945,0.945,0.945,0.945,0.945,0.945,0.945,0.945,0.945,0.945,0.945,0.945,0.945,0.945,0.945,0.945,0.315,0.315,0.409,0.409,0.409,0.409,0.409,0.409,0.409,0.409,0.409,0.409,0.409,0.409,0.409,0.409,0.409,0.409,0.409,0.409,0.409,0.409,0.409,0.409,0.409,0.409
RGI60-19.02710,0.949,0.949,0.949,0.949,0.949,0.949,0.949,0.949,0.949,0.949,0.949,0.949,0.949,0.949,0.949,0.949,0.949,0.949,0.949,0.949,0.949,0.949,0.949,0.949,0.323,0.323,0.422,0.422,0.422,0.422,0.422,0.422,0.422,0.422,0.422,0.422,0.422,0.422,0.422,0.422,0.422,0.422,0.422,0.422,0.422,0.422,0.422,0.422,0.422,0.422
RGI60-19.02711,0.949,0.949,0.949,0.949,0.949,0.949,0.949,0.949,0.949,0.949,0.949,0.949,0.949,0.949,0.949,0.949,0.949,0.949,0.949,0.949,0.949,0.949,0.949,0.949,0.323,0.323,0.422,0.422,0.422,0.422,0.422,0.422,0.422,0.422,0.422,0.422,0.422,0.422,0.422,0.422,0.422,0.422,0.422,0.422,0.422,0.422,0.422,0.422,0.422,0.422
RGI60-19.02712,0.949,0.949,0.949,0.949,0.949,0.949,0.949,0.949,0.949,0.949,0.949,0.949,0.949,0.949,0.949,0.949,0.949,0.949,0.949,0.949,0.949,0.949,0.949,0.949,0.323,0.323,0.422,0.422,0.422,0.422,0.422,0.422,0.422,0.422,0.422,0.422,0.422,0.422,0.422,0.422,0.422,0.422,0.422,0.422,0.422,0.422,0.422,0.422,0.422,0.422
RGI60-19.02713,0.949,0.949,0.949,0.949,0.949,0.949,0.949,0.949,0.949,0.949,0.949,0.949,0.949,0.949,0.949,0.949,0.949,0.949,0.949,0.949,0.949,0.949,0.949,0.949,0.323,0.323,0.422,0.422,0.422,0.422,0.422,0.422,0.422,0.422,0.422,0.422,0.422,0.422,0.422,0.422,0.422,0.422,0.422,0.422,0.422,0.422,0.422,0.422,0.422,0.422
RGI60-19.02714,0.949,0.949,0.949,0.949,0.949,0.949,0.949,0.949,0.949,0.949,0.949,0.949,0.949,0.949,0.949,0.949,0.949,0.949,0.949,0.949,0.949,0.949,0.949,0.949,0.323,0.323,0.422,0.422,0.422,0.422,0.422,0.422,0.422,0.422,0.422,0.422,0.422,0.422,0.422,0.422,0.422,0.422,0.422,0.422,0.422,0.422,0.422,0.422,0.422,0.422
RGI60-19.02715,0.945,0.945,0.945,0.945,0.945,0.945,0.945,0.945,0.945,0.945,0.945,0.945,0.945,0.945,0.945,0.945,0.945,0.945,0.945,0.945,0.945,0.945,0.945,0.945,0.315,0.315,0.409,0.409,0.409,0.409,0.409,0.409,0.409,0.409,0.409,0.409,0.409,0.409,0.409,0.409,0.409,0.409,0.409,0.409,0.409,0.409,0.409,0.409,0.409,0.409
RGI60-19.02716,0.949,0.949,0.949,0.949,0.949,0.949,0.949,0.949,0.949,0.949,0.949,0.949,0.949,0.949,0.949,0.949,0.949,0.949,0.949,0.949,0.949,0.949,0.949,0.949,0.323,0.323,0.422,0.422,0.422,0.422,0.422,0.422,0.422,0.422,0.422,0.422,0.422,0.422,0.422,0.422,0.422,0.422,0.422,0.422,0.422,0.422,0.422,0.422,0.422,0.422
RGI60-19.02717,0.949,0.949,0.949,0.949,0.949,0.949,0.949,0.949,0.949,0.949,0.949,0.949,0.949,0.949,0.949,0.949,0.949,0.949,0.949,0.949,0.949,0.949,0.949,0.949,0.323,0.323,0.422,0.422,0.422,0.422,0.422,0.422,0.422,0.422,0.422,0.422,0.422,0.422,0.422,0.422,0.422,0.422,0.422,0.422,0.422,0.422,0.422,0.422,0.422,0.422
RGI60-19.02718,0.949,0.949,0.949,0.949,0.949,0.949,0.949,0.949,0.949,0.949,0.949,0.949,0.949,0.949,0.949,0.949,0.949,0.949,0.949,0.949,0.949,0.949,0.949,0.949,0.323,0.323,0.422,0.422,0.422,0.422,0.422,0.422,0.422,0.422,0.422,0.422,0.422,0.422,0.422,0.422,0.422,0.422,0.422,0.422,0.422,0.422,0.422,0.422,0.422,0.422
RGI60-19.02719,0.949,0.949,0.949,0.949,0.949,0.949,0.949,0.949,0.949,0.949,0.949,0.949,0.949,0.949,0.949,0.949,0.949,0.949,0.949,0.949,0.949,0.949,0.949,0.949,0.322,0.322,0.422,0.422,0.422,0.422,0.422,0.422,0.422,0.422,0.422,0.422,0.422,0.422,0.422,0.422,0.422,0.422,0.422,0.422,0.422,0.422,0.422,0.422,0.422,0.422
RGI60-19.02720,0.949,0.949,0.949,0.949,0.949,0.949,0.949,0.949,0.949,0.949,0.949,0.949,0.949,0.949,0.949,0.949,0.949,0.949,0.949,0.949,0.949,0.949,0.949,0.949,0.322,0.322,0.422,0.422,0.422,0.422,0.422,0.422,0.422,0.422,0.422,0.422,0.422,0.422,0.422,0.422,0.422,0.422,0.422,0.422,0.422,0.422,0.422,0.422,0.422,0.422
RGI60-19.02721,0.949,0.949,0.949,0.949,0.949,0.949,0.949,0.949,0.949,0.949,0.949,0.949,0.949,0.949,0.949,0.949,0.949,0.949,0.949,0.949,0.949,0.949,0.949,0.949,0.322,0.322,0.422,0.422,0.422,0.422,0.422,0.422,0.422,0.422,0.422,0.422,0.422,0.422,0.422,0.422,0.422,0.422,0.422,0.422,0.422,0.422,0.422,0.422,0.422,0.422
RGI60-19.02722,0.949,0.949,0.949,0.949,0.949,0.949,0.949,0.949,0.949,0.949,0.949,0.949,0.949,0.949,0.949,0.949,0.949,0.949,0.949,0.949,0.949,0.949,0.949,0.949,0.322,0.322,0.422,0.422,0.422,0.422,0.422,0.422,0.422,0.422,0.422,0.422,0.422,0.422,0.422,0.422,0.422,0.422,0.422,0.422,0.422,0.422,0.422,0.422,0.422,0.422
RGI60-19.02723,0.949,0.949,0.949,0.949,0.949,0.949,0.949,0.949,0.949,0.949,0.949,0.949,0.949,0.949,0.949,0.949,0.949,0.949,0.949,0.949,0.949,0.949,0.949,0.949,0.322,0.322,0.422,0.422,0.422,0.422,0.422,0.422,0.422,0.422,0.422,0.422,0.422,0.422,0.422,0.422,0.422,0.422,0.422,0.422,0.422,0.422,0.422,0.422,0.422,0.422
RGI60-19.02724,0.945,0.945,0.945,0.945,0.945,0.945,0.945,0.945,0.945,0.945,0.945,0.945,0.945,0.945,0.945,0.945,0.945,0.945,0.945,0.945,0.945,0.945,0.945,0.945,0.315,0.315,0.409,0.409,0.409,0.409,0.409,0.409,0.409,0.409,0.409,0.409,0.409,0.409,0.409,0.409,0.409,0.409,0.409,0.409,0.409,0.409,0.409,0.409,0.409,0.409
RGI60-19.02725,0.949,0.949,0.949,0.949,0.949,0.949,0.949,0.949,0.949,0.949,0.949,0.949,0.949,0.949,0.949,0.949,0.949,0.949,0.949,0.949,0.949,0.949,0.949,0.949,0.322,0.322,0.421,0.421,0.421,0.421,0.421,0.421,0.421,0.421,0.421,0.421,0.421,0.421,0.421,0.421,0.421,0.421,0.421,0.421,0.421,0.421,0.421,0.421,0.421,0.421
RGI60-19.02726,0.949,0.949,0.949,0.949,0.949,0.949,0.949,0.949,0.949,0.949,0.949,0.949,0.949,0.949,0.949,0.949,0.949,0.949,0.949,0.949,0.949,0.949,0.949,0.949,0.322,0.322,0.421,0.421,0.421,0.421,0.421,0.421,0.421,0.421,0.421,0.421,0.421,0.421,0.421,0.421,0.421,0.421,0.421,0.421,0.421,0.421,0.421,0.421,0.421,0.421
RGI60-19.02727,0.949,0.949,0.949,0.949,0.949,0.949,0.949,0.949,0.949,0.949,0.949,0.949,0.949,0.949,0.949,0.949,0.949,0.949,0.949,0.949,0.949,0.949,0.949,0.949,0.322,0.322,0.421,0.421,0.421,0.421,0.421,0.421,0.421,0.421,0.421,0.421,0.421,0.421,0.421,0.421,0.421,0.421,0.421,0.421,0.421,0.421,0.421,0.421,0.421,0.421
RGI60-19.02728,0.949,0.949,0.949,0.949,0.949,0.949,0.949,0.949,0.949,0.949,0.949,0.949,0.949,0.949,0.949,0.949,0.949,0.949,0.949,0.949,0.949,0.949,0.949,0.949,0.322,0.322,0.421,0.421,0.421,0.421,0.421,0.421,0.421,0.421,0.421,0.421,0.421,0.421,0.421,0.421,0.421,0.421,0.421,0.421,0.421,0.421,0.421,0.421,0.421,0.421
RGI60-19.02729,0.949,0.949,0.949,0.949,0.949,0.949,0.949,0.949,0.949,0.949,0.949,0.949,0.949,0.949,0.949,0.949,0.949,0.949,0.949,0.949,0.949,0.949,0.949,0.949,0.322,0.322,0.421,0.421,0.421,0.421,0.421,0.421,0.421,0.421,0.421,0.421,0.421,0.421,0.421,0.421,0.421,0.421,0.421,0.421,0.421,0.421,0.421,0.421,0.421,0.421
RGI60-19.02730,0.949,0.949,0.949,0.949,0.949,0.949,0.949,0.949,0.949,0.949,0.949,0.949,0.949,0.949,0.949,0.949,0.949,0.949,0.949,0.949,0.949,0.949,0.949,0.949,0.322,0.322,0.421,0.421,0.421,0.421,0.421,0.421,0.421,0.421,0.421,0.421,0.421,0.421,0.421,0.421,0.421,0.421,0.421,0.421,0.421,0.421,0.421,0.421,0.421,0.421
RGI60-19.02731,0.949,0.949,0.949,0.949,0.949,0.949,0.949,0.949,0.949,0.949,0.949,0.949,0.949,0.949,0.949,0.949,0.949,0.949,0.949,0.949,0.949,0.949,0.949,0.949,0.322,0.322,0.421,0.421,0.421,0.421,0.421,0.421,0.421,0.421,0.421,0.421,0.421,0.421,0.421,0.421,0.421,0.421,0.421,0.421,0.421,0.421,0.421,0.421,0.421,0.421
RGI60-19.02732,0.949,0.949,0.949,0.949,0.949,0.949,0.949,0.949,0.949,0.949,0.949,0.949,0.949,0.949,0.949,0.949,0.949,0.949,0.949,0.949,0.949,0.949,0.949,0.949,0.322,0.322,0.421,0.421,0.421,0.421,0.421,0.421,0.421,0.421,0.421,0.421,0.421,0.421,0.421,0.421,0.421,0.421,0.421,0.421,0.421,0.421,0.421,0.421,0.421,0.421
RGI60-19.02733,0.949,0.949,0.949,0.949,0.949,0.949,0.949,0.949,0.949,0.949,0.949,0.949,0.949,0.949,0.949,0.949,0.949,0.949,0.949,0.949,0.949,0.949,0.949,0.949,0.322,0.322,0.421,0.421,0.421,0.421,0.421,0.421,0.421,0.421,0.421,0.421,0.421,0.421,0.421,0.421,0.421,0.421,0.421,0.421,0.421,0.421,0.421,0.421,0.421,0.421
RGI60-19.02734,0.945,0.945,0.945,0.945,0.945,0.945,0.945,0.945,0.945,0.945,0.945,0.945,0.945,0.945,0.945,0.945,0.945,0.945,0.945,0.945,0.945,0.945,0.945,0.945,0.315,0.315,0.409,0.409,0.409,0.409,0.409,0.409,0.409,0.409,0.409,0.409,0.409,0.409,0.409,0.409,0.409,0.409,0.409,0.409,0.409,0.409,0.409,0.409,0.409,0.409
RGI60-19.02735,0.945,0.945,0.945,0.945,0.945,0.945,0.945,0.945,0.945,0.945,0.945,0.945,0.945,0.945,0.945,0.945,0.945,0.945,0.945,0.945,0.945,0.945,0.945,0.945,0.315,0.315,0.409,0.409,0.409,0.409,0.409,0.409,0.409,0.409,0.409,0.409,0.409,0.409,0.409,0.409,0.409,0.409,0.409,0.409,0.409,0.409,0.409,0.409,0.409,0.409
RGI60-19.02736,0.949,0.949,0.949,0.949,0.949,0.949,0.949,0.949,0.949,0.949,0.949,0.949,0.949,0.949,0.949,0.949,0.949,0.949,0.949,0.949,0.949,0.949,0.949,0.949,0.322,0.322,0.421,0.421,0.421,0.421,0.421,0.421,0.421,0.421,0.421,0.421,0.421,0.421,0.421,0.421,0.421,0.421,0.421,0.421,0.421,0.421,0.421,0.421,0.421,0.421
RGI60-19.02737,0.949,0.949,0.949,0.949,0.949,0.949,0.949,0.949,0.949,0.949,0.949,0.949,0.949,0.949,0.949,0.949,0.949,0.949,0.949,0.949,0.949,0.949,0.949,0.949,0.322,0.322,0.422,0.422,0.422,0.422,0.422,0.422,0.422,0.422,0.422,0.422,0.422,0.422,0.422,0.422,0.422,0.422,0.422,0.422,0.422,0.422,0.422,0.422,0.422,0.422
RGI60-19.02738,0.945,0.945,0.945,0.945,0.945,0.945,0.945,0.945,0.945,0.945,0.945,0.945,0.945,0.945,0.945,0.945,0.945,0.945,0.945,0.945,0.945,0.945,0.945,0.945,0.315,0.315,0.409,0.409,0.409,0.409,0.409,0.409,0.409,0.409,0.409,0.409,0.409,0.409,0.409,0.409,0.409,0.409,0.409,0.409,0.409,0.409,0.409,0.409,0.409,0.409
RGI60-19.02739,0.945,0.945,0.945,0.945,0.945,0.945,0.945,0.945,0.945,0.945,0.945,0.945,0.945,0.945,0.945,0.945,0.945,0.945,0.945,0.945,0.945,0.945,0.945,0.945,0.315,0.315,0.409,0.409,0.409,0.409,0.409,0.409,0.409,0.409,0.409,0.409,0.409,0.409,0.409,0.409,0.409,0.409,0.409,0.409,0.409,0.409,0.409,0.409,0.409,0.409
RGI60-19.02740,0.945,0.945,0.945,0.945,0.945,0.945,0.945,0.945,0.945,0.945,0.945,0.945,0.945,0.945,0.945,0.945,0.945,0.945,0.945,0.945,0.945,0.945,0.945,0.945,0.315,0.315,0.409,0.409,0.409,0.409,0.409,0.409,0.409,0.409,0.409,0.409,0.409,0.409,0.409,0.409,0.409,0.409,0.409,0.409,0.409,0.409,0.409,0.409,0.409,0.409
RGI60-19.02741,0.945,0.945,0.945,0.945,0.945,0.945,0.945,0.945,0.945,0.945,0.945,0.945,0.945,0.945,0.945,0.945,0.945,0.945,0.945,0.945,0.945,0.945,0.945,0.945,0.315,0.315,0.409,0.409,0.409,0.409,0.409,0.409,0.409,0.409,0.409,0.409,0.409,0.409,0.409,0.409,0.409,0.409,0.409,0.409,0.409,0.409,0.409,0.409,0.409,0.409
RGI60-19.02742,0.949,0.949,0.949,0.949,0.949,0.949,0.949,0.949,0.949,0.949,0.949,0.949,0.949,0.949,0.949,0.949,0.949,0.949,0.949,0.949,0.949,0.949,0.949,0.949,0.322,0.322,0.421,0.421,0.421,0.421,0.421,0.421,0.421,0.421,0.421,0.421,0.421,0.421,0.421,0.421,0.421,0.421,0.421,0.421,0.421,0.421,0.421,0.421,0.421,0.421
RGI60-19.02743,0.949,0.949,0.949,0.949,0.949,0.949,0.949,0.949,0.949,0.949,0.949,0.949,0.949,0.949,0.949,0.949,0.949,0.949,0.949,0.949,0.949,0.949,0.949,0.949,0.322,0.322,0.421,0.421,0.421,0.421,0.421,0.421,0.421,0.421,0.421,0.421,0.421,0.421,0.421,0.421,0.421,0.421,0.421,0.421,0.421,0.421,0.421,0.421,0.421,0.421
RGI60-19.02744,0.949,0.949,0.949,0.949,0.949,0.949,0.949,0.949,0.949,0.949,0.949,0.949,0.949,0.949,0.949,0.949,0.949,0.949,0.949,0.949,0.949,0.949,0.949,0.949,0.323,0.323,0.422,0.422,0.422,0.422,0.422,0.422,0.422,0.422,0.422,0.422,0.422,0.422,0.422,0.422,0.422,0.422,0.422,0.422,0.422,0.422,0.422,0.422,0.422,0.422
RGI60-19.02745,0.949,0.949,0.949,0.949,0.949,0.949,0.949,0.949,0.949,0.949,0.949,0.949,0.949,0.949,0.949,0.949,0.949,0.949,0.949,0.949,0.949,0.949,0.949,0.949,0.322,0.322,0.422,0.422,0.422,0.422,0.422,0.422,0.422,0.422,0.422,0.422,0.422,0.422,0.422,0.422,0.422,0.422,0.422,0.422,0.422,0.422,0.422,0.422,0.422,0.422
RGI60-19.02746,0.949,0.949,0.949,0.949,0.949,0.949,0.949,0.949,0.949,0.949,0.949,0.949,0.949,0.949,0.949,0.949,0.949,0.949,0.949,0.949,0.949,0.949,0.949,0.949,0.322,0.322,0.422,0.422,0.422,0.422,0.422,0.422,0.422,0.422,0.422,0.422,0.422,0.422,0.422,0.422,0.422,0.422,0.422,0.422,0.422,0.422,0.422,0.422,0.422,0.422
RGI60-19.02747,0.949,0.949,0.949,0.949,0.949,0.949,0.949,0.949,0.949,0.949,0.949,0.949,0.949,0.949,0.949,0.949,0.949,0.949,0.949,0.949,0.949,0.949,0.949,0.949,0.322,0.322,0.422,0.422,0.422,0.422,0.422,0.422,0.422,0.422,0.422,0.422,0.422,0.422,0.422,0.422,0.422,0.422,0.422,0.422,0.422,0.422,0.422,0.422,0.422,0.422
RGI60-19.02748,0.945,0.945,0.945,0.945,0.945,0.945,0.945,0.945,0.945,0.945,0.945,0.945,0.945,0.945,0.945,0.945,0.945,0.945,0.945,0.945,0.945,0.945,0.945,0.945,0.315,0.315,0.409,0.409,0.409,0.409,0.409,0.409,0.409,0.409,0.409,0.409,0.409,0.409,0.409,0.409,0.409,0.409,0.409,0.409,0.409,0.409,0.409,0.409,0.409,0.409
RGI60-19.02749,0.949,0.949,0.949,0.949,0.949,0.949,0.949,0.949,0.949,0.949,0.949,0.949,0.949,0.949,0.949,0.949,0.949,0.949,0.949,0.949,0.949,0.949,0.949,0.949,0.322,0.322,0.421,0.421,0.421,0.421,0.421,0.421,0.421,0.421,0.421,0.421,0.421,0.421,0.421,0.421,0.421,0.421,0.421,0.421,0.421,0.421,0.421,0.421,0.421,0.421
RGI60-19.02750,0.949,0.949,0.949,0.949,0.949,0.949,0.949,0.949,0.949,0.949,0.949,0.949,0.949,0.949,0.949,0.949,0.949,0.949,0.949,0.949,0.949,0.949,0.949,0.949,0.322,0.322,0.421,0.421,0.421,0.421,0.421,0.421,0.421,0.421,0.421,0.421,0.421,0.421,0.421,0.421,0.421,0.421,0.421,0.421,0.421,0.421,0.421,0.421,0.421,0.421
RGI60-19.02751,0.948,0.948,0.948,0.948,0.948,0.948,0.948,0.948,0.948,0.948,0.948,0.948,0.948,0.948,0.948,0.948,0.948,0.948,0.948,0.948,0.948,0.948,0.948,0.948,0.322,0.322,0.418,0.418,0.418,0.418,0.418,0.418,0.418,0.418,0.418,0.418,0.418,0.418,0.418,0.418,0.418,0.418,0.418,0.418,0.418,0.418,0.418,0.418,0.418,0.418
RGI60-19.02752,0.978,0.978,0.978,0.978,0.978,0.978,0.978,0.978,0.978,0.978,0.978,0.978,0.978,0.978,0.978,0.978,0.978,0.978,0.978,0.978,0.978,0.978,0.978,0.978,0.364,0.364,0.483,0.483,0.483,0.483,0.483,0.483,0.483,0.483,0.483,0.483,0.483,0.483,0.483,0.483,0.483,0.483,0.483,0.483,0.483,0.483,0.483,0.483,0.483,0.483
